(
(0	0)
(1	1.22081358369363E-005)
(2	1.81087346587379E-005)
(3	0.000023894)
(4	2.74217095093292E-005)
(5	3.35021605287847E-005)
(6	4.10917042982832E-005)
(7	5.22173626266854E-005)
(8	6.45748953363358E-005)
(9	7.5434380901063E-005)
(10	8.27076839735716E-005)
(11	8.47658940650491E-005)
(12	0.000084779)
(13	8.21632602169756E-005)
(14	8.15272941542217E-005)
(15	8.17209379660099E-005)
(16	8.06000516583038E-005)
(17	8.06476419466627E-005)
(18	8.04685483069812E-005)
(19	7.68125961110954E-005)
(20	7.39923640031797E-005)
(21	7.64345221572076E-005)
(22	7.37104918459642E-005)
(23	7.32753522289656E-005)
(24	7.64151702969847E-005)
(25	7.81183534680467E-005)
(26	0.000077578)
(27	8.33137901772272E-005)
(28	8.71897357749239E-005)
(29	8.88066704356831E-005)
(30	8.98465366322255E-005)
(31	9.08008882330547E-005)
(32	8.80661309244355E-005)
(33	8.53352621872619E-005)
(34	8.2433938869378E-005)
(35	8.11804710877204E-005)
(36	8.05717222331529E-005)
(37	8.33085219816699E-005)
(38	8.57815498105705E-005)
(39	8.87900636275596E-005)
(40	9.20249285687246E-005)
(41	9.47023386109631E-005)
(42	9.3760207436984E-005)
(43	9.5419299184584E-005)
(44	9.6569521941269E-005)
(45	9.9084917361478E-005)
(46	0.0001003587)
(47	0.0001022422)
(48	0.0001033314)
(49	0.0001063639)
(50	0.000103786)
(51	0.0001056524)
(52	0.0001100237)
(53	0.0001098987)
(54	0.0001112299)
(55	0.0001160916)
(56	0.0001158455)
(57	0.0001131978)
(58	0.0001148024)
(59	0.0001135154)
(60	0.0001138544)
(61	0.0001159742)
(62	0.0001189569)
(63	0.0001199423)
(64	0.0001254507)
(65	0.0001257405)
(66	0.0001313668)
(67	0.0001353601)
(68	0.0001449776)
(69	0.0001424989)
(70	0.0001480724)
(71	0.0001444297)
(72	0.0001443278)
(73	0.0001372439)
(74	0.0001404368)
(75	0.0001387494)
(76	0.0001424821)
(77	0.0001453524)
(78	0.0001490528)
(79	0.0001494618)
(80	0.0001486867)
(81	0.0001456778)
(82	0.0001390928)
(83	0.0001333864)
(84	0.0001303595)
(85	0.0001302776)
(86	0.0001323398)
(87	0.0001358657)
(88	0.0001418514)
(89	0.0001448155)
(90	0.0001434286)
(91	0.0001419949)
(92	0.000140693)
(93	0.0001413433)
(94	0.0001414759)
(95	0.000144927)
(96	0.0001441114)
(97	0.000148419)
(98	0.0001428085)
(99	0.0001416096)
(100	0.0001384349)
(101	0.0001407804)
(102	0.000136965)
(103	0.0001412806)
(104	0.0001415858)
(105	0.0001447637)
(106	0.0001426971)
(107	0.0001431685)
(108	0.0001407705)
(109	0.0001412396)
(110	0.000142675)
(111	0.0001454283)
(112	0.0001468299)
(113	0.000149071)
(114	0.0001502059)
(115	0.000146138)
(116	0.0001455244)
(117	0.0001440899)
(118	0.0001446215)
(119	0.0001429687)
(120	0.0001438286)
(121	0.0001423807)
(122	0.0001422089)
(123	0.0001386987)
(124	0.0001393492)
(125	0.0001386575)
(126	0.000140166)
(127	0.0001410642)
(128	0.0001426712)
(129	0.0001389937)
(130	0.0001405808)
(131	0.0001372597)
(132	0.0001365893)
(133	0.0001386257)
(134	0.0001421038)
(135	0.0001419865)
(136	0.0001447978)
(137	0.0001454544)
(138	0.0001424408)
(139	0.0001419493)
(140	0.0001403295)
(141	0.0001393306)
(142	0.0001364828)
(143	0.000139013)
(144	0.0001369687)
(145	0.0001366527)
(146	0.0001358744)
(147	0.0001393946)
(148	0.000136857)
(149	0.0001435508)
(150	0.0001461356)
(151	0.0001491015)
(152	0.0001483008)
(153	0.0001493014)
(154	0.0001429834)
(155	0.0001403653)
(156	0.0001368169)
(157	0.0001344864)
(158	0.0001305909)
(159	0.000131101)
(160	0.0001312887)
(161	0.0001322378)
(162	0.0001320417)
(163	0.0001371968)
(164	0.0001395303)
(165	0.0001409838)
(166	0.0001456885)
(167	0.0001538315)
(168	0.0001580727)
(169	0.0001604529)
(170	0.0001652172)
(171	0.0001652686)
(172	0.0001613114)
(173	0.0001618552)
(174	0.0001608894)
(175	0.0001605361)
(176	0.0001576069)
(177	0.0001613909)
(178	0.0001578075)
(179	0.0001591451)
(180	0.0001581907)
(181	0.0001624319)
(182	0.0001599787)
(183	0.0001631903)
(184	0.000163583)
(185	0.0001632707)
(186	0.0001642377)
(187	0.000166109)
(188	0.0001646625)
(189	0.000163824)
(190	0.0001622714)
(191	0.0001574911)
(192	0.0001547676)
(193	0.0001523144)
(194	0.0001510729)
(195	0.0001519272)
(196	0.0001499995)
(197	0.0001511243)
(198	0.0001505697)
(199	0.0001532795)
(200	0.0001542885)
(201	0.0001609797)
(202	0.0001585952)
(203	0.0001626543)
(204	0.0001588644)
(205	0.000160119)
(206	0.0001587148)
(207	0.0001604918)
(208	0.0001590424)
(209	0.0001606765)
(210	0.0001565987)
(211	0.000153613)
(212	0.0001541347)
(213	0.0001516414)
(214	0.0001515937)
(215	0.0001534052)
(216	0.0001533875)
(217	0.0001510145)
(218	0.000150096)
(219	0.0001472756)
(220	0.0001443829)
(221	0.000141524)
(222	0.0001384546)
(223	0.0001370212)
(224	0.0001372648)
(225	0.0001373614)
(226	0.0001396501)
(227	0.0001433212)
(228	0.0001444394)
(229	0.0001452396)
(230	0.0001466616)
(231	0.0001445941)
(232	0.0001407169)
(233	0.0001397625)
(234	0.0001381647)
(235	0.0001345628)
(236	0.0001339515)
(237	0.000136483)
(238	0.0001371428)
(239	0.0001347223)
(240	0.0001369733)
(241	0.0001369796)
(242	0.0001358366)
(243	0.0001341664)
(244	0.0001363715)
(245	0.0001338644)
(246	0.0001304401)
(247	0.0001257294)
(248	0.0001223132)
(249	0.0001156313)
(250	0.0001114844)
(251	0.0001110701)
(252	0.0001124839)
(253	0.0001131058)
(254	0.0001171536)
(255	0.0001187721)
(256	0.0001201849)
(257	0.000119824)
(258	0.0001263694)
(259	0.0001288714)
(260	0.0001308902)
(261	0.0001321827)
(262	0.0001343352)
(263	0.0001259644)
(264	0.0001213016)
(265	0.0001216517)
(266	0.0001199555)
(267	0.0001178225)
(268	0.0001200632)
(269	0.0001202003)
(270	0.00011756)
(271	0.0001159884)
(272	0.0001158732)
(273	0.0001144299)
(274	0.0001140817)
(275	0.0001137104)
(276	0.0001132118)
(277	0.0001094641)
(278	0.0001082305)
(279	0.0001068421)
(280	0.0001029715)
(281	0.0001011887)
(282	0.0001004336)
(283	9.98142576658212E-005)
(284	0.0001007685)
(285	0.000103974)
(286	0.0001075815)
(287	0.0001117209)
(288	0.0001133842)
(289	0.0001121342)
(290	0.0001106249)
(291	0.0001077931)
(292	0.0001058191)
(293	0.000105845)
(294	0.0001076172)
(295	0.0001098351)
(296	0.0001083875)
(297	0.0001065225)
(298	0.0001053488)
(299	0.0001048516)
(300	0.0001038894)
(301	0.0001076312)
(302	0.0001117406)
(303	0.0001130137)
(304	0.000110742)
(305	0.0001110614)
(306	0.0001092754)
(307	0.0001045023)
(308	9.93400502221245E-005)
(309	9.75070562295082E-005)
(310	8.95684762455634E-005)
(311	8.15324855488868E-005)
(312	7.37578090250846E-005)
(313	6.4790707159251E-005)
(314	5.35003915579075E-005)
(315	4.6363934041226E-005)
(316	0.00003847)
(317	3.64965138802159E-005)
(318	3.86658599449312E-005)
(319	4.270855075397E-005)
(320	4.52797090140704E-005)
(321	4.97293835149542E-005)
(322	4.84177776496405E-005)
(323	4.40433003518546E-005)
(324	4.01548669201593E-005)
(325	3.74493265530626E-005)
(326	3.24059198771579E-005)
(327	0.000028799)
(328	2.7488301747784E-005)
(329	2.53423554186118E-005)
(330	2.16794822938196E-005)
(331	2.02588283936729E-005)
(332	0.000019701)
(333	1.93092528806658E-005)
(334	1.89734185166011E-005)
(335	0.000019701)
(336	2.10268269199625E-005)
(337	2.15464343124295E-005)
(338	2.11175898130252E-005)
(339	2.044633639174E-005)
(340	2.17946661423775E-005)
(341	2.09458580093933E-005)
(342	2.06726818138309E-005)
(343	2.0205338396356E-005)
(344	1.84589058197004E-005)
(345	1.46782374978264E-005)
(346	1.19115778902099E-005)
(347	9.49214245981871E-006)
(348	0.000008078)
(349	8.38739645279505E-006)
(350	1.07260990773814E-005)
)
