/*--------------------------------*- C++ -*----------------------------------*\
| =========                 |                                                 |
| \\      /  F ield         | OpenFOAM: The Open Source CFD Toolbox           |
|  \\    /   O peration     | Version:  1.4.2                                 |
|   \\  /    A nd           | Web:      http://www.openfoam.org               |
|    \\/     M anipulation  |                                                 |
\*---------------------------------------------------------------------------*/
FoamFile
{
    version     2.0;
    format      ascii;
    class       volScalarField;
    object      epsilon;
    location    "700";
}
// * * * * * * * * * * * * * * * * * * * * * * * * * * * * * * * * * * * * * //

dimensions      [0 2 -3 0 0 0 0];

internalField   nonuniform List<scalar> 
12225
(
443.026
353.452
290.586
245.345
212.188
187.594
169.245
155.572
145.485
138.21
133.183
129.986
128.301
127.881
128.53
130.083
132.409
135.671
60.1657
73.6156
79.5681
83.6951
87.7142
92.3539
97.9686
104.74
112.766
122.099
132.759
144.737
157.997
172.477
188.078
204.664
221.988
240.112
26.2958
33.7101
37.845
40.6833
42.9299
44.9526
46.9639
49.0916
51.4155
53.9863
56.836
59.9826
63.4321
67.1785
71.201
75.4556
79.852
84.2254
18.7355
22.7235
25.4806
27.3758
28.8178
30.0126
31.0724
32.0707
33.0568
34.0634
35.1121
36.2164
37.3836
38.6154
39.9079
41.2505
42.6228
43.9808
16.1687
18.1634
19.9326
21.292
22.3446
23.1852
23.8877
24.5055
25.0724
25.6103
26.1342
26.6543
27.1773
27.707
28.2446
28.7889
29.3358
29.8664
15.2354
16.0864
17.0484
17.9368
18.6891
19.3116
19.8309
20.2729
20.659
21.0059
21.3259
21.6277
21.9172
22.1984
22.4739
22.7446
23.0096
23.2587
14.8942
15.17
15.5864
16.0521
16.5062
16.9217
17.2896
17.61
17.8892
18.1348
18.3542
18.5533
18.7368
18.9085
19.0708
19.2255
19.3724
19.5053
14.7876
14.838
14.9915
15.2092
15.4537
15.7009
15.9368
16.1542
16.351
16.5276
16.6861
16.8291
16.959
17.0782
17.1887
17.2919
17.3884
17.4747
14.7441
14.6884
14.7003
14.7662
14.8675
14.9882
15.1163
15.2439
15.3661
15.4805
15.586
15.6827
15.7711
15.8522
15.9269
15.9959
16.06
16.1176
14.7239
14.6134
14.5425
14.5091
14.5063
14.5261
14.5613
14.6058
14.655
14.7057
14.7557
14.8038
14.8493
14.8918
14.9313
14.9681
15.0022
15.0328
14.7149
14.579
14.4658
14.3758
14.3077
14.2585
14.2249
14.2034
14.191
14.1852
14.184
14.1858
14.1895
14.1942
14.1995
14.2049
14.2102
14.2148
14.7109
14.5642
14.4319
14.3142
14.2111
14.1218
14.0449
13.9791
13.9228
13.8744
13.8326
13.7964
13.7645
13.7363
13.711
13.6881
13.6672
13.6481
14.7089
14.5577
14.4176
14.2882
14.1691
14.0601
13.9606
13.8699
13.7873
13.7122
13.6436
13.581
13.5235
13.4707
13.422
13.3769
13.335
13.2965
14.7076
14.5544
14.4112
14.2772
14.1518
14.0345
13.925
13.8227
13.7273
13.6382
13.5551
13.4774
13.4048
13.3369
13.2732
13.2134
13.1573
13.1055
14.7067
14.5523
14.4076
14.2717
14.1439
14.0235
13.9101
13.8033
13.7025
13.6074
13.5177
13.4331
13.3531
13.2774
13.2059
13.1383
13.0744
13.0149
14.706
14.5507
14.4052
14.2684
14.1394
14.0178
13.9029
13.7943
13.6915
13.5941
13.5018
13.4143
13.3313
13.2524
13.1775
13.1063
13.0389
12.9759
14.7055
14.5497
14.4036
14.2662
14.1367
14.0144
13.8988
13.7894
13.6857
13.5874
13.494
13.4054
13.3211
13.241
13.1648
13.0922
13.0234
12.9591
14.7053
14.5494
14.403
14.2654
14.1356
14.013
13.8971
13.7873
13.6833
13.5846
13.4909
13.4019
13.3173
13.2369
13.1603
13.0875
13.0184
12.9539
14.7055
14.5497
14.4035
14.2659
14.1362
14.0138
13.8981
13.7886
13.685
13.5868
13.4937
13.4054
13.3216
13.2421
13.1665
13.0948
13.0269
12.9637
14.706
14.5507
14.4051
14.2683
14.1396
14.0185
13.9045
13.7971
13.6959
13.6006
13.5107
13.4259
13.346
13.2705
13.1992
13.1318
13.0683
13.0095
14.7068
14.5528
14.4093
14.2755
14.1509
14.0353
13.9279
13.8284
13.7361
13.6504
13.5708
13.4968
13.4279
13.3635
13.3034
13.2471
13.1944
13.146
14.7086
14.5589
14.4227
14.3001
14.1905
14.0931
14.0068
13.9303
13.8623
13.8016
13.747
13.6976
13.6526
13.6113
13.5731
13.5376
13.5045
13.4743
14.7142
14.5802
14.4708
14.3853
14.3209
14.2739
14.2405
14.2172
14.2011
14.1898
14.1815
14.175
14.1693
14.1638
14.1581
14.1519
14.1451
14.1383
14.7358
14.6588
14.6349
14.6534
14.7004
14.7639
14.8349
14.9068
14.9754
15.0383
15.0944
15.1431
15.1847
15.2195
15.2481
15.2713
15.2898
15.3046
14.8205
14.9298
15.138
15.3947
15.6602
15.9123
16.14
16.3384
16.5073
16.6492
16.7675
16.8658
16.9471
17.0143
17.0699
17.1159
17.154
17.1857
15.1412
15.7855
16.517
17.2068
17.7961
18.2813
18.6742
18.9897
19.2424
19.4453
19.6092
19.7427
19.8526
19.9443
20.0219
20.0885
20.1465
20.1979
16.3189
18.2995
19.9621
21.2351
22.1813
22.8822
23.4044
23.7998
24.1051
24.3458
24.5398
24.7003
24.8371
24.9574
25.0667
25.1688
25.2667
25.3618
20.7544
25.6375
28.6922
30.5982
31.8393
32.6632
33.2222
33.6186
33.9177
34.1615
34.3774
34.5834
34.791
35.0074
35.237
35.482
35.7432
36.0197
43.9611
54.4815
58.7073
60.4208
60.9763
60.9916
60.8477
60.7576
60.7887
60.9699
61.3105
61.8088
62.4576
63.2465
64.164
65.1976
66.3327
67.5616
332.626
280.253
240.732
210.192
186.153
166.94
151.386
138.653
128.129
119.361
112.006
105.799
100.536
96.0546
92.2268
88.9491
86.1381
83.7246
0.0399729
0.0530969
0.0758955
0.101414
0.127622
0.154303
0.182495
0.214704
0.250767
0.290268
0.333148
0.379858
0.431542
0.488761
0.549876
0.615783
0.686983
0.763812
0.846555
0.935485
1.03088
1.13303
1.24225
1.35889
1.48333
1.616
1.75738
1.908
2.06845
2.23937
2.42149
2.61558
2.82249
3.04316
3.27858
3.52985
3.79812
4.08465
4.3908
4.71802
5.06788
5.44208
5.84246
6.27106
6.7301
7.22208
7.74984
8.31662
8.92623
9.58319
10.293
11.0623
11.8998
12.8162
13.8258
14.9476
16.2075
17.6426
19.3074
21.2855
23.7105
26.7983
30.8948
36.5422
39.2047
41.8673
44.678
47.6516
50.7963
54.12
57.6307
61.3366
65.2456
69.3662
73.7064
78.2748
83.0795
88.129
93.4314
98.9949
104.828
110.938
117.332
124.019
131.006
138.299
145.904
153.829
162.077
170.654
179.564
188.81
198.394
208.315
218.575
229.17
240.097
251.349
262.919
274.794
286.963
299.409
312.114
325.054
338.206
351.543
365.036
378.656
392.375
406.17
420.031
433.972
447.878
461.608
475.112
488.341
501.245
513.771
525.87
537.494
548.595
559.128
569.052
578.33
586.928
594.816
601.972
608.377
614.021
618.898
623.009
626.366
628.983
630.885
632.102
632.672
632.64
632.058
630.98
629.471
627.599
625.444
623.101
620.695
618.413
616.211
614.009
611.86
609.812
607.908
606.182
604.657
603.351
602.268
601.405
600.751
600.287
599.988
599.821
599.75
599.733
599.728
599.703
599.645
599.569
599.425
598.931
598.006
596.554
594.472
591.645
587.954
583.272
577.468
570.421
562.057
552.414
541.8
531.976
525.805
0.129816
0.105458
0.108992
0.120697
0.137521
0.159148
0.185477
0.216229
0.251592
0.291133
0.334617
0.382216
0.434103
0.490345
0.550894
0.615857
0.685362
0.759548
0.83856
0.922558
1.01173
1.10627
1.20643
1.31248
1.42472
1.5435
1.66921
1.80226
1.94314
2.09235
2.25045
2.41806
2.59583
2.78448
2.98476
3.19752
3.42363
3.66405
3.91983
4.19207
4.48199
4.79092
5.12029
5.4717
5.84692
6.24793
6.67698
7.13661
7.62976
8.15983
8.73079
9.34729
10.0148
10.7395
11.5288
12.391
13.3355
14.3725
15.5137
16.7711
18.1562
19.6744
21.3082
22.9804
24.4811
26.0046
27.5993
29.2769
31.042
32.8984
34.8496
36.8991
39.0504
41.3071
43.6726
46.1504
48.7439
51.4566
54.2917
57.2524
60.3418
63.5629
66.9185
70.4113
74.0436
77.8177
81.7354
85.7984
90.008
94.3651
98.87
103.523
108.323
113.27
118.361
123.594
128.966
134.474
140.112
145.874
151.755
157.747
163.841
170.028
176.298
182.64
189.044
195.497
201.99
208.514
215.061
221.628
228.187
234.67
241.049
247.301
253.405
259.336
265.075
270.6
275.89
280.927
285.693
290.171
294.346
298.208
301.744
304.948
307.814
310.341
312.529
314.381
315.906
317.113
318.016
318.631
318.978
319.08
318.961
318.651
318.181
317.584
316.901
316.175
315.45
314.768
314.07
313.362
312.662
311.985
311.34
310.739
310.185
309.68
309.223
308.811
308.438
308.096
307.776
307.467
307.159
306.84
306.502
306.139
305.741
305.371
304.866
304.185
303.292
302.146
300.701
298.909
296.718
294.075
290.935
287.281
283.173
278.852
275.121
273.855
0.246932
0.174157
0.16739
0.178056
0.19775
0.22391
0.254774
0.290151
0.33002
0.374346
0.423105
0.476302
0.533951
0.596069
0.662679
0.733826
0.809589
0.890075
0.975419
1.06579
1.16138
1.26242
1.36917
1.48191
1.60099
1.72675
1.8596
1.99997
2.14836
2.30526
2.47126
2.64696
2.83302
3.03015
3.23912
3.46075
3.69593
3.9456
4.21081
4.49265
4.79231
5.1111
5.45041
5.81177
6.19685
6.60749
7.04571
7.51372
8.01401
8.54931
9.12266
9.73743
10.3973
11.1061
11.8679
12.6867
13.5657
14.5077
15.5137
16.5833
17.7141
18.9017
20.1378
21.4083
22.7007
24.0418
25.4459
26.9192
28.4651
30.0865
31.7862
33.5667
35.4308
37.3811
39.42
41.5502
43.7741
46.0941
48.5125
51.0315
53.6533
56.3798
59.2128
62.154
65.2048
68.3665
71.64
75.0262
78.5254
82.1379
85.8634
89.7015
93.6511
97.7111
101.88
106.154
110.533
115.011
119.587
124.255
129.01
133.847
138.761
143.743
148.787
153.886
159.03
164.212
169.422
174.652
179.893
185.137
190.352
195.508
200.583
205.56
210.421
215.151
219.733
224.152
228.393
232.442
236.286
239.913
243.312
246.475
249.394
252.063
254.48
256.643
258.552
260.211
261.625
262.802
263.752
264.488
265.024
265.378
265.568
265.615
265.543
265.374
265.135
264.851
264.542
264.227
263.884
263.52
263.144
262.766
262.394
262.031
261.681
261.345
261.022
260.71
260.405
260.102
259.798
259.484
259.157
258.809
258.436
258.03
257.59
257.093
256.478
255.72
254.794
253.672
252.325
250.719
248.819
246.591
244.008
241.063
237.813
234.447
231.518
230.202
0.39914
0.262468
0.244248
0.253892
0.275856
0.304751
0.33919
0.378644
0.422906
0.47189
0.525559
0.583894
0.646892
0.714564
0.786941
0.864077
0.946054
1.03299
1.12504
1.22239
1.32526
1.4339
1.54859
1.66966
1.79745
1.93235
2.07477
2.22518
2.38408
2.552
2.72953
2.9173
3.11598
3.32632
3.54909
3.78515
4.0354
4.3008
4.58241
4.88133
5.19877
5.536
5.89441
6.27547
6.68077
7.11199
7.57096
8.05963
8.58007
9.13449
9.72523
10.3547
11.0254
11.7399
12.5005
13.3094
14.1681
15.0775
16.0375
17.0473
18.1055
19.2109
20.363
21.5619
22.8099
24.1142
25.4804
26.9122
28.4124
29.9836
31.6281
33.3484
35.1467
37.0254
38.9867
41.0328
43.1658
45.3878
47.7007
50.1065
52.6068
55.2034
57.8975
60.6906
63.5837
66.5777
69.6734
72.8711
76.1712
79.5735
83.0776
86.683
90.3888
94.1937
98.0961
102.094
106.185
110.367
114.637
118.99
123.424
127.933
132.512
137.157
141.86
146.615
151.415
156.252
161.117
166.002
170.896
175.787
180.648
185.457
190.197
194.853
199.409
203.851
208.164
212.335
216.35
220.198
223.867
227.345
230.624
233.696
236.554
239.193
241.61
243.802
245.771
247.518
249.048
250.368
251.485
252.411
253.158
253.74
254.174
254.475
254.663
254.757
254.776
254.738
254.658
254.549
254.401
254.22
254.014
253.789
253.551
253.305
253.051
252.791
252.525
252.249
251.961
251.659
251.337
250.992
250.62
250.215
249.773
249.284
248.729
248.082
247.315
246.406
245.338
244.09
242.638
240.956
239.016
236.792
234.261
231.417
228.298
225.034
222.021
220.031
0.586161
0.367963
0.333063
0.338547
0.359742
0.390117
0.427232
0.470033
0.518035
0.571011
0.628859
0.691537
0.759045
0.831407
0.908677
0.990934
1.07829
1.17089
1.26891
1.37257
1.4821
1.59778
1.71992
1.84885
1.98495
2.12862
2.28029
2.44044
2.60958
2.78828
2.97712
3.17677
3.38792
3.61132
3.84777
4.09814
4.36336
4.64441
4.94234
5.25828
5.59341
5.94901
6.32641
6.72705
7.15243
7.60413
8.08381
8.59322
9.13416
9.70849
10.3181
10.9649
11.6509
12.3778
13.1474
13.9613
14.8207
15.7266
16.6794
17.6797
18.7277
19.8243
20.9712
22.1707
23.4257
24.74
26.117
27.5595
29.07
30.6511
32.3049
34.0339
35.8403
37.7263
39.6942
41.746
43.8838
46.1097
48.4255
50.8329
53.3337
55.9294
58.6213
61.4107
64.2986
67.2857
70.3728
73.5602
76.8481
80.2365
83.725
87.3131
91
94.7846
98.6657
102.642
106.71
110.87
115.117
119.45
123.864
128.357
132.923
137.557
142.254
147.008
151.812
156.657
161.535
166.437
171.353
176.263
181.146
185.984
190.762
195.464
200.076
204.583
208.972
213.23
217.345
221.303
225.094
228.708
232.135
235.367
238.398
241.222
243.836
246.236
248.424
250.399
252.166
253.729
255.097
256.276
257.28
258.118
258.806
259.358
259.789
260.116
260.355
260.52
260.626
260.684
260.691
260.651
260.57
260.455
260.309
260.138
259.941
259.721
259.475
259.203
258.901
258.567
258.197
257.785
257.329
256.825
256.265
255.626
254.89
254.038
253.051
251.913
250.61
249.124
247.435
245.521
243.358
240.921
238.19
235.154
231.83
228.291
224.82
221.947
0.79497
0.483198
0.426256
0.424127
0.443401
0.474446
0.51356
0.55908
0.6102
0.66652
0.727853
0.794128
0.865342
0.94154
1.02281
1.10925
1.20103
1.29832
1.40133
1.51029
1.62548
1.74719
1.87574
2.01148
2.15479
2.3061
2.46585
2.63452
2.81263
3.00077
3.19954
3.40959
3.63165
3.86647
4.11488
4.37775
4.65602
4.95068
5.26278
5.59346
5.94389
6.31532
6.70908
7.12654
7.56915
8.03842
8.5359
9.06321
9.62201
10.214
10.8408
11.5042
12.2058
12.9473
13.7303
14.5563
15.4266
16.3426
17.3055
18.3167
19.3774
20.4895
21.6552
22.8769
24.1574
25.4996
26.9063
28.3802
29.9237
31.5392
33.2293
34.9963
36.8425
38.7703
40.782
42.8799
45.066
47.3424
49.7113
52.1743
54.7333
57.3899
60.1454
63.0013
65.9586
69.0181
72.1806
75.4466
78.8164
82.2899
85.8671
89.5476
93.3307
97.2157
101.201
105.287
109.47
113.75
118.123
122.589
127.143
131.783
136.504
141.302
146.172
151.106
156.099
161.143
166.227
171.342
176.476
181.605
186.713
191.782
196.798
201.744
206.607
211.372
216.026
220.556
224.948
229.191
233.273
237.183
240.911
244.451
247.793
250.933
253.865
256.587
259.097
261.396
263.485
265.368
267.051
268.541
269.847
270.979
271.95
272.771
273.457
274.021
274.478
274.841
275.123
275.337
275.486
275.571
275.597
275.57
275.495
275.374
275.21
275.002
274.751
274.453
274.107
273.708
273.252
272.735
272.152
271.499
270.761
269.905
268.923
267.801
266.524
265.079
263.452
261.63
259.593
257.321
254.793
251.984
248.875
245.45
241.703
237.664
233.527
229.67
1.00846
0.596741
0.51606
0.50613
0.52309
0.554316
0.594895
0.642576
0.696233
0.755292
0.819474
0.888666
0.962861
1.04212
1.12656
1.21632
1.3116
1.4126
1.51957
1.63277
1.7525
1.87906
2.01278
2.15404
2.30322
2.46073
2.62704
2.80263
2.98804
3.18383
3.39062
3.60909
3.83994
4.08395
4.34195
4.61482
4.90349
5.20897
5.53231
5.87464
6.23713
6.62102
7.0276
7.45825
7.91436
8.3974
8.90888
9.45037
10.0234
10.6297
11.2708
11.9485
12.6643
13.4198
14.2169
15.057
15.9419
16.8731
17.8526
18.8819
19.9632
21.0984
22.2902
23.5409
24.8533
26.2302
27.6741
29.1878
30.774
32.4351
34.1739
35.9928
37.8946
39.8817
41.9566
44.1218
46.3796
48.7324
51.1824
53.7316
56.382
59.1354
61.9934
64.9575
68.0291
71.2091
74.4983
77.8976
81.4073
85.0276
88.7586
92.6001
96.5518
100.613
104.783
109.061
113.446
117.936
122.53
127.226
132.022
136.914
141.898
146.971
152.128
157.361
162.663
168.027
173.441
178.897
184.373
189.849
195.309
200.735
206.113
211.427
216.664
221.807
226.844
231.759
236.541
241.177
245.653
249.96
254.088
258.026
261.768
265.307
268.638
271.755
274.657
277.342
279.812
282.067
284.113
285.955
287.6
289.056
290.334
291.444
292.399
293.21
293.891
294.454
294.912
295.277
295.561
295.762
295.884
295.931
295.909
295.821
295.668
295.451
295.169
294.819
294.398
293.901
293.324
292.661
291.909
291.059
290.075
288.943
287.654
286.199
284.563
282.735
280.702
278.452
275.969
273.231
270.217
266.905
263.272
259.302
254.974
250.277
245.337
240.453
1.20797
0.70094
0.59902
0.581849
0.596396
0.627438
0.669
0.718299
0.773923
0.835128
0.901545
0.973016
1.04952
1.13114
1.21799
1.31027
1.40818
1.51198
1.62194
1.73833
1.86148
1.99169
2.12931
2.27472
2.42831
2.59049
2.76171
2.94248
3.13331
3.33479
3.54752
3.77218
4.00949
4.26022
4.52519
4.80529
5.10146
5.4147
5.74607
6.09668
6.46772
6.86041
7.27605
7.71599
8.18162
8.6744
9.19584
9.74748
10.3309
10.9478
11.5997
12.2884
13.0157
13.7832
14.5928
15.4462
16.3455
17.2926
18.2894
19.3383
20.4414
21.6012
22.8202
24.1012
25.447
26.8603
28.344
29.9009
31.5339
33.2458
35.0396
36.9181
38.8841
40.9406
43.0904
45.3362
47.6807
50.1266
52.6764
55.3324
58.0969
60.9721
63.9599
67.0619
70.2798
73.6148
77.068
80.6403
84.3324
88.1446
92.0772
96.1302
100.304
104.597
109.01
113.542
118.192
122.959
127.843
132.841
137.951
143.171
148.498
153.927
159.453
165.069
170.768
176.54
182.373
188.257
194.162
200.07
205.966
211.833
217.655
223.417
229.104
234.7
240.191
245.563
250.802
255.894
260.826
265.588
270.169
274.559
278.75
282.734
286.505
290.058
293.388
296.494
299.375
302.03
304.464
306.68
308.682
310.479
312.077
313.487
314.719
315.783
316.692
317.457
318.09
318.6
319.012
319.321
319.529
319.64
319.658
319.586
319.427
319.181
318.846
318.419
317.896
317.273
316.542
315.699
314.737
313.637
312.356
310.894
309.245
307.398
305.341
303.062
300.548
297.791
294.773
291.474
287.872
283.941
279.658
275.013
269.975
264.493
258.644
252.736
1.38933
0.794986
0.673776
0.649819
0.661839
0.692325
0.73437
0.78473
0.841727
0.904472
0.972505
1.04563
1.1238
1.2071
1.29568
1.38973
1.4895
1.59526
1.70729
1.82589
1.95138
2.08409
2.22437
2.37259
2.52913
2.69442
2.86891
3.05309
3.24747
3.45264
3.6692
3.89781
4.13921
4.39414
4.66345
4.948
5.24875
5.56669
5.90288
6.25844
6.63455
7.03244
7.45341
7.89882
8.37007
8.86863
9.39604
9.95386
10.5437
11.1673
11.8264
12.5228
13.2583
14.0347
14.8542
15.7188
16.6305
17.5916
18.6044
19.6715
20.7952
21.9785
23.2239
24.5345
25.9132
27.363
28.8871
30.4886
32.1707
33.9366
35.7895
37.7327
39.7695
41.9031
44.1367
46.4736
48.9168
51.4694
54.1343
56.9144
59.8122
62.8302
65.9709
69.2361
72.6278
76.1475
79.7966
83.5762
87.4871
91.5299
95.705
100.013
104.453
109.026
113.731
118.568
123.536
128.636
133.865
139.224
144.71
150.321
156.053
161.903
167.865
173.932
180.094
186.342
192.664
199.036
205.429
211.829
218.217
224.578
230.895
237.152
243.333
249.423
255.407
261.27
266.997
272.574
277.989
283.228
288.281
293.139
297.792
302.233
306.454
310.451
314.217
317.748
321.043
324.102
326.925
329.515
331.876
334.013
335.931
337.64
339.147
340.462
341.596
342.56
343.364
344.016
344.543
344.95
345.233
345.396
345.442
345.374
345.194
344.901
344.494
343.969
343.322
342.545
341.633
340.579
339.373
337.971
336.352
334.518
332.461
330.171
327.636
324.844
321.781
318.445
314.816
310.871
306.587
301.936
296.884
291.449
285.594
279.27
272.48
265.543
1.54956
0.87771
0.739314
0.70909
0.718495
0.748057
0.790079
0.840917
0.898673
0.962325
1.03134
1.10547
1.18467
1.26901
1.35865
1.45379
1.5547
1.66165
1.77492
1.89483
2.02168
2.15582
2.29758
2.44734
2.60547
2.7724
2.94858
3.13448
3.33062
3.53756
3.75592
3.98636
4.22958
4.48634
4.75748
5.04387
5.34645
5.66622
6.00423
6.36162
6.73957
7.13933
7.5622
8.00956
8.48286
8.98358
9.51331
10.0737
10.6664
11.2932
11.9559
12.6566
13.3971
14.1795
15.0061
15.8791
16.8008
17.7738
18.8006
19.884
21.0269
22.2321
23.5029
24.8423
26.2538
27.7406
29.3062
30.9542
32.6881
34.5116
36.4283
38.4421
40.5566
42.7757
45.103
47.5422
50.0969
52.7708
55.5672
58.4894
61.5406
64.7236
68.0412
71.4958
75.0896
78.8245
82.7021
86.7237
90.8903
95.2025
99.6609
104.266
109.017
113.916
118.96
124.152
129.489
134.972
140.601
146.374
152.291
158.348
164.543
170.872
177.328
183.903
190.587
197.368
204.231
211.135
218.06
224.989
231.904
238.789
245.627
252.401
259.094
265.692
272.178
278.536
284.753
290.813
296.703
302.409
307.923
313.233
318.331
323.209
327.861
332.28
336.46
340.395
344.082
347.522
350.714
353.658
356.359
358.818
361.041
363.033
364.802
366.357
367.706
368.859
369.824
370.613
371.238
371.727
372.073
372.276
372.338
372.259
372.043
371.687
371.19
370.548
369.754
368.8
367.681
366.388
364.9
363.158
361.166
358.919
356.411
353.631
350.566
347.202
343.522
339.534
335.223
330.555
325.507
320.055
314.173
307.864
301.095
293.851
286.095
278.147
1.68535
0.947987
0.794874
0.759051
0.765836
0.794152
0.835662
0.8864
0.94429
1.0082
1.07754
1.15204
1.23163
1.31638
1.40645
1.50204
1.60342
1.71085
1.82462
1.94501
2.07234
2.20693
2.34913
2.49928
2.65777
2.82502
3.00145
3.18754
3.38381
3.59081
3.80915
4.03947
4.28249
4.53896
4.80971
5.0956
5.39759
5.71667
6.05391
6.41044
6.78746
7.18624
7.60812
8.05449
8.52685
9.02673
9.55579
10.1157
10.7083
11.3355
11.9992
12.7015
13.4445
14.2307
15.0622
15.9417
16.8719
17.8553
18.8951
19.9941
21.1556
22.383
23.6796
25.0491
26.4951
28.0215
29.6321
31.331
33.1222
35.01
36.9985
39.0921
41.2952
43.6119
46.0467
48.6039
51.2876
54.102
57.0512
60.1388
63.3687
66.7441
70.2683
73.9442
77.7743
81.7607
85.9054
90.2097
94.6746
99.3009
104.089
109.039
114.152
119.426
124.863
130.461
136.221
142.143
148.226
154.469
160.872
167.432
174.146
181.01
188.016
195.154
202.413
209.78
217.218
224.688
232.173
239.654
247.114
254.534
261.897
269.186
276.385
283.478
290.448
297.282
303.963
310.475
316.804
322.939
328.871
334.589
340.085
345.352
350.385
355.179
359.724
364.015
368.048
371.824
375.341
378.6
381.602
384.349
386.845
389.093
391.098
392.87
394.415
395.739
396.85
397.759
398.47
399.02
399.409
399.635
399.696
399.592
399.323
398.886
398.28
397.5
396.536
395.38
394.026
392.461
390.645
388.535
386.134
383.437
380.435
377.116
373.468
369.476
365.124
360.408
355.312
349.813
343.893
337.534
330.721
323.455
315.713
307.508
298.78
289.842
1.79482
1.00517
0.840036
0.799414
0.803671
0.830491
0.871052
0.921147
0.978568
1.04211
1.11114
1.18537
1.26473
1.34928
1.43919
1.53465
1.63589
1.74318
1.85676
1.97693
2.10396
2.23818
2.37989
2.52946
2.68726
2.85367
3.02914
3.21413
3.40915
3.61476
3.83154
4.06016
4.3013
4.55574
4.82429
5.10783
5.4073
5.72372
6.05817
6.4118
6.78582
7.18154
7.60033
8.04364
8.51301
9.01006
9.53652
10.0942
10.685
11.311
11.9742
12.677
13.4217
14.2109
15.0471
15.9332
16.8721
17.867
18.921
20.0377
21.2205
22.4733
23.8
25.2045
26.6912
28.2644
29.9285
31.6881
33.548
35.5128
37.5876
39.7773
42.0869
44.5214
47.0858
49.7851
52.6242
55.6079
58.7408
62.0273
65.4717
69.0778
72.8494
76.7897
80.9015
85.1874
89.6494
94.2888
99.1067
104.103
109.279
114.634
120.167
125.879
131.769
137.837
144.083
150.505
157.105
163.881
170.832
177.956
185.25
192.708
200.322
208.079
215.967
223.961
231.999
240.058
248.117
256.156
264.158
272.105
279.977
287.759
295.433
302.983
310.394
317.652
324.745
331.65
338.355
344.852
351.13
357.182
363.001
368.581
373.919
379.013
383.849
388.422
392.731
396.775
400.555
404.068
407.316
410.3
413.021
415.481
417.684
419.635
421.343
422.811
424.044
425.049
425.835
426.413
426.815
427.037
427.076
426.925
426.581
426.041
425.303
424.357
423.195
421.807
420.185
418.298
416.089
413.548
410.673
407.456
403.887
399.953
395.64
390.933
385.817
380.286
374.323
367.915
361.049
353.718
345.916
337.647
328.907
319.721
310.028
300.123
1.87751
1.0491
0.874735
0.830201
0.832125
0.857297
0.896558
0.945539
1.00195
1.06454
1.13266
1.20604
1.28461
1.36843
1.45766
1.55247
1.65306
1.75967
1.87252
1.99187
2.11798
2.25115
2.39167
2.53988
2.69614
2.86085
3.03443
3.21734
3.41009
3.61323
3.82735
4.05311
4.29121
4.54242
4.80756
5.08753
5.3833
5.69588
6.02639
6.376
6.74597
7.13766
7.55248
7.99197
8.45774
8.95152
9.47514
10.0305
10.6198
11.2451
11.9089
12.6135
13.3617
14.1562
15
15.8962
16.8483
17.8596
18.9339
20.0751
21.2873
22.5749
23.9421
25.3938
26.9349
28.5702
30.305
32.1447
34.0946
36.1602
38.3473
40.6614
43.1085
45.6943
48.4246
51.3052
54.3417
57.5395
60.9039
64.4399
68.1522
72.0454
76.1233
80.3897
84.8477
89.4998
94.3483
99.3943
104.639
110.081
115.72
121.556
127.588
133.815
140.236
146.85
153.657
160.656
167.846
175.227
182.798
190.556
198.498
206.616
214.899
223.336
231.906
240.536
249.191
257.846
266.474
275.058
283.58
292.02
300.361
308.585
316.675
324.616
332.394
339.997
347.418
354.628
361.613
368.371
374.895
381.178
387.216
393.003
398.537
403.817
408.837
413.591
418.08
422.302
426.257
429.944
433.361
436.51
439.394
442.007
444.351
446.43
448.256
449.83
451.148
452.216
453.04
453.625
453.996
454.166
454.125
453.869
453.392
452.691
451.761
450.59
449.169
447.486
445.524
443.231
440.57
437.535
434.121
430.317
426.112
421.492
416.444
410.952
405.005
398.593
391.707
384.339
376.484
368.144
359.323
350.035
340.288
330.121
319.475
308.629
1.93426
1.08013
0.899253
0.851754
0.851648
0.875145
0.912879
0.96039
1.01535
1.0765
1.14324
1.21529
1.29263
1.37531
1.46346
1.55724
1.65682
1.76237
1.8741
1.99222
2.11698
2.24865
2.3875
2.53387
2.6881
2.85059
3.02174
3.20203
3.39196
3.59209
3.80303
4.02544
4.26004
4.50762
4.76903
5.04519
5.33709
5.6458
5.97248
6.31835
6.68475
7.0731
7.48492
7.92184
8.3856
8.87808
9.40127
9.95732
10.5485
11.1773
11.8463
12.5583
13.3163
14.1236
14.9834
15.8994
16.8754
17.9156
19.0241
20.2055
21.4647
22.8064
24.2361
25.7592
27.3813
29.1084
30.9464
32.9018
34.9807
37.1895
39.5346
42.0225
44.66
47.4539
50.4106
53.5367
56.8385
60.3221
63.9933
67.8576
71.9201
76.1855
80.6581
85.3416
90.239
95.353
100.685
106.238
112.01
118
124.204
130.622
137.252
144.093
151.143
158.4
165.861
173.527
181.395
189.465
197.737
206.206
214.869
223.716
232.734
241.905
251.158
260.424
269.689
278.921
288.085
297.169
306.154
315.023
323.756
332.337
340.75
348.98
357.013
364.839
372.447
379.821
386.953
393.838
400.471
406.849
412.967
418.825
424.421
429.756
434.831
439.643
444.189
448.471
452.492
456.248
459.735
462.953
465.916
468.605
471.017
473.152
475.015
476.604
477.921
478.969
479.753
480.277
480.543
480.584
480.392
479.961
479.284
478.354
477.164
475.701
473.953
471.906
469.525
466.752
463.576
459.986
455.97
451.518
446.616
441.252
435.41
429.08
422.251
414.916
407.071
398.714
389.849
380.485
370.639
360.332
349.585
338.449
326.87
315.117
1.96711
1.09903
0.914219
0.864753
0.86306
0.885029
0.921192
0.967054
1.02029
1.0797
1.14473
1.21517
1.29103
1.37237
1.45928
1.55188
1.65029
1.75465
1.86512
1.98188
2.10517
2.23523
2.37233
2.51679
2.66896
2.82922
2.998
3.17578
3.36307
3.56046
3.76858
3.98813
4.21986
4.46462
4.72329
4.99685
5.28636
5.59297
5.91791
6.26252
6.62823
7.01661
7.42932
7.86818
8.33513
8.83226
9.36184
9.9263
10.5283
11.1706
11.8562
12.5884
13.3708
14.207
15.101
16.0572
17.0801
18.1744
19.3454
20.5984
21.939
23.3733
24.9075
26.548
28.3017
30.1755
32.1768
34.3129
36.5916
39.0196
41.6038
44.3519
47.2716
50.3704
53.6557
57.1346
60.8138
64.6998
68.7986
73.1159
77.6565
82.4251
87.4256
92.6612
98.1346
103.848
109.801
115.997
122.437
129.112
136.014
143.145
150.5
158.078
165.875
173.887
182.112
190.547
199.19
208.04
217.096
226.353
235.807
245.447
255.249
265.146
275.03
284.881
294.678
304.394
314.004
323.489
332.83
342.009
351.009
359.812
368.405
376.774
384.908
392.796
400.43
407.803
414.909
421.748
428.317
434.616
440.644
446.4
451.889
457.116
462.086
466.8
471.254
475.449
479.398
483.096
486.527
489.691
492.585
495.204
497.544
499.602
501.379
502.874
504.085
505.015
505.666
506.04
506.138
505.962
505.537
504.851
503.896
502.662
501.136
499.306
497.158
494.667
491.78
488.468
484.716
480.509
475.835
470.68
465.031
458.873
452.196
444.988
437.244
428.959
420.136
410.778
400.898
390.514
379.651
368.34
356.615
344.532
332.053
319.431
1.9792
1.10692
0.920627
0.870308
0.86768
0.888523
0.923343
0.967646
1.01915
1.07675
1.14002
1.20889
1.28338
1.36355
1.44942
1.54105
1.63852
1.74192
1.85139
1.96711
2.08929
2.21817
2.35403
2.4972
2.64804
2.80694
2.97436
3.15079
3.3368
3.53301
3.74013
3.95892
4.19021
4.43493
4.69407
4.96872
5.26006
5.56937
5.89805
6.24761
6.61971
7.01613
7.43882
7.88988
8.37163
8.88654
9.43732
10.0269
10.6585
11.3356
12.0616
12.8407
13.6772
14.5757
15.5411
16.5788
17.6945
18.894
20.1839
21.5706
23.0612
24.6631
26.3838
28.2311
30.2133
32.3387
34.616
37.0545
39.6644
42.4521
45.4229
48.5862
51.9506
55.5241
59.3141
63.3278
67.5717
72.0519
76.7737
81.7416
86.9596
92.4311
98.1588
104.145
110.389
116.893
123.655
130.672
137.943
145.459
153.215
161.206
169.428
177.876
186.543
195.425
204.516
213.812
223.31
233.009
242.907
252.998
263.279
273.724
284.249
294.723
305.123
315.43
325.622
335.676
345.572
355.289
364.809
374.115
383.19
392.019
400.591
408.893
416.916
424.654
432.102
439.257
446.119
452.693
458.984
464.991
470.715
476.162
481.338
486.252
490.923
495.355
499.534
503.463
507.143
510.573
513.746
516.658
519.307
521.687
523.795
525.626
527.179
528.449
529.434
530.133
530.544
530.668
530.503
530.043
529.293
528.265
526.946
525.322
523.379
521.103
518.472
515.446
511.986
508.073
503.685
498.808
493.423
487.518
481.077
474.089
466.543
458.431
449.752
440.505
430.698
420.342
409.457
398.069
386.211
373.925
361.253
348.261
334.923
321.481
1.97335
1.10516
0.919958
0.870186
0.867621
0.888139
0.922272
0.965523
1.01565
1.07174
1.13371
1.20161
1.27547
1.35523
1.44084
1.53229
1.62963
1.73294
1.84238
1.95812
2.08041
2.20951
2.34574
2.48946
2.64107
2.80102
2.96979
3.14795
3.33614
3.53511
3.74567
3.96874
4.20531
4.45648
4.72345
5.00751
5.31009
5.63275
5.97719
6.34527
6.73906
7.16081
7.61296
8.09824
8.61958
9.18023
9.78374
10.434
11.1354
11.8926
12.7099
13.5926
14.5468
15.5785
16.6946
17.9019
19.2081
20.6211
22.149
23.8007
25.585
27.511
29.5882
31.8262
34.2345
36.8229
39.601
42.5784
45.7644
49.1668
52.7927
56.6501
60.7462
65.0876
69.6806
74.5304
79.6416
85.0178
90.6618
96.5752
102.759
109.214
115.941
122.937
130.203
137.734
145.526
153.573
161.868
170.404
179.172
188.167
197.383
206.812
216.445
226.274
236.291
246.491
256.868
267.419
278.148
289.036
300.076
311.126
322.061
332.867
343.53
354.033
364.356
374.482
384.391
394.065
403.487
412.641
421.512
430.088
438.358
446.313
453.948
461.26
468.246
474.909
481.253
487.291
493.042
498.501
503.67
508.559
513.177
517.536
521.65
525.524
529.158
532.556
535.719
538.647
541.338
543.787
545.992
547.947
549.646
551.086
552.259
553.161
553.785
554.126
554.18
553.942
553.407
552.569
551.419
549.956
548.181
546.079
543.632
540.822
537.616
533.977
529.882
525.308
520.23
514.63
508.489
501.793
494.526
486.678
478.24
469.21
459.586
449.377
438.593
427.254
415.386
403.023
390.206
376.987
363.415
349.564
335.422
321.223
1.95405
1.09591
0.914839
0.867507
0.866502
0.888057
0.92281
0.96623
1.01592
1.07155
1.13375
1.2025
1.27749
1.35856
1.44562
1.53866
1.63777
1.74307
1.85476
1.9731
2.09841
2.23103
2.37138
2.51993
2.67719
2.84375
3.0201
3.20695
3.40514
3.61566
3.8396
4.0782
4.3328
4.60489
4.89611
5.20821
5.54317
5.90311
6.29043
6.70778
7.1581
7.64466
8.17109
8.74139
9.35997
10.0317
10.7619
11.5564
12.4216
13.3644
14.392
15.5126
16.7348
18.0679
19.5216
21.1062
22.8325
24.7113
26.7541
28.9719
31.3762
33.9778
36.7876
39.8158
43.0724
46.5665
50.3064
54.2999
58.5533
63.072
67.8601
72.9206
78.2561
83.8679
89.7569
95.9233
102.366
109.084
116.074
123.332
130.853
138.635
146.673
154.964
163.504
172.286
181.301
190.539
199.99
209.646
219.497
229.537
239.767
250.174
260.744
271.465
282.329
293.319
304.434
315.661
327.013
338.419
349.672
360.733
371.602
382.274
392.738
402.982
412.99
422.747
432.237
441.443
450.35
458.945
467.215
475.148
482.738
489.977
496.863
503.394
509.574
515.408
520.903
526.074
530.933
535.492
539.76
543.751
547.478
550.958
554.203
557.225
560.029
562.622
565.007
567.187
569.161
570.925
572.476
573.808
574.914
575.787
576.417
576.796
576.915
576.762
576.33
575.61
574.591
573.265
571.619
569.641
567.321
564.649
561.608
558.17
554.307
549.995
545.206
539.914
534.095
527.726
520.789
513.267
505.146
496.418
487.077
477.122
466.559
455.398
443.658
431.364
418.55
405.257
391.534
377.439
363.032
348.39
333.516
318.638
1.92813
1.08543
0.911075
0.867969
0.870153
0.894361
0.931399
0.976933
1.02908
1.08763
1.1529
1.22487
1.3034
1.38834
1.47966
1.57738
1.68162
1.79261
1.91065
2.03621
2.16982
2.31187
2.46308
2.62412
2.79569
2.97853
3.17345
3.38146
3.60377
3.84185
4.0974
4.37234
4.66882
4.98924
5.33618
5.71251
6.12137
6.5663
7.05125
7.58071
8.15975
8.79409
9.49013
10.255
11.0966
12.0235
13.0454
14.1724
15.4159
16.7876
18.3001
19.9668
21.8015
23.8185
26.0323
28.4574
31.1081
33.9978
37.1393
40.544
44.2216
48.1805
52.4271
56.9665
61.8017
66.934
72.3634
78.0882
84.1057
90.4112
96.9986
103.861
110.989
118.375
126.012
133.892
142.009
150.355
158.919
167.692
176.666
185.834
195.192
204.742
214.481
224.398
234.48
244.717
255.097
265.612
276.252
287.018
297.943
308.99
320.128
331.344
342.633
353.946
365.278
376.581
387.69
398.529
409.124
419.484
429.613
439.509
449.163
458.565
467.703
476.564
485.133
493.395
501.337
508.946
516.21
523.121
529.671
535.855
541.672
547.122
552.209
556.941
561.329
565.385
569.125
572.564
575.719
578.606
581.245
583.653
585.847
587.841
589.648
591.275
592.73
594.017
595.135
596.084
596.858
597.451
597.854
598.057
598.048
597.815
597.344
596.621
595.631
594.362
592.797
590.924
588.725
586.185
583.285
580.01
576.34
572.251
567.722
562.725
557.233
551.218
544.653
537.515
529.786
521.448
512.49
502.904
492.687
481.842
470.379
458.314
445.672
432.485
418.792
404.642
390.091
375.203
360.045
344.702
329.188
313.727
1.89286
1.07299
0.908661
0.871661
0.878664
0.9071
0.948043
0.997503
1.05394
1.11715
1.18732
1.26455
1.34885
1.44018
1.53854
1.644
1.75678
1.87721
2.00575
2.14301
2.28997
2.44762
2.61707
2.79935
2.99548
3.20653
3.43378
3.6788
3.94361
4.23065
4.54291
4.88379
5.25717
5.66738
6.11927
6.61817
7.17004
7.78158
8.4605
9.21565
10.0572
10.9965
12.0467
13.2221
14.5385
16.0128
17.6634
19.5097
21.5718
23.8698
26.4239
29.2536
32.3778
35.8137
39.5769
43.6803
48.134
52.9446
58.1154
63.6457
69.5308
75.7625
82.3301
89.2205
96.419
103.909
111.674
119.698
127.967
136.462
145.166
154.06
163.127
172.349
181.714
191.217
200.856
210.616
220.484
230.448
240.504
250.648
260.881
271.226
281.693
292.253
302.889
313.597
324.371
335.195
346.053
356.938
367.881
378.847
389.788
400.68
411.558
422.288
432.743
442.865
452.7
462.264
471.58
480.659
489.504
498.114
506.484
514.603
522.46
530.045
537.343
544.341
551.028
557.39
563.417
569.1
574.433
579.41
584.03
588.294
592.204
595.769
598.997
601.901
604.497
606.802
608.833
610.611
612.154
613.485
614.621
615.581
616.379
617.028
617.536
617.91
618.152
618.261
618.233
618.059
617.731
617.236
616.56
615.685
614.596
613.274
611.7
609.855
607.719
605.274
602.5
599.376
595.881
591.995
587.696
582.965
577.775
572.1
565.912
559.181
551.881
543.989
535.485
526.354
516.585
506.172
495.116
483.424
471.109
458.195
444.71
430.692
416.188
401.254
385.951
370.35
354.524
338.562
322.491
306.533
1.85147
1.06145
0.911653
0.884242
0.899408
0.935194
0.982967
1.03914
1.10257
1.17331
1.25173
1.33821
1.43294
1.53602
1.64746
1.76736
1.8961
2.03377
2.18143
2.34048
2.51273
2.70029
2.90533
3.12987
3.37572
3.64472
3.93923
4.26239
4.61839
5.01256
5.45145
5.94279
6.4956
7.12023
7.82851
8.6338
9.55101
10.597
11.7912
13.1558
14.7161
16.5001
18.5386
20.864
23.5098
26.5095
29.8956
33.6993
37.9479
42.6628
47.8593
53.5457
59.7242
66.3901
73.532
81.1322
89.1669
97.6077
106.424
115.58
125.038
134.756
144.695
154.816
165.083
175.464
185.93
196.466
207.064
217.699
228.347
238.986
249.598
260.167
270.687
281.184
291.686
302.155
312.576
322.947
333.274
343.565
353.823
364.052
374.257
384.43
394.57
404.704
414.818
424.878
434.851
444.725
454.552
464.268
473.797
483.071
491.957
500.528
508.802
516.796
524.54
532.056
539.362
546.465
553.368
560.07
566.564
572.843
578.897
584.716
590.287
595.599
600.64
605.399
609.867
614.035
617.896
621.445
624.679
627.598
630.202
632.496
634.487
636.184
637.6
638.749
639.647
640.312
640.762
641.019
641.101
641.028
640.815
640.477
640.025
639.468
638.808
638.047
637.181
636.203
635.101
633.863
632.472
630.909
629.152
627.182
624.974
622.504
619.751
616.689
613.296
609.548
605.421
600.895
595.945
590.549
584.68
578.311
571.412
563.955
555.913
547.264
537.988
528.071
517.506
506.288
494.422
481.918
468.795
455.08
440.809
426.026
410.782
395.139
379.166
362.937
346.532
330.042
313.509
297.148
1.80756
1.05701
0.929011
0.91773
0.94707
0.995439
1.05462
1.12176
1.19657
1.27987
1.37271
1.4761
1.59064
1.71661
1.85397
2.00269
2.16275
2.33521
2.52203
2.72621
2.95187
3.20411
3.4885
3.8104
4.17435
4.58487
5.04811
5.57298
6.17179
6.86067
7.65981
8.59371
9.69161
10.9879
12.5225
14.3399
16.4883
19.0193
21.9886
25.456
29.4821
34.1257
39.4404
45.4705
52.2477
59.7882
68.0936
77.1534
86.943
97.4159
108.511
120.157
132.277
144.792
157.622
170.687
183.91
197.224
210.578
223.924
237.197
250.344
263.316
276.079
288.603
300.868
312.87
324.658
336.282
347.686
358.843
369.737
380.362
390.716
400.804
410.645
420.26
429.662
438.863
447.888
456.781
465.543
474.168
482.654
490.999
499.2
507.265
515.259
523.139
530.845
538.347
545.625
552.561
559.173
565.508
571.581
577.394
582.968
588.33
593.502
598.502
603.346
608.045
612.604
617.023
621.302
625.434
629.413
633.23
636.877
640.345
643.622
646.701
649.573
652.229
654.661
656.865
658.835
660.568
662.06
663.311
664.322
665.095
665.633
665.943
666.033
665.911
665.59
665.083
664.405
663.572
662.598
661.5
660.29
658.981
657.581
656.096
654.527
652.873
651.127
649.279
647.315
645.218
642.967
640.54
637.912
635.057
631.949
628.561
624.866
620.838
616.451
611.682
606.505
600.896
594.829
588.277
581.212
573.603
565.423
556.647
547.253
537.222
526.543
515.209
503.221
490.586
477.318
463.441
448.987
433.997
418.521
402.615
386.348
369.792
353.028
336.141
319.222
302.327
285.665
1.76131
1.07449
0.983448
1.00186
1.0569
1.12749
1.20647
1.29273
1.3881
1.49518
1.61686
1.75594
1.91409
2.09229
2.2897
2.50615
2.74269
3.00194
3.28883
3.61148
3.98199
4.4167
4.93564
5.56011
6.30967
7.2036
8.26889
9.54488
11.086
12.9631
15.2645
18.096
21.5805
25.8546
31.061
37.3356
44.7892
53.4992
63.5141
74.8518
87.4955
101.392
116.455
132.566
149.579
167.336
185.678
204.458
223.564
242.821
262.055
281.11
299.856
318.183
336.003
353.246
369.862
385.822
401.227
416.089
430.321
443.886
456.775
468.995
480.564
491.508
501.872
511.726
521.106
530.023
538.486
546.505
554.1
561.29
568.104
574.57
580.72
586.583
592.186
597.574
602.827
607.892
612.759
617.431
621.918
626.227
630.36
634.217
637.815
641.205
644.411
647.444
650.302
652.992
655.525
657.913
660.172
662.314
664.353
666.301
668.169
669.964
671.693
673.358
674.958
676.491
677.953
679.34
680.645
681.861
682.984
684.007
684.924
685.731
686.423
686.995
687.446
687.771
687.969
688.036
687.971
687.772
687.435
686.959
686.341
685.581
684.677
683.63
682.442
681.116
679.659
678.076
676.376
674.566
672.655
670.649
668.554
666.371
664.1
661.735
659.269
656.689
653.978
651.117
648.082
644.849
641.391
637.68
633.688
629.386
624.746
619.742
614.348
608.538
602.287
595.566
588.349
580.606
572.308
563.429
553.945
543.835
533.083
521.68
509.621
496.912
483.561
469.59
455.025
439.904
424.272
408.186
391.707
374.909
357.869
340.673
323.408
306.171
289.024
272.175
1.69675
1.16755
1.14996
1.22885
1.33859
1.45904
1.58378
1.71505
1.86105
2.02933
2.22916
2.47092
2.76085
3.10232
3.49701
3.94768
4.46045
5.04692
5.72775
6.53773
7.5321
8.79298
10.4332
12.5885
15.3944
18.9856
23.5457
29.3109
36.5632
45.6113
56.7618
70.2883
86.3974
105.196
126.663
150.651
176.898
204.963
234.37
264.657
295.384
326.149
356.592
386.402
415.318
443.161
469.852
495.305
519.861
543.147
564.975
585.26
603.982
621.159
636.837
651.077
663.953
675.548
685.966
695.308
703.648
711.059
717.608
723.362
728.385
732.74
736.515
739.812
742.617
744.947
746.839
748.332
749.47
750.294
750.843
751.156
751.266
751.203
750.987
750.612
750.005
749.237
748.354
747.383
746.348
745.264
744.138
742.976
741.779
740.552
739.297
738.018
736.72
735.408
734.081
732.743
731.395
730.042
728.689
727.339
725.997
724.663
723.341
722.03
720.729
719.436
718.149
716.866
715.585
714.303
713.018
711.731
710.44
709.146
707.852
706.558
705.267
703.98
702.7
701.426
700.159
698.895
697.631
696.36
695.072
693.758
692.404
690.998
689.525
687.973
686.33
684.587
682.735
680.769
678.688
676.488
674.17
671.732
669.173
666.489
663.672
660.714
657.599
654.312
650.832
647.136
643.198
638.992
634.49
629.664
624.488
618.934
612.977
606.59
599.748
592.422
584.587
576.213
567.273
557.743
547.599
536.824
525.405
513.335
500.613
487.248
473.253
458.653
443.48
427.777
411.595
394.994
378.044
360.822
343.41
325.898
308.378
290.947
273.678
256.767
1.5835
1.64257
1.82823
2.11478
2.43249
2.75323
3.06096
3.36939
3.72372
4.15399
4.70788
5.43651
6.39852
7.63822
9.19171
11.11
13.4676
16.3753
20.0048
24.6299
30.6802
38.7972
49.8507
64.8042
84.421
109.031
139.102
174.818
215.901
261.752
311.508
364.125
418.459
473.355
527.726
580.894
632.993
682.528
728.687
771.051
809.448
843.863
874.392
901.196
924.482
944.598
961.953
976.524
988.486
998.034
1005.38
1010.74
1014.34
1016.37
1017.03
1016.49
1014.91
1012.42
1009.16
1005.24
1000.75
995.79
990.428
984.73
978.751
972.537
966.089
959.367
952.458
945.427
938.323
931.185
924.046
916.934
909.871
902.875
895.96
889.139
882.42
875.81
869.312
862.93
856.666
850.521
844.498
838.597
832.822
827.178
821.664
816.28
811.018
805.874
800.839
795.909
791.078
786.342
781.695
777.133
772.655
768.257
763.939
759.699
755.536
751.448
747.435
743.497
739.632
735.842
732.13
728.497
724.948
721.488
718.124
714.864
711.716
708.691
705.798
703.047
700.446
698.002
695.721
693.603
691.648
689.849
688.193
686.665
685.243
683.901
682.608
681.334
680.045
678.707
677.29
675.767
674.113
672.308
670.339
668.192
665.86
663.335
660.608
657.673
654.518
651.131
647.496
643.596
639.409
634.913
630.084
624.898
619.331
613.359
606.957
600.101
592.768
584.931
576.564
567.642
558.141
548.037
537.312
525.951
513.944
501.289
487.988
474.053
459.504
444.369
428.688
412.506
395.882
378.883
361.582
344.062
326.411
308.721
291.087
273.609
256.367
239.543
1.50937
5.96114
7.5377
9.28566
11.2075
13.1434
14.8827
16.4897
18.2672
20.5954
23.8954
28.6928
35.7339
45.714
59.2786
77.3206
100.968
131.527
170.413
219.033
278.615
349.949
433.053
527.485
633.616
744.742
858.378
970.051
1074.8
1169.59
1252.81
1323.9
1383
1430.77
1468.17
1496.35
1516.59
1529.97
1537.51
1540.1
1538.53
1533.52
1525.66
1515.46
1503.37
1489.6
1474.16
1457.49
1439.93
1421.76
1403.18
1384.36
1365.44
1346.52
1327.68
1308.99
1290.49
1272.24
1254.25
1236.56
1219.18
1202.13
1185.41
1169.04
1153.02
1137.34
1122.01
1107.03
1092.41
1078.13
1064.19
1050.58
1037.29
1024.33
1011.69
999.356
987.326
975.594
964.155
953.004
942.142
931.564
921.264
911.234
901.465
891.95
882.681
873.649
864.85
856.274
847.914
839.76
831.801
824.024
816.419
808.977
801.689
794.545
787.54
780.667
773.922
767.302
760.803
754.426
748.169
742.034
736.024
730.143
724.399
718.799
713.353
708.074
702.976
698.075
693.387
688.932
684.727
680.792
677.145
673.802
670.777
668.08
665.717
663.685
661.979
660.58
659.467
658.605
657.954
657.466
657.087
656.76
656.426
656.027
655.508
654.822
653.927
652.788
651.378
649.678
647.671
645.347
642.694
639.705
636.367
632.671
628.603
624.148
619.29
614.011
608.294
602.119
595.469
588.323
580.661
572.462
563.704
554.366
544.428
533.871
522.681
510.847
498.365
485.236
471.469
457.079
442.093
426.544
410.477
393.946
377.015
359.757
342.253
324.59
306.86
289.16
271.583
254.234
237.199
220.63
5.7253
75.5281
79.4889
85.866
102.984
130.092
166.408
212.099
268.03
335.481
415.979
511.116
622.284
757.46
908.247
1067.76
1230.37
1391.17
1545.86
1690.72
1822.7
1939.48
2039.55
2122.23
2187.72
2236.94
2268.73
2283.6
2284.04
2272.66
2251.96
2224.2
2191.29
2154.82
2116.05
2075.97
2035.29
1994.56
1954.17
1914.38
1875.35
1837.21
1800.02
1763.82
1728.61
1694.42
1661.26
1629.12
1597.95
1567.71
1538.35
1509.83
1482.12
1455.18
1428.98
1403.51
1378.74
1354.65
1331.22
1308.43
1286.27
1264.72
1243.75
1223.36
1203.52
1184.22
1165.45
1147.2
1129.46
1112.21
1095.44
1079.13
1063.28
1047.85
1032.84
1018.23
1004
990.137
976.627
963.458
950.618
938.097
925.887
913.978
902.362
891.03
879.972
869.178
858.638
848.342
838.281
828.444
818.82
809.398
800.165
791.111
782.225
773.5
764.926
756.499
748.212
740.063
732.05
724.174
716.437
708.844
701.4
694.116
687.002
680.072
673.343
666.834
660.567
654.563
648.85
643.452
638.4
633.719
629.44
625.587
622.186
619.257
616.817
614.875
613.433
612.484
612.01
611.981
612.355
613.079
614.086
615.301
616.641
618.016
619.34
620.527
621.496
622.178
622.514
622.456
621.967
621.02
619.599
617.689
615.283
612.376
608.96
605.032
600.585
595.611
590.104
584.053
577.45
570.282
562.538
554.203
545.263
535.704
525.511
514.674
503.184
491.037
478.235
464.784
450.701
436.007
420.735
404.926
388.631
371.913
354.845
337.506
319.984
302.37
284.76
267.257
249.943
232.914
216.263
200.139
263.237
433.555
629.204
836.769
1044.22
1241.81
1422.67
1582.48
1719.02
1831.62
1920.77
1987.76
2034.43
2063.21
2076.58
2077.07
2067.08
2048.96
2024.81
1996.49
1965.63
1933.55
1901.33
1869.75
1839.35
1810.44
1783.33
1758.17
1734.85
1713.1
1692.63
1673.13
1654.34
1636
1617.93
1599.96
1582
1563.96
1545.81
1527.55
1509.17
1490.69
1472.12
1453.48
1434.8
1416.12
1397.47
1378.9
1360.44
1342.12
1323.95
1305.97
1288.16
1270.55
1253.14
1235.93
1218.92
1202.12
1185.52
1169.13
1152.95
1136.99
1121.25
1105.73
1090.44
1075.38
1060.56
1045.97
1031.62
1017.52
1003.67
990.06
976.7
963.585
950.709
938.067
925.653
913.459
901.478
889.703
878.128
866.746
855.553
844.543
833.714
823.063
812.587
802.282
792.143
782.165
772.344
762.673
753.148
743.761
734.505
725.373
716.36
707.459
698.667
689.98
681.398
672.921
664.551
656.294
648.155
640.144
632.272
624.554
617.007
609.65
602.507
595.601
588.961
582.616
576.599
570.942
565.683
560.856
556.497
552.643
549.328
546.584
544.439
542.915
542.029
541.788
542.187
543.213
544.833
547.003
549.659
552.723
556.1
559.685
563.361
567.007
570.505
573.739
576.607
579.016
580.893
582.179
582.832
582.821
582.13
580.75
578.68
575.92
572.474
568.348
563.545
558.07
551.925
545.112
537.629
529.473
520.642
511.131
500.936
490.054
478.488
466.241
453.322
439.749
425.544
410.737
395.369
379.491
363.163
346.458
329.459
312.255
294.938
277.607
260.341
243.234
226.378
209.871
193.81
178.34
253.24
268.704
286.808
307.72
331.329
357.245
384.886
413.561
442.544
471.144
498.746
524.851
549.091
571.223
591.129
608.791
624.327
638.264
650.623
661.485
670.976
679.252
686.484
692.849
698.524
703.676
708.463
713.027
717.493
721.969
726.534
731.245
736.139
741.228
746.51
751.964
757.56
763.26
769.3
775.574
781.969
788.382
794.715
800.878
806.79
812.375
817.568
822.312
826.559
830.274
833.427
836
837.982
839.367
840.157
840.361
839.989
839.058
837.588
835.602
833.131
830.21
826.871
823.143
819.057
814.638
809.914
804.909
799.645
794.146
788.432
782.523
776.436
770.189
763.795
757.267
750.616
743.852
736.984
730.02
722.969
715.837
708.631
701.36
694.032
686.655
679.237
671.787
664.31
656.814
649.305
641.787
634.263
626.737
619.211
611.686
604.164
596.647
589.138
581.641
574.162
566.708
559.287
551.91
544.589
537.34
530.181
523.131
516.212
509.45
502.872
496.507
490.388
484.548
479.025
473.857
469.082
464.742
460.879
457.535
454.751
452.568
451.024
450.156
449.995
450.564
451.882
453.955
456.775
460.32
464.549
469.399
474.789
480.614
486.753
493.067
499.407
505.621
511.556
517.07
522.036
526.342
529.901
532.645
534.528
535.523
535.615
534.805
533.098
530.509
527.052
522.745
517.606
511.65
504.892
497.345
489.019
479.924
470.07
459.468
448.13
436.073
423.318
409.89
395.824
381.162
365.953
350.26
334.156
317.728
301.067
284.282
267.442
250.634
233.947
217.477
201.322
185.58
170.351
155.774
86.6726
89.4065
92.5069
96.0202
99.9819
104.406
109.284
114.581
120.244
126.202
132.373
138.673
145.015
151.321
157.52
163.552
169.373
174.96
180.297
185.375
190.191
194.752
199.071
203.164
207.056
210.773
214.347
217.808
221.192
224.531
227.862
231.219
234.635
238.142
241.772
245.55
249.504
253.655
258.031
262.654
267.538
272.695
278.13
283.844
289.832
296.087
302.596
309.343
316.307
323.464
330.788
338.249
345.814
353.449
361.119
368.786
376.413
383.961
391.391
398.669
405.825
412.858
419.714
426.346
432.711
438.774
444.501
449.869
454.853
459.439
463.613
467.367
470.696
473.598
476.074
478.129
479.766
480.993
481.819
482.254
482.307
481.991
481.319
480.304
478.959
477.3
475.342
473.101
470.592
467.834
464.842
461.628
458.207
454.589
450.784
446.805
442.66
438.36
433.917
429.343
424.651
419.854
414.969
410.013
405.005
399.965
394.917
389.886
384.896
379.978
375.161
370.478
365.962
361.65
357.578
353.786
350.314
347.203
344.498
342.24
340.477
339.252
338.612
338.601
339.263
340.64
342.772
345.692
349.423
353.976
359.348
365.517
372.437
380.04
388.229
396.883
405.856
414.981
424.078
432.959
441.44
449.347
456.524
462.842
468.195
472.507
475.727
477.828
478.803
478.658
477.412
475.089
471.718
467.332
461.961
455.636
448.386
440.239
431.223
421.365
410.695
399.244
387.049
374.149
360.594
346.437
331.744
316.591
301.07
285.285
269.334
253.292
237.241
221.273
205.481
189.966
174.826
160.16
146.067
132.674
44.6816
45.4086
46.1923
47.0434
47.9719
48.9862
50.0915
51.2895
52.5782
53.9517
55.401
56.9144
58.4781
60.0771
61.6962
63.3204
64.9358
66.5301
68.0932
69.6162
71.0924
72.5167
73.8857
75.1977
76.4525
77.6511
78.7961
79.8913
80.9412
81.9516
82.9287
83.8798
84.8126
85.7352
86.6563
87.5847
88.5296
89.5004
90.5066
91.5583
92.6652
93.8375
95.0846
96.4164
97.8422
99.3711
101.012
102.773
104.663
106.689
108.858
111.177
113.652
116.287
119.087
122.055
125.193
128.501
131.98
135.625
139.437
143.412
147.545
151.828
156.249
160.797
165.455
170.208
175.036
179.919
184.836
189.764
194.681
199.562
204.384
209.123
213.754
218.255
222.604
226.778
230.757
234.524
238.061
241.355
244.392
247.163
249.659
251.876
253.824
255.511
256.931
258.08
258.957
259.564
259.903
259.978
259.798
259.367
258.697
257.798
256.681
255.36
253.852
252.172
250.339
248.373
246.296
244.131
241.903
239.639
237.365
235.112
232.91
230.791
228.787
226.934
225.266
223.822
222.639
221.757
221.217
221.063
221.34
222.094
223.375
225.233
227.728
230.912
234.834
239.539
245.064
251.436
258.666
266.748
275.648
285.305
295.627
306.487
317.726
329.154
340.563
351.733
362.442
372.484
381.672
389.848
396.886
402.696
407.219
410.424
412.304
412.871
412.153
410.186
407.011
402.675
397.223
390.705
383.167
374.659
365.229
354.928
343.813
331.942
319.38
306.201
292.488
278.336
263.862
249.166
234.326
219.426
204.557
189.817
175.304
161.118
147.36
134.123
121.499
109.601
30.1269
30.3819
30.6477
30.927
31.2225
31.5367
31.8716
32.229
32.6098
33.0143
33.4417
33.8906
34.3588
34.8435
35.3415
35.849
36.3622
36.8773
37.3907
37.8989
38.3987
38.8874
39.3625
39.822
40.2643
40.6881
41.0927
41.4775
41.8426
42.1883
42.515
42.8238
43.1158
43.3925
43.6555
43.9066
44.1478
44.3814
44.6095
44.8346
45.0592
45.286
45.5176
45.7568
46.0064
46.2692
46.5481
46.8459
47.1657
47.5102
47.8825
48.2854
48.7221
49.1955
49.7087
50.2646
50.8664
51.5172
52.2199
52.9777
53.7936
54.6707
55.6121
56.6207
57.6991
58.8499
60.0751
61.3766
62.7557
64.2132
65.7496
67.3645
69.0569
70.8251
72.6666
74.578
76.5549
78.592
80.6832
82.8212
84.9977
87.2039
89.4298
91.665
93.8985
96.1186
98.3139
100.472
102.583
104.635
106.618
108.521
110.333
112.046
113.65
115.137
116.5
117.733
118.831
119.792
120.613
121.295
121.84
122.251
122.533
122.694
122.743
122.691
122.549
122.331
122.054
121.734
121.39
121.04
120.707
120.412
120.179
120.034
120.001
120.109
120.388
120.87
121.587
122.578
123.881
125.547
127.651
130.238
133.359
137.07
141.429
146.496
152.329
158.98
166.49
174.887
184.176
194.327
205.271
216.895
229.045
241.525
254.109
266.552
278.605
290.022
300.582
310.093
318.399
325.384
330.969
335.111
337.798
339.04
338.867
337.323
334.46
330.339
325.023
318.58
311.079
302.593
293.199
282.976
272.013
260.403
248.251
235.68
222.799
209.694
196.453
183.172
169.951
156.891
144.093
131.656
119.673
108.232
97.4116
87.305
23.3725
23.4773
23.5835
23.6919
23.8035
23.919
24.0395
24.1656
24.2981
24.4374
24.584
24.7377
24.8985
25.0659
25.2393
25.4177
25.6003
25.7858
25.9731
26.161
26.3481
26.5335
26.7158
26.8941
27.0674
27.2349
27.3958
27.5495
27.6956
27.8336
27.9633
28.0845
28.1972
28.3016
28.3977
28.4859
28.5665
28.6398
28.7066
28.7672
28.8223
28.8726
28.9188
28.9617
29.0021
29.0408
29.0787
29.1166
29.1555
29.1961
29.2395
29.2866
29.3383
29.3954
29.4591
29.5302
29.6096
29.6984
29.7974
29.9076
30.0301
30.1658
30.3156
30.4806
30.6617
30.8599
31.0763
31.3116
31.5669
31.8431
32.1408
32.461
32.8044
33.1715
33.5629
33.9791
34.4203
34.8868
35.3786
35.8955
36.4371
37.0029
37.5921
38.2036
38.8362
39.4884
40.1583
40.8439
41.5428
42.2525
42.9702
43.6929
44.4174
45.1401
45.8575
46.5658
47.261
47.9396
48.5976
49.2315
49.8381
50.4143
50.9576
51.466
51.9381
52.3733
52.7717
53.1341
53.4624
53.7592
54.0283
54.2743
54.5027
54.7202
54.9343
55.1537
55.3879
55.6477
55.9448
56.2925
56.705
57.1986
57.7909
58.5019
59.354
60.3733
61.5911
63.0414
64.7626
66.7977
69.1955
72.0108
75.3045
79.1428
83.5971
88.759
94.7183
101.532
109.242
117.864
127.377
137.717
148.77
160.376
172.33
184.388
196.286
207.754
218.537
228.403
237.159
244.653
250.777
255.463
258.681
260.432
260.741
259.655
257.232
253.546
248.674
242.703
235.724
227.84
219.16
209.792
199.876
189.514
178.804
167.846
156.746
145.606
134.531
123.625
112.984
102.702
92.8634
83.5417
74.8001
66.7097
19.5625
19.6098
19.6553
19.6996
19.7434
19.7871
19.8312
19.8761
19.9224
19.9704
20.0203
20.0723
20.1267
20.1833
20.2422
20.3033
20.3663
20.431
20.497
20.564
20.6316
20.6993
20.7666
20.8332
20.8985
20.9621
21.0237
21.0828
21.1391
21.1923
21.2421
21.2882
21.3305
21.3689
21.4032
21.4333
21.4593
21.4812
21.499
21.5127
21.5226
21.5287
21.5313
21.5305
21.5266
21.5198
21.5104
21.4987
21.485
21.4695
21.4526
21.4347
21.416
21.3968
21.3777
21.3588
21.3405
21.3233
21.3073
21.293
21.2808
21.2709
21.2637
21.2595
21.2587
21.2616
21.2686
21.2798
21.2958
21.3167
21.3429
21.3746
21.412
21.4556
21.5053
21.5616
21.6244
21.6941
21.7706
21.8542
21.9448
22.0425
22.1473
22.259
22.3776
22.5029
22.6347
22.7728
22.9167
23.0662
23.2207
23.3799
23.5431
23.7098
23.8792
24.0507
24.2235
24.3968
24.5697
24.7413
24.911
25.0777
25.2407
25.3993
25.5529
25.701
25.8432
25.9794
26.1097
26.2343
26.3539
26.4694
26.5818
26.6929
26.8046
26.9191
27.0394
27.1685
27.3103
27.4691
27.6498
27.8581
28.1003
28.3839
28.7173
29.1106
29.5754
30.1255
30.7769
31.5488
32.4637
33.5486
34.8356
36.3628
38.1754
40.3279
42.8836
45.9125
49.4896
53.6919
58.5923
64.2521
70.7125
78.0072
86.1067
94.9212
104.308
114.075
123.991
133.801
143.246
152.08
160.083
167.073
172.913
177.505
180.795
182.765
183.426
182.815
180.991
178.025
174.006
169.038
163.256
156.751
149.631
142.008
133.992
125.694
117.222
108.684
100.184
91.8186
83.6787
75.8453
68.3892
61.3695
54.8321
48.8288
17.5047
17.5276
17.5485
17.5676
17.585
17.6008
17.6155
17.6296
17.6433
17.657
17.6708
17.6849
17.6995
17.7147
17.7305
17.7471
17.7643
17.7822
17.8007
17.8196
17.8389
17.8582
17.8776
17.8967
17.9154
17.9334
17.9506
17.9667
17.9815
17.9949
18.0066
18.0165
18.0244
18.0303
18.0339
18.0353
18.0343
18.0308
18.0249
18.0165
18.0056
17.9923
17.9765
17.9583
17.9378
17.915
17.8901
17.8632
17.8343
17.8036
17.7711
17.7372
17.7018
17.6651
17.6273
17.5886
17.549
17.5088
17.4681
17.427
17.3858
17.3446
17.3035
17.2627
17.2223
17.1825
17.1435
17.1053
17.0682
17.0322
16.9976
16.9643
16.9325
16.9024
16.874
16.8474
16.8227
16.8
16.7792
16.7606
16.7441
16.7297
16.7174
16.7073
16.6994
16.6935
16.6896
16.6878
16.6878
16.6897
16.6932
16.6984
16.7049
16.7127
16.7216
16.7314
16.7419
16.7528
16.764
16.7752
16.7862
16.7967
16.8065
16.8154
16.8233
16.8299
16.8352
16.8392
16.8417
16.843
16.8432
16.8425
16.8413
16.8401
16.8394
16.8401
16.8429
16.8488
16.8592
16.8752
16.8986
16.931
16.9745
17.0315
17.1047
17.1971
17.3123
17.4547
17.6293
17.8419
18.0996
18.4109
18.7863
19.2382
19.7822
20.4372
21.2269
22.1798
23.3307
24.7209
26.3984
28.4179
30.8389
33.7242
37.1325
41.1098
45.6802
50.8371
56.535
62.6855
69.1586
75.7892
82.3885
88.7586
94.7086
100.062
104.668
108.416
111.229
113.06
113.897
113.755
112.673
110.713
107.955
104.486
100.399
95.796
90.7777
85.447
79.9046
74.2475
68.5673
62.9485
57.4669
52.1885
47.1684
42.451
38.0687
34.0578
16.1348
16.146
16.1555
16.1632
16.169
16.1729
16.1751
16.1758
16.1752
16.1734
16.1706
16.167
16.1628
16.1583
16.1535
16.1485
16.1435
16.1384
16.1334
16.1283
16.1233
16.1181
16.1129
16.1074
16.1017
16.0957
16.0892
16.0821
16.0743
16.0658
16.0564
16.0461
16.0346
16.022
16.0082
15.993
15.9764
15.9584
15.9388
15.9178
15.8951
15.8708
15.8449
15.8174
15.7883
15.7576
15.7253
15.6915
15.6562
15.6194
15.5811
15.5416
15.5007
15.4586
15.4153
15.371
15.3256
15.2793
15.2321
15.1841
15.1354
15.0861
15.0362
14.9859
14.9352
14.8842
14.833
14.7817
14.7302
14.6788
14.6275
14.5763
14.5253
14.4746
14.4243
14.3743
14.3248
14.2759
14.2274
14.1796
14.1324
14.0859
14.0401
13.9951
13.9508
13.9072
13.8644
13.8224
13.781
13.7404
13.7005
13.6612
13.6225
13.5843
13.5465
13.5091
13.4721
13.4352
13.3984
13.3617
13.3249
13.2879
13.2507
13.2131
13.1752
13.1367
13.0977
13.0582
13.0182
12.9777
12.9369
12.8957
12.8543
12.813
12.7719
12.7313
12.6916
12.6531
12.6163
12.5816
12.5496
12.521
12.4964
12.4766
12.4625
12.4552
12.4558
12.4656
12.4861
12.5192
12.5668
12.6315
12.7162
12.8244
12.9603
13.1292
13.3374
13.5929
13.9054
14.2868
14.752
15.3187
16.0085
16.8469
17.8632
19.0899
20.5608
22.3084
24.3597
26.7318
29.4253
32.4204
35.6726
39.1125
42.6484
46.1714
49.5634
52.7071
55.4933
57.8289
59.641
60.8805
61.5222
61.5641
61.0254
59.9428
58.3666
56.3577
53.984
51.3175
48.4309
45.3956
42.2797
39.1456
36.0492
33.0387
30.1544
27.4285
24.8845
22.5494
15.0382
15.0396
15.0399
15.0391
15.037
15.0336
15.0288
15.0226
15.0151
15.0063
14.9962
14.9848
14.9724
14.959
14.9447
14.9296
14.9137
14.8973
14.8802
14.8626
14.8446
14.8262
14.8074
14.7883
14.7688
14.749
14.7288
14.7082
14.6872
14.6658
14.6438
14.6213
14.5982
14.5744
14.55
14.5248
14.4987
14.4718
14.4441
14.4154
14.3857
14.355
14.3234
14.2906
14.2569
14.2221
14.1862
14.1493
14.1113
14.0723
14.0322
13.9911
13.949
13.9059
13.8619
13.817
13.7711
13.7245
13.6769
13.6286
13.5796
13.5298
13.4794
13.4284
13.3768
13.3246
13.272
13.2189
13.1654
13.1116
13.0574
13.003
12.9483
12.8935
12.8385
12.7835
12.7284
12.6732
12.6182
12.5632
12.5084
12.4538
12.3994
12.3453
12.2914
12.2378
12.1845
12.1315
12.0789
12.0265
11.9744
11.9226
11.871
11.8196
11.7684
11.7173
11.6664
11.6155
11.5646
11.5138
11.4628
11.4118
11.3607
11.3094
11.258
11.2063
11.1545
11.1024
11.0502
10.9978
10.9454
10.8928
10.8403
10.7879
10.7358
10.6839
10.6325
10.5818
10.5319
10.483
10.4354
10.3892
10.3448
10.3025
10.2626
10.2254
10.1915
10.1611
10.135
10.1136
10.0976
10.0879
10.0853
10.0908
10.1059
10.1319
10.1706
10.2243
10.2956
10.3877
10.5045
10.6507
10.8321
11.0557
11.3296
11.6635
12.0686
12.557
13.1418
13.836
14.6514
15.597
16.6771
17.8887
19.2202
20.6497
22.1444
23.6622
25.1533
26.564
27.8406
28.9332
29.7997
30.4086
30.74
30.7868
30.5538
30.0564
29.3188
28.3717
27.2505
25.9927
24.6361
23.2175
21.771
20.3275
18.9139
17.5532
16.2638
15.0664
14.2079
14.1989
14.1894
14.1792
14.1684
14.1568
14.1444
14.1313
14.1173
14.1024
14.0867
14.07
14.0525
14.034
14.0148
13.9946
13.9737
13.952
13.9295
13.9062
13.8823
13.8577
13.8325
13.8067
13.7804
13.7535
13.7261
13.6983
13.6699
13.641
13.6118
13.5821
13.552
13.5214
13.4904
13.4588
13.4268
13.3942
13.3611
13.3275
13.2932
13.2584
13.2229
13.1869
13.1501
13.1127
13.0746
13.0359
12.9964
12.9563
12.9154
12.8738
12.8316
12.7886
12.7449
12.7006
12.6555
12.6098
12.5635
12.5165
12.4689
12.4207
12.3719
12.3226
12.2727
12.2223
12.1714
12.12
12.0682
12.0159
11.9632
11.9102
11.8569
11.8032
11.7493
11.6951
11.6408
11.5863
11.5317
11.4771
11.4225
11.3679
11.3133
11.2587
11.2042
11.1498
11.0953
11.041
10.9867
10.9324
10.8782
10.8241
10.77
10.716
10.662
10.608
10.5541
10.5001
10.4462
10.3922
10.3382
10.2842
10.2302
10.1761
10.122
10.0678
10.0137
9.9595
9.90532
9.85117
9.79708
9.74307
9.6892
9.63549
9.58202
9.52882
9.47598
9.42357
9.37165
9.32033
9.2697
9.21985
9.1709
9.12297
9.0762
9.03072
8.9867
8.94431
8.90374
8.86521
8.82896
8.79528
8.76449
8.73694
8.71308
8.69338
8.67845
8.66898
8.66578
8.66983
8.68229
8.70456
8.73829
8.78544
8.84835
8.92976
9.03282
9.16112
9.31867
9.50972
9.73867
10.0097
10.3264
10.6912
11.105
11.5661
12.0699
12.6085
13.1701
13.7395
14.2986
14.8274
15.3054
15.7131
16.0332
16.2521
16.3607
16.3546
16.2347
16.0064
15.6789
15.265
14.7794
14.2384
13.6587
13.0568
12.4486
11.8486
11.2702
10.7276
13.629
13.6095
13.5898
13.5698
13.5495
13.5289
13.5079
13.4866
13.4648
13.4426
13.42
13.3968
13.3731
13.349
13.3242
13.299
13.2732
13.2468
13.2199
13.1925
13.1645
13.136
13.107
13.0774
13.0474
13.0168
12.9857
12.9541
12.9221
12.8895
12.8565
12.8229
12.789
12.7546
12.7198
12.6846
12.649
12.613
12.5766
12.5397
12.5025
12.4649
12.4268
12.3884
12.3495
12.3102
12.2704
12.2302
12.1896
12.1485
12.107
12.065
12.0225
11.9796
11.9362
11.8923
11.848
11.8032
11.758
11.7123
11.6661
11.6195
11.5725
11.525
11.4771
11.4288
11.3801
11.331
11.2815
11.2317
11.1815
11.1311
11.0803
11.0293
10.978
10.9265
10.8749
10.823
10.7709
10.7188
10.6665
10.614
10.5615
10.509
10.4563
10.4036
10.3508
10.298
10.2452
10.1923
10.1394
10.0865
10.0336
9.98063
9.92772
9.87481
9.82191
9.76904
9.71618
9.66335
9.61054
9.55778
9.50505
9.45237
9.39975
9.34719
9.2947
9.2423
9.19001
9.13782
9.08577
9.03387
8.98215
8.93062
8.8793
8.82823
8.77743
8.72694
8.67678
8.62699
8.5776
8.52866
8.4802
8.43227
8.38492
8.33821
8.29218
8.2469
8.20245
8.1589
8.11634
8.07488
8.03464
7.99574
7.95836
7.92268
7.8889
7.85728
7.82813
7.80178
7.77865
7.75921
7.74405
7.73385
7.72942
7.73174
7.74197
7.76141
7.7915
7.83379
7.8899
7.96135
8.04951
8.15545
8.27994
8.42332
8.58505
8.76341
8.95547
9.15713
9.36314
9.56724
9.7624
9.94121
10.0962
10.2207
10.3086
10.3555
10.3589
10.3179
10.2337
10.1096
9.9503
9.7619
9.55162
9.32733
9.0973
8.86999
8.654
8.4579
13.2667
13.2377
13.2087
13.1796
13.1504
13.1211
13.0917
13.0622
13.0325
13.0026
12.9725
12.9423
12.9118
12.8811
12.8501
12.8188
12.7873
12.7555
12.7234
12.691
12.6583
12.6252
12.5919
12.5582
12.5242
12.4898
12.4551
12.4201
12.3848
12.3491
12.3131
12.2768
12.2402
12.2032
12.1659
12.1282
12.0903
12.052
12.0134
11.9745
11.9353
11.8958
11.8559
11.8158
11.7753
11.7346
11.6935
11.6522
11.6105
11.5686
11.5264
11.4838
11.441
11.3979
11.3544
11.3107
11.2667
11.2223
11.1777
11.1328
11.0876
11.042
10.9962
10.9501
10.9037
10.8571
10.8101
10.7629
10.7154
10.6677
10.6197
10.5715
10.5231
10.4744
10.4256
10.3765
10.3273
10.278
10.2284
10.1788
10.129
10.0791
10.0291
9.97901
9.92884
9.87861
9.82832
9.77799
9.72762
9.67723
9.62683
9.57642
9.52603
9.47565
9.4253
9.37498
9.32472
9.27451
9.22436
9.17429
9.1243
9.0744
9.02461
8.97492
8.92535
8.87591
8.8266
8.77744
8.72842
8.67957
8.63089
8.58238
8.53406
8.48592
8.43799
8.39026
8.34274
8.29544
8.24836
8.20151
8.15489
8.10852
8.06239
8.01652
7.97091
7.92558
7.88052
7.83577
7.79133
7.74723
7.7035
7.66017
7.61728
7.57488
7.53303
7.49181
7.4513
7.4116
7.37284
7.33517
7.29875
7.2638
7.23058
7.19941
7.17074
7.14517
7.12334
7.10593
7.0935
7.08661
7.08582
7.0917
7.10472
7.12523
7.15341
7.18933
7.23281
7.28337
7.34016
7.40196
7.46717
7.5338
7.59957
7.66198
7.71844
7.76644
7.80369
7.82834
7.83912
7.83546
7.8176
7.78665
7.74454
7.69402
7.63862
7.58254
7.5307
7.48869
7.46298
7.45953
13.0676
13.0314
12.9951
12.9589
12.9226
12.8863
12.8499
12.8136
12.7771
12.7406
12.7041
12.6674
12.6307
12.5939
12.557
12.5199
12.4828
12.4455
12.4081
12.3705
12.3328
12.295
12.257
12.2188
12.1805
12.142
12.1034
12.0645
12.0255
11.9863
11.9469
11.9073
11.8676
11.8276
11.7875
11.7472
11.7067
11.666
11.6251
11.584
11.5428
11.5013
11.4597
11.4179
11.3759
11.3337
11.2913
11.2487
11.206
11.1631
11.12
11.0767
11.0332
10.9896
10.9458
10.9018
10.8576
10.8132
10.7687
10.724
10.6791
10.6341
10.5889
10.5435
10.4979
10.4522
10.4063
10.3603
10.3141
10.2678
10.2213
10.1747
10.1279
10.081
10.034
9.98694
9.93973
9.89242
9.84504
9.79757
9.75005
9.70246
9.65483
9.60716
9.55947
9.51176
9.46405
9.41634
9.36864
9.32097
9.27334
9.22576
9.17823
9.13078
9.0834
9.03611
8.98893
8.94185
8.8949
8.84808
8.8014
8.75486
8.70848
8.66227
8.61623
8.57037
8.52468
8.47919
8.43389
8.38878
8.34386
8.29914
8.25461
8.21027
8.16611
8.12213
8.07832
8.03468
7.99118
7.94783
7.90461
7.8615
7.81849
7.77556
7.73271
7.68991
7.64716
7.60444
7.56174
7.51905
7.47637
7.4337
7.39105
7.34843
7.30586
7.26336
7.22096
7.17873
7.1367
7.09497
7.05361
7.01275
6.97255
6.93325
6.89526
6.85908
6.82515
6.79387
6.76543
6.73998
6.71762
6.69848
6.6827
6.67044
6.66181
6.65688
6.65564
6.65802
6.66383
6.67275
6.68436
6.69813
6.71344
6.72961
6.74596
6.76182
6.77667
6.79015
6.80213
6.81282
6.82282
6.83318
6.84545
6.86178
6.88496
6.91856
6.9671
7.03623
7.13316
7.2643
12.9722
12.9314
12.8906
12.8498
12.8089
12.7679
12.7269
12.6859
12.6448
12.6036
12.5624
12.5211
12.4798
12.4383
12.3969
12.3553
12.3137
12.272
12.2303
12.1885
12.1466
12.1046
12.0626
12.0205
11.9783
11.936
11.8937
11.8513
11.8088
11.7662
11.7235
11.6808
11.6379
11.595
11.552
11.509
11.4658
11.4226
11.3792
11.3358
11.2924
11.2488
11.2052
11.1614
11.1176
11.0738
11.0298
10.9858
10.9417
10.8975
10.8532
10.8089
10.7645
10.72
10.6755
10.6308
10.5861
10.5414
10.4965
10.4516
10.4067
10.3616
10.3165
10.2713
10.2261
10.1808
10.1355
10.0901
10.0446
9.99913
9.9536
9.90802
9.86242
9.81678
9.77113
9.72546
9.67979
9.63411
9.58843
9.54277
9.49713
9.45152
9.40594
9.36041
9.31493
9.26952
9.22418
9.17891
9.13374
9.08867
9.04371
8.99887
8.95416
8.90959
8.86517
8.82091
8.77683
8.73292
8.6892
8.64568
8.60237
8.55927
8.51639
8.47373
8.43131
8.38912
8.34717
8.30546
8.26398
8.22273
8.18171
8.14091
8.10033
8.05995
8.01976
7.97974
7.93988
7.90016
7.86056
7.82104
7.7816
7.74219
7.70279
7.66338
7.62391
7.58436
7.5447
7.5049
7.46492
7.42475
7.38435
7.34371
7.30281
7.26163
7.22018
7.17845
7.13645
7.0942
7.05171
7.00903
6.96621
6.92331
6.88048
6.83795
6.79643
6.75676
6.71882
6.68262
6.64822
6.61571
6.58517
6.55672
6.53044
6.50647
6.48489
6.46582
6.44935
6.43557
6.42454
6.41631
6.41093
6.40842
6.40881
6.41215
6.41854
6.42813
6.4412
6.45815
6.47959
6.5064
6.53976
6.58127
6.63307
6.69793
6.7795
6.88249
7.01309
7.17936
7.39204
7.66095
12.9308
12.8878
12.8447
12.8015
12.7582
12.7148
12.6713
12.6277
12.584
12.5402
12.4963
12.4524
12.4083
12.3642
12.32
12.2757
12.2314
12.1869
12.1424
12.0979
12.0532
12.0085
11.9638
11.919
11.8742
11.8293
11.7843
11.7394
11.6943
11.6493
11.6042
11.5591
11.514
11.4688
11.4236
11.3784
11.3332
11.288
11.2427
11.1975
11.1522
11.1069
11.0617
11.0164
10.9711
10.9258
10.8805
10.8353
10.79
10.7447
10.6995
10.6542
10.609
10.5638
10.5185
10.4733
10.4281
10.383
10.3378
10.2927
10.2475
10.2024
10.1573
10.1123
10.0673
10.0223
9.97733
9.93241
9.88754
9.84272
9.79795
9.75324
9.70859
9.66401
9.61951
9.57508
9.53074
9.48649
9.44235
9.39831
9.35438
9.31058
9.26691
9.22337
9.17998
9.13674
9.09367
9.05076
9.00804
8.9655
8.92317
8.88104
8.83913
8.79745
8.756
8.7148
8.67386
8.63318
8.59277
8.55264
8.5128
8.47325
8.43399
8.39504
8.35639
8.31805
8.28001
8.24227
8.20483
8.16767
8.1308
8.09419
8.05784
8.02172
7.98582
7.95012
7.91458
7.87918
7.84389
7.80867
7.77349
7.7383
7.70307
7.66776
7.63231
7.59667
7.56082
7.52469
7.48824
7.45143
7.41422
7.37657
7.33843
7.29979
7.26062
7.22089
7.1806
7.13975
7.09834
7.05643
7.01407
6.97142
6.92879
6.88668
6.84559
6.80581
6.76742
6.7305
6.69512
6.66135
6.62929
6.59903
6.57071
6.54445
6.5204
6.49873
6.47962
6.46327
6.4499
6.43976
6.43313
6.43033
6.43173
6.43777
6.44898
6.46602
6.4897
6.52103
6.56128
6.61207
6.67548
6.75415
6.8515
6.97192
7.12117
7.30678
7.53871
7.83011
8.19884
8.6622
12.913
12.8691
12.8251
12.7809
12.7367
12.6923
12.6478
12.6032
12.5585
12.5137
12.4687
12.4237
12.3786
12.3333
12.288
12.2426
12.1971
12.1516
12.106
12.0603
12.0145
11.9687
11.9229
11.877
11.8311
11.7851
11.7391
11.6931
11.6471
11.6011
11.5551
11.5091
11.463
11.417
11.371
11.325
11.2791
11.2331
11.1872
11.1414
11.0955
11.0497
11.004
10.9583
10.9126
10.867
10.8214
10.7759
10.7305
10.6851
10.6398
10.5945
10.5493
10.5042
10.4591
10.4141
10.3692
10.3244
10.2796
10.2349
10.1903
10.1458
10.1014
10.057
10.0128
9.96865
9.92463
9.88072
9.83694
9.79327
9.74974
9.70635
9.66311
9.62001
9.57708
9.53431
9.49171
9.44929
9.40707
9.36504
9.32321
9.2816
9.24021
9.19905
9.15813
9.11746
9.07704
9.0369
8.99703
8.95744
8.91815
8.87917
8.8405
8.80216
8.76415
8.72648
8.68917
8.65221
8.61563
8.57941
8.54358
8.50814
8.47308
8.43842
8.40415
8.37027
8.33677
8.30365
8.27091
8.23853
8.20649
8.17479
8.14339
8.11228
8.08143
8.0508
8.02037
7.99009
7.95992
7.92982
7.89974
7.86961
7.8394
7.80903
7.77846
7.74761
7.71642
7.68483
7.65278
7.6202
7.58704
7.55323
7.51874
7.4835
7.4475
7.4107
7.37309
7.3347
7.29558
7.25583
7.21562
7.17522
7.13499
7.09529
7.05644
7.01866
6.98213
6.94697
6.91331
6.88128
6.85102
6.82268
6.79643
6.77248
6.75105
6.7324
6.71682
6.70464
6.69624
6.69206
6.6926
6.69847
6.71035
6.72906
6.75561
6.79118
6.83724
6.89558
6.96844
7.05861
7.16962
7.30595
7.47332
7.67914
7.93305
8.24771
8.63997
9.13222
9.75505
10.5397
12.9077
12.8638
12.8197
12.7756
12.7314
12.6871
12.6427
12.5982
12.5537
12.5091
12.4644
12.4196
12.3748
12.3299
12.285
12.24
12.1951
12.15
12.105
12.0599
12.0148
11.9697
11.9246
11.8796
11.8345
11.7894
11.7444
11.6993
11.6543
11.6094
11.5645
11.5196
11.4747
11.4299
11.3852
11.3405
11.2959
11.2513
11.2068
11.1624
11.118
11.0737
11.0295
10.9853
10.9413
10.8973
10.8533
10.8095
10.7657
10.7221
10.6785
10.635
10.5916
10.5483
10.5051
10.4619
10.4189
10.376
10.3332
10.2905
10.248
10.2056
10.1633
10.1211
10.0791
10.0373
9.99557
9.95405
9.91272
9.87158
9.83063
9.7899
9.74937
9.70907
9.66901
9.62919
9.58962
9.55031
9.51128
9.47253
9.43408
9.39593
9.35809
9.32058
9.2834
9.24657
9.2101
9.174
9.13827
9.10294
9.06801
9.03349
8.9994
8.96573
8.93252
8.89975
8.86745
8.83562
8.80426
8.77339
8.74302
8.71313
8.68374
8.65484
8.62644
8.59853
8.5711
8.54415
8.51765
8.4916
8.46597
8.44074
8.41588
8.39136
8.36714
8.34318
8.31943
8.29585
8.27236
8.24892
8.22546
8.20191
8.17819
8.15422
8.12993
8.10524
8.08005
8.05429
8.02787
8.00072
7.97276
7.94393
7.91416
7.88342
7.85169
7.81895
7.78525
7.75066
7.7153
7.67936
7.64308
7.60672
7.57059
7.53498
7.50015
7.46634
7.43376
7.40262
7.37312
7.34547
7.31991
7.29669
7.27609
7.25844
7.2441
7.2335
7.22711
7.22548
7.22926
7.23919
7.25614
7.28114
7.3154
7.36039
7.41786
7.48993
7.5792
7.68887
7.8229
7.98622
8.18503
8.42715
8.72256
9.08403
9.52814
10.0766
10.7581
11.6112
12.6884
14.0461
12.9186
12.8759
12.8331
12.7904
12.7476
12.7049
12.6622
12.6195
12.5768
12.5341
12.4915
12.4489
12.4064
12.3639
12.3214
12.279
12.2366
12.1943
12.1521
12.1099
12.0678
12.0258
11.9838
11.9419
11.9001
11.8584
11.8167
11.7751
11.7336
11.6922
11.6508
11.6095
11.5683
11.5272
11.4862
11.4452
11.4043
11.3635
11.3227
11.2821
11.2415
11.201
11.1605
11.1201
11.0799
11.0396
10.9995
10.9595
10.9195
10.8796
10.8398
10.8001
10.7605
10.721
10.6817
10.6424
10.6033
10.5643
10.5255
10.4868
10.4483
10.4099
10.3718
10.3338
10.2961
10.2585
10.2212
10.1842
10.1474
10.1109
10.0747
10.0387
10.0031
9.96778
9.9328
9.89816
9.86388
9.82996
9.79643
9.76329
9.73056
9.69825
9.66637
9.63494
9.60397
9.57347
9.54345
9.51393
9.48492
9.45643
9.42847
9.40106
9.37421
9.34792
9.32221
9.29709
9.27257
9.24865
9.22535
9.20266
9.18059
9.15914
9.13832
9.11812
9.09853
9.07956
9.06117
9.04337
9.02613
9.00942
8.99322
8.9775
8.96221
8.94731
8.93275
8.91847
8.90441
8.8905
8.87666
8.86281
8.84886
8.83473
8.8203
8.8055
8.7902
8.77431
8.75773
8.74035
8.72209
8.70285
8.68257
8.66118
8.63865
8.61497
8.59016
8.56428
8.53742
8.50972
8.48137
8.45258
8.4236
8.39472
8.3662
8.33834
8.31144
8.28579
8.26169
8.23947
8.21946
8.20204
8.18761
8.17664
8.16963
8.16719
8.16998
8.17877
8.19446
8.21807
8.25083
8.29414
8.34967
8.41943
8.50576
8.61153
8.74017
8.89585
9.08365
9.30981
9.582
9.90969
10.3047
10.7816
11.3588
12.0597
12.9138
13.9596
15.2474
16.8448
18.8453
21.3529
12.9682
12.9292
12.8904
12.8517
12.8131
12.7748
12.7365
12.6985
12.6605
12.6227
12.5851
12.5476
12.5103
12.4731
12.436
12.399
12.3622
12.3255
12.2889
12.2525
12.2161
12.1798
12.1436
12.1075
12.0715
12.0356
11.9998
11.964
11.9282
11.8926
11.857
11.8214
11.7859
11.7505
11.7151
11.6797
11.6444
11.6091
11.5738
11.5386
11.5035
11.4684
11.4333
11.3983
11.3634
11.3285
11.2937
11.259
11.2244
11.1899
11.1556
11.1213
11.0872
11.0533
11.0196
10.986
10.9527
10.9195
10.8867
10.854
10.8217
10.7896
10.7578
10.7263
10.6952
10.6645
10.634
10.604
10.5744
10.5452
10.5164
10.488
10.4602
10.4328
10.4058
10.3794
10.3535
10.3281
10.3033
10.279
10.2553
10.2322
10.2097
10.1878
10.1665
10.1459
10.1259
10.1066
10.0879
10.0699
10.0527
10.0361
10.0203
10.0052
9.99083
9.97722
9.96436
9.95227
9.94096
9.93041
9.92064
9.91165
9.90343
9.89598
9.88929
9.88335
9.87814
9.87363
9.86981
9.86664
9.86407
9.86208
9.8606
9.85958
9.85895
9.85863
9.85856
9.85864
9.85877
9.85885
9.85878
9.85845
9.85773
9.85651
9.85468
9.85212
9.84872
9.84438
9.83902
9.83255
9.82494
9.81614
9.80617
9.79505
9.78286
9.7697
9.75571
9.74108
9.72603
9.7108
9.69569
9.68101
9.6671
9.65436
9.64317
9.63401
9.62735
9.62374
9.6238
9.62818
9.63767
9.65314
9.67556
9.70607
9.74597
9.79678
9.86024
9.93839
10.0336
10.1487
10.2871
10.4526
10.65
10.8848
11.1639
11.4952
11.8886
12.3557
12.9108
13.5709
14.357
15.2942
16.4134
17.7524
19.3583
21.2909
23.6283
26.4751
29.9821
34.3241
13.113
13.0822
13.0516
13.0213
12.9913
12.9615
12.9318
12.9024
12.8732
12.8442
12.8152
12.7865
12.7578
12.7293
12.7008
12.6724
12.6441
12.6158
12.5876
12.5594
12.5312
12.503
12.4748
12.4465
12.4183
12.39
12.3617
12.3334
12.305
12.2766
12.2481
12.2197
12.1911
12.1626
12.1341
12.1055
12.0769
12.0484
12.0199
11.9914
11.963
11.9347
11.9065
11.8784
11.8504
11.8226
11.795
11.7675
11.7403
11.7134
11.6867
11.6603
11.6342
11.6085
11.5831
11.5582
11.5336
11.5095
11.4858
11.4626
11.4399
11.4177
11.3961
11.375
11.3545
11.3346
11.3153
11.2966
11.2787
11.2613
11.2447
11.2288
11.2136
11.1991
11.1854
11.1724
11.1602
11.1488
11.1382
11.1283
11.1193
11.1112
11.1038
11.0974
11.0917
11.087
11.0831
11.0801
11.078
11.0769
11.0766
11.0773
11.0789
11.0814
11.085
11.0895
11.0949
11.1014
11.1088
11.1173
11.1268
11.1372
11.1487
11.1612
11.1746
11.1891
11.2045
11.2209
11.2381
11.2563
11.2753
11.2951
11.3157
11.3369
11.3587
11.3811
11.4039
11.4271
11.4505
11.474
11.4975
11.5209
11.5441
11.567
11.5894
11.6112
11.6324
11.6528
11.6723
11.691
11.7088
11.7256
11.7416
11.7567
11.7712
11.7851
11.7987
11.8122
11.8259
11.8401
11.8553
11.8719
11.8906
11.9118
11.9363
11.9649
11.9985
12.0381
12.085
12.1404
12.2059
12.2832
12.3743
12.4815
12.6074
12.7551
12.9282
13.1307
13.3674
13.644
13.967
14.344
14.784
15.2976
15.8971
16.5969
17.4142
18.3686
19.4833
20.7854
22.3065
24.0832
26.1589
28.5848
31.4224
34.7485
38.6629
43.3034
48.886
55.6824
13.4553
13.4378
13.4204
13.4031
13.3859
13.3687
13.3516
13.3344
13.3172
13.2999
13.2825
13.265
13.2474
13.2296
13.2117
13.1936
13.1753
13.1568
13.1382
13.1193
13.1002
13.081
13.0616
13.042
13.0222
13.0023
12.9822
12.9621
12.9418
12.9215
12.9012
12.8808
12.8605
12.8401
12.8199
12.7998
12.7798
12.7599
12.7403
12.7209
12.7018
12.683
12.6646
12.6465
12.6289
12.6117
12.595
12.5789
12.5633
12.5483
12.534
12.5204
12.5074
12.4952
12.4838
12.4732
12.4634
12.4545
12.4465
12.4394
12.4333
12.4282
12.424
12.4209
12.4188
12.4178
12.4179
12.4191
12.4214
12.4248
12.4294
12.4351
12.4419
12.45
12.4592
12.4695
12.4811
12.4938
12.5077
12.5228
12.5391
12.5566
12.5753
12.5952
12.6164
12.6387
12.6623
12.6871
12.7131
12.7405
12.769
12.7989
12.8301
12.8625
12.8964
12.9315
12.9681
13.0061
13.0455
13.0863
13.1286
13.1724
13.2177
13.2645
13.3129
13.3628
13.4143
13.4674
13.5221
13.5783
13.636
13.6953
13.756
13.8182
13.8818
13.9468
14.013
14.0804
14.1489
14.2185
14.2889
14.3602
14.4322
14.5047
14.5778
14.6513
14.7251
14.7991
14.8733
14.9476
15.0221
15.0968
15.1718
15.2472
15.3231
15.4
15.478
15.5577
15.6394
15.7239
15.8119
15.9042
16.0019
16.1062
16.2184
16.3401
16.4731
16.6196
16.7819
16.9627
17.1651
17.3928
17.6496
17.9402
18.2699
18.6446
19.0712
19.5574
20.1122
20.7457
21.4695
22.2966
23.242
24.3225
25.5571
26.9671
28.5765
30.4121
32.5034
34.8835
37.5888
40.6598
44.1414
48.0845
52.5485
57.6061
63.356
69.9496
77.6711
86.9521
14.1368
14.1355
14.1337
14.1315
14.1289
14.1257
14.1221
14.1179
14.1133
14.1081
14.1025
14.0963
14.0897
14.0826
14.0751
14.0672
14.0589
14.0502
14.0412
14.032
14.0225
14.0127
14.0029
13.9929
13.9828
13.9728
13.9628
13.9528
13.9431
13.9335
13.9242
13.9152
13.9066
13.8984
13.8907
13.8835
13.877
13.8712
13.8661
13.8617
13.8583
13.8557
13.8541
13.8536
13.8542
13.8559
13.8588
13.863
13.8686
13.8755
13.8839
13.8937
13.9051
13.9181
13.9327
13.949
13.967
13.9868
14.0084
14.0317
14.0569
14.084
14.113
14.1439
14.1767
14.2114
14.2481
14.2867
14.3272
14.3697
14.4142
14.4605
14.5089
14.5591
14.6112
14.6653
14.7213
14.7791
14.8388
14.9004
14.9639
15.0292
15.0964
15.1655
15.2364
15.3092
15.3839
15.4605
15.5391
15.6196
15.7021
15.7866
15.8733
15.962
16.053
16.1462
16.2418
16.3398
16.4402
16.5432
16.6489
16.7573
16.8686
16.9828
17.1001
17.2205
17.3441
17.471
17.6014
17.7352
17.8726
18.0136
18.1583
18.3068
18.459
18.6149
18.7747
18.9383
19.1056
19.2767
19.4514
19.6298
19.8117
19.9971
20.186
20.3782
20.5736
20.7724
20.9744
21.1796
21.3882
21.6003
21.816
22.0357
22.2598
22.4888
22.7233
22.9643
23.2126
23.4695
23.7366
24.0154
24.3081
24.6169
24.9447
25.2944
25.6697
26.0745
26.5134
26.9915
27.5146
28.0891
28.7223
29.422
30.1971
31.0576
32.0142
33.0788
34.2646
35.5858
37.0581
38.6983
40.5245
42.5563
44.8145
47.321
50.0991
53.1729
56.5676
60.309
64.4237
68.9389
73.8831
79.2867
85.1846
91.6228
98.6799
106.522
115.561
126.59
15.319
15.3325
15.3449
15.3563
15.3667
15.3762
15.3849
15.3927
15.3997
15.406
15.4117
15.4168
15.4214
15.4256
15.4294
15.4329
15.4363
15.4396
15.4428
15.4462
15.4497
15.4534
15.4575
15.4621
15.4672
15.4729
15.4794
15.4867
15.4949
15.5041
15.5145
15.5261
15.5391
15.5535
15.5695
15.5871
15.6066
15.6279
15.6512
15.6767
15.7043
15.7343
15.7666
15.8016
15.8391
15.8794
15.9225
15.9686
16.0176
16.0698
16.1251
16.1837
16.2457
16.311
16.3798
16.452
16.5279
16.6073
16.6904
16.7771
16.8675
16.9616
17.0595
17.161
17.2662
17.3751
17.4877
17.604
17.7239
17.8474
17.9745
18.1052
18.2394
18.377
18.5181
18.6627
18.8106
18.9619
19.1165
19.2744
19.4357
19.6003
19.7682
19.9395
20.1141
20.2921
20.4736
20.6586
20.8471
21.0394
21.2355
21.4355
21.6396
21.8478
22.0605
22.2777
22.4998
22.7268
22.9591
23.1968
23.4404
23.6899
23.9458
24.2083
24.4776
24.7542
25.0383
25.3302
25.6302
25.9387
26.2558
26.5818
26.9171
27.2617
27.616
27.9801
28.3542
28.7384
29.1327
29.5373
29.9522
30.3773
30.8128
31.2585
31.7144
32.1804
32.6567
33.143
33.6395
34.1463
34.6636
35.1915
35.7306
36.2814
36.8446
37.4212
38.0123
38.6195
39.2444
39.8893
40.5565
41.2491
41.9703
42.7239
43.5144
44.3465
45.2257
46.1582
47.1504
48.2098
49.3441
50.5619
51.8726
53.2858
54.812
56.4623
58.2484
60.1823
62.2768
64.5449
66.9999
69.6556
72.5258
75.6241
78.9643
82.5595
86.4224
90.565
94.998
99.7308
104.771
110.125
115.796
121.788
128.107
134.765
141.842
149.602
158.433
169.513
17.2141
17.2411
17.2669
17.2917
17.3156
17.3387
17.3611
17.3829
17.4044
17.4256
17.4466
17.4677
17.489
17.5105
17.5326
17.5553
17.5788
17.6032
17.6288
17.6557
17.684
17.714
17.7458
17.7797
17.8157
17.8541
17.8951
17.9389
17.9857
18.0357
18.089
18.1459
18.2067
18.2714
18.3404
18.4139
18.492
18.5749
18.6629
18.7563
18.8551
18.9597
19.0701
19.1867
19.3096
19.4389
19.575
19.7179
19.8677
20.0248
20.1891
20.3609
20.5402
20.7271
20.9218
21.1243
21.3347
21.553
21.7792
22.0134
22.2556
22.5058
22.7638
23.0298
23.3037
23.5853
23.8746
24.1716
24.4761
24.7881
25.1074
25.434
25.7677
26.1085
26.4563
26.8109
27.1723
27.5405
27.9153
28.2968
28.6849
29.0796
29.4809
29.8889
30.3037
30.7253
31.1539
31.5897
32.0329
32.4836
32.9422
33.4089
33.8841
34.3682
34.8616
35.3647
35.878
36.402
36.9372
37.4843
38.0437
38.6162
39.2023
39.8027
40.418
41.0488
41.6958
42.3595
43.0407
43.7399
44.4576
45.1943
45.9504
46.7264
47.5226
48.3392
49.1766
50.0347
50.9136
51.8133
52.7338
53.6747
54.6359
55.6172
56.618
57.6382
58.6773
59.735
60.8109
61.9048
63.0164
64.1458
65.2931
66.4585
67.6426
68.8461
70.07
71.3159
72.5853
73.8804
75.2038
76.5583
77.9475
79.3752
80.8458
82.364
83.9353
85.5656
87.261
89.0281
90.8741
92.8064
94.8328
96.9612
99.2
101.558
104.043
106.664
109.429
112.348
115.428
118.677
122.101
125.708
129.503
133.49
137.669
142.042
146.605
151.351
156.269
161.346
166.561
171.892
177.314
182.81
188.463
194.481
201.32
210.89
20.2445
20.2903
20.3359
20.3816
20.4274
20.4738
20.5208
20.5689
20.6182
20.6691
20.7219
20.7768
20.8342
20.8944
20.9577
21.0245
21.095
21.1697
21.2488
21.3328
21.422
21.5168
21.6176
21.7247
21.8386
21.9597
22.0885
22.2253
22.3707
22.525
22.6887
22.8624
23.0464
23.2413
23.4476
23.6657
23.8961
24.1394
24.3961
24.6665
24.9512
25.2508
25.5655
25.896
26.2425
26.6056
26.9856
27.3829
27.7978
28.2307
28.6817
29.1512
29.6394
30.1463
30.6722
31.2171
31.781
32.364
32.9659
33.5866
34.226
34.8839
35.5601
36.2543
36.9662
37.6954
38.4415
39.2042
39.983
40.7775
41.5873
42.4118
43.2507
44.1034
44.9696
45.8488
46.7406
47.6447
48.5608
49.4884
50.4274
51.3777
52.339
53.3113
54.2945
55.2888
56.2942
57.311
58.3394
59.3798
60.4325
61.4981
62.577
63.6699
64.7775
65.9005
67.0397
68.1958
69.3698
70.5626
71.7751
73.0081
74.2626
75.5394
76.8394
78.1634
79.5123
80.8867
82.2871
83.7141
85.1681
86.6494
88.158
89.6939
91.2569
92.8467
94.4627
96.1042
97.7702
99.4597
101.171
102.904
104.655
106.424
108.208
110.006
111.815
113.634
115.461
117.293
119.129
120.966
122.805
124.643
126.479
128.313
130.144
131.973
133.8
135.627
137.454
139.285
141.122
142.968
144.827
146.704
148.604
150.532
152.495
154.499
156.551
158.658
160.827
163.066
165.383
167.786
170.28
172.875
175.574
178.385
181.311
184.355
187.518
190.798
194.193
197.694
201.29
204.967
208.703
212.471
216.24
219.97
223.615
227.124
230.445
233.531
236.373
239.107
242.381
249.244
25.4501
25.5413
25.6363
25.7356
25.8394
25.9485
26.0634
26.1847
26.313
26.449
26.5933
26.7467
26.9099
27.0835
27.2684
27.4653
27.675
27.8985
28.1365
28.3899
28.6598
28.947
29.2525
29.5774
29.9227
30.2896
30.6792
31.0925
31.5309
31.9955
32.4876
33.0084
33.5592
34.1414
34.7561
35.4048
36.0887
36.809
37.5671
38.3641
39.2013
40.0798
41.0005
41.9646
42.973
44.0263
45.1254
46.2709
47.4631
48.7024
49.9889
51.3227
52.7036
54.1312
55.6052
57.1247
58.6889
60.2968
61.9473
63.6388
65.37
67.1392
68.9446
70.7842
72.656
74.5581
76.4881
78.4438
80.4231
82.4237
84.4434
86.4799
88.5312
90.5951
92.6698
94.7532
96.8438
98.9398
101.04
103.143
105.247
107.352
109.457
111.562
113.665
115.767
117.868
119.967
122.066
124.164
126.263
128.362
130.464
132.568
134.675
136.788
138.906
141.031
143.164
145.307
147.46
149.625
151.801
153.99
156.193
158.41
160.642
162.888
165.148
167.422
169.709
172.008
174.318
176.638
178.966
181.299
183.635
185.972
188.306
190.634
192.954
195.261
197.552
199.822
202.069
204.289
206.477
208.63
210.745
212.819
214.848
216.832
218.768
220.655
222.492
224.28
226.019
227.71
229.356
230.961
232.527
234.059
235.563
237.045
238.51
239.968
241.424
242.887
244.366
245.868
247.402
248.976
250.597
252.274
254.01
255.813
257.686
259.63
261.646
263.732
265.882
268.089
270.34
272.621
274.909
277.18
279.403
281.539
283.544
285.368
286.953
288.235
289.144
289.606
289.549
288.908
287.642
285.876
284.052
286.939
36.2649
36.5262
36.8051
37.1026
37.4203
37.7596
38.1224
38.5102
38.9248
39.3679
39.8415
40.3473
40.8875
41.4641
42.0792
42.735
43.434
44.1784
44.9708
45.8138
46.7101
47.6624
48.6738
49.747
50.8852
52.0915
53.369
54.7208
56.1504
57.6608
59.2553
60.9372
62.7095
64.5752
66.5374
68.5988
70.7619
73.0292
75.4027
77.8841
80.475
83.1765
85.989
88.9129
91.9478
95.0929
98.3469
101.708
105.173
108.74
112.405
116.163
120.011
123.942
127.95
132.031
136.176
140.379
144.633
148.929
153.261
157.621
162
166.391
170.786
175.178
179.558
183.921
188.259
192.567
196.838
201.067
205.249
209.379
213.455
217.473
221.43
225.325
229.154
232.919
236.617
240.249
243.816
247.317
250.755
254.13
257.445
260.702
263.903
267.05
270.146
273.193
276.195
279.153
282.072
284.952
287.797
290.609
293.39
296.143
298.868
301.567
304.241
306.891
309.518
312.122
314.702
317.257
319.788
322.291
324.766
327.211
329.622
331.998
334.335
336.628
338.876
341.074
343.218
345.303
347.326
349.282
351.168
352.979
354.712
356.364
357.932
359.414
360.808
362.113
363.328
364.455
365.494
366.449
367.321
368.115
368.837
369.491
370.084
370.623
371.117
371.574
372.002
372.412
372.812
373.211
373.619
374.044
374.494
374.975
375.494
376.054
376.659
377.308
377.999
378.728
379.488
380.267
381.05
381.818
382.549
383.213
383.776
384.201
384.441
384.444
384.155
383.51
382.44
380.868
378.718
375.909
372.356
367.978
362.698
356.454
349.196
341.05
332.238
329.732
68.474
69.4658
70.5352
71.6857
72.923
74.2517
75.6762
77.2008
78.8302
80.5692
82.423
84.3969
86.4963
88.7269
91.0946
93.6055
96.2657
99.0817
102.06
105.207
108.529
112.033
115.726
119.614
123.702
127.998
132.507
137.233
142.183
147.36
152.768
158.41
164.287
170.401
176.752
183.339
190.159
197.208
204.483
211.976
219.679
227.584
235.679
243.953
252.391
260.98
269.702
278.54
287.476
296.492
305.566
314.678
323.808
332.935
342.037
351.093
360.084
368.989
377.79
386.468
395.006
403.389
411.602
419.632
427.469
435.101
442.521
449.721
456.697
463.445
469.962
476.248
482.303
488.129
493.729
499.107
504.267
509.215
513.958
518.503
522.856
527.025
531.02
534.846
538.514
542.031
545.406
548.645
551.758
554.751
557.631
560.406
563.08
565.661
568.153
570.56
572.888
575.139
577.317
579.424
581.461
583.43
585.332
587.167
588.934
590.633
592.262
593.82
595.305
596.714
598.044
599.292
600.455
601.528
602.51
603.395
604.18
604.862
605.438
605.903
606.256
606.494
606.616
606.62
606.506
606.274
605.925
605.462
604.887
604.205
603.419
602.537
601.566
600.512
599.384
598.192
596.946
595.656
594.331
592.984
591.624
590.262
588.907
587.567
586.249
584.96
583.704
582.482
581.292
580.132
578.997
577.875
576.752
575.611
574.43
573.184
571.84
570.359
568.7
566.818
564.658
562.159
559.257
555.883
551.962
547.415
542.159
536.109
529.179
521.283
512.338
502.266
490.995
478.465
464.621
449.429
432.843
414.955
395.666
382.264
82.2645
80.9411
79.7154
78.5854
77.5486
76.6033
75.7477
74.9807
74.3012
73.7084
73.2016
72.7804
72.4446
72.194
72.0288
71.9491
71.9555
72.0485
72.2288
72.4971
72.8546
73.3022
73.8412
74.4726
75.1979
76.0183
76.9352
77.9499
79.0637
80.2779
81.5935
83.0116
84.5331
86.1585
87.8883
89.7227
91.6613
93.7037
95.849
98.0958
100.442
102.886
105.425
108.054
110.772
113.572
116.45
119.401
122.418
125.496
128.627
131.804
135.019
138.265
141.533
144.816
148.104
151.39
154.665
157.922
161.152
164.348
167.503
170.611
173.664
176.658
179.588
182.448
185.236
187.948
190.582
193.136
195.608
197.998
200.307
202.534
204.68
206.748
208.739
210.655
212.5
214.276
215.986
217.635
219.226
220.762
222.248
223.688
225.086
226.445
227.769
229.063
230.331
231.575
232.8
234.008
235.204
236.389
237.568
238.742
239.915
241.087
242.262
243.442
244.627
245.819
247.02
248.231
249.452
250.684
251.928
253.184
254.452
255.732
257.024
258.327
259.642
260.967
262.302
263.647
264.999
266.359
267.725
269.096
270.472
271.851
273.232
274.615
275.998
277.381
278.763
280.143
281.522
282.898
284.273
285.646
287.017
288.387
289.756
291.125
292.495
293.865
295.238
296.614
297.993
299.375
300.76
302.148
303.538
304.927
306.314
307.696
309.069
310.427
311.766
313.079
314.355
315.586
316.759
317.863
318.881
319.795
320.587
321.237
321.721
322.011
322.08
321.899
321.434
320.649
319.51
317.981
316.019
313.586
310.64
307.132
303.04
298.162
293.591
286.452
526.279
550.388
565.117
570.023
568.09
560.453
548.448
531.553
528.416
527.481
526.378
524.85
523.105
521.466
520.348
520.237
521.737
525.501
532.494
543.428
560.515
583.131
620.309
658.281
362.383
277.593
286.271
292.882
296.267
296.883
295.079
291.07
284.328
279.335
274.684
269.844
264.737
259.413
253.972
248.548
243.293
238.384
234.011
230.405
227.782
226.505
226.768
229.325
233.524
191.442
232.551
237.604
241.574
243.55
243.423
241.305
237.412
232.222
227.386
222.369
217.012
211.324
205.37
199.24
193.033
186.857
180.825
175.05
169.65
164.743
160.458
156.94
154.235
152.494
137.674
221.018
224.154
226.471
227.266
226.23
223.467
219.361
214.347
209.127
203.538
197.563
191.261
184.714
178.014
171.254
164.529
157.933
151.553
145.471
139.773
134.522
129.832
125.612
122.149
113.452
221.66
223.256
224.102
223.646
221.585
218.115
213.555
208.206
202.403
196.136
189.464
182.477
175.281
167.972
160.645
153.393
146.302
139.447
132.896
126.714
120.939
115.663
110.758
106.54
99.7287
228.139
228.246
227.603
225.847
222.77
218.53
213.344
207.414
200.915
193.903
186.48
178.762
170.878
162.93
155.013
147.229
139.654
132.359
125.401
118.835
112.68
107.015
101.693
97.0364
90.9012
237.647
236.212
234.099
231.085
226.987
221.904
215.97
209.315
202.044
194.24
186.033
177.558
168.973
160.375
151.863
143.55
135.505
127.795
120.469
113.572
107.11
101.15
95.5357
90.581
84.7031
248.638
245.66
242.142
237.904
232.757
226.73
219.92
212.427
204.329
195.724
186.75
177.551
168.274
159.035
149.938
141.12
132.631
124.539
116.885
109.703
102.99
96.799
90.969
85.8011
80.0264
260.148
255.693
250.77
245.235
238.938
231.87
224.1
215.708
206.765
197.372
187.67
177.801
167.906
158.109
148.514
139.231
130.338
121.908
113.974
106.558
99.6476
93.283
87.2985
81.9817
76.2613
271.46
265.504
259.146
252.269
244.758
236.59
227.816
218.504
208.724
198.576
188.197
177.727
167.299
157.034
147.035
137.396
128.189
119.478
111.321
103.729
96.6787
90.1986
84.1183
78.7104
73.0431
281.89
274.455
266.669
258.44
249.693
240.404
230.616
220.392
209.803
198.949
187.958
176.964
166.092
155.456
145.152
135.263
125.852
116.969
108.655
100.952
93.8247
87.29
81.1738
75.7312
70.14
290.944
282.084
272.909
263.356
253.388
242.991
232.208
221.105
209.754
198.254
186.723
175.287
164.062
153.153
142.646
132.612
123.101
114.152
105.791
98.0487
90.9114
84.3868
78.2972
72.8774
67.3985
298.273
288.065
277.568
266.751
255.609
244.149
232.421
220.492
208.441
196.362
184.369
172.576
161.089
150.003
139.391
129.311
119.801
110.889
102.582
94.8967
87.821
81.3746
75.3761
70.0376
64.7143
303.643
292.181
280.453
268.457
256.221
243.771
231.168
218.487
205.809
193.23
180.856
168.792
157.132
145.959
135.334
125.301
115.887
107.103
98.945
91.4116
84.4772
78.1791
72.3371
67.1385
62.0174
306.912
294.303
281.452
268.385
255.155
241.813
228.429
215.085
201.871
188.879
176.21
163.96
152.213
141.038
130.485
120.584
111.349
102.776
94.8481
87.5505
80.8413
74.7603
69.1385
64.1368
59.2645
308.001
294.363
280.513
266.5
252.399
238.281
224.228
210.331
196.681
183.373
170.502
158.154
146.403
135.308
124.904
115.21
106.225
97.9341
90.3073
83.316
76.9075
71.1097
65.7678
61.0153
56.4356
306.878
292.341
277.628
262.81
247.979
233.22
218.628
204.299
190.33
176.813
163.838
151.483
139.814
128.875
118.692
109.271
100.6
92.6503
85.382
78.7543
72.7069
67.252
62.2417
57.7835
53.5335
303.545
288.251
272.828
257.361
241.954
226.707
211.722
197.099
182.938
169.329
156.358
144.094
132.592
121.887
111.994
102.906
94.6016
87.0423
80.1774
73.9565
68.3152
63.2475
58.6076
54.4772
50.5814
298.018
282.122
266.147
250.191
234.366
218.782
203.546
188.764
174.532
160.942
148.07
135.981
124.717
114.306
104.749
96.0337
88.1257
80.9793
74.5365
68.7387
63.5217
58.8545
54.6007
50.8157
47.2807
290.335
273.977
257.592
241.288
225.183
209.394
194.03
179.2
165.002
151.521
138.831
126.986
116.022
105.954
96.7767
88.4661
80.981
74.2683
68.2636
62.9028
58.1196
53.8629
50.0076
46.5794
43.4125
280.603
263.939
247.3
230.806
214.576
198.731
183.384
168.642
154.603
141.347
128.942
117.434
106.85
97.195
88.4539
80.5943
73.5675
67.3144
61.7662
56.8548
52.5109
48.666
45.2088
42.1401
39.338
268.921
252.11
235.381
218.858
202.662
186.917
171.735
157.224
143.475
130.566
118.557
107.484
97.3643
88.1934
79.9469
72.5845
66.0505
60.2806
55.2031
50.7489
46.8378
43.396
40.3255
37.6086
35.1572
255.389
238.601
221.952
205.569
189.574
174.09
159.23
145.097
131.777
119.342
107.842
97.3051
87.7378
79.1246
71.4321
64.6134
58.6056
53.3411
48.7467
44.7426
41.2492
38.1947
35.4922
33.1117
30.9885
240.113
223.527
207.138
191.074
175.455
160.402
146.025
132.422
119.672
107.84
96.9653
87.0666
78.139
70.1561
63.0752
56.8453
51.3961
46.6518
42.5355
38.9702
35.8798
33.1953
30.8392
28.7753
26.9538
223.21
207.022
191.085
175.527
160.466
146.018
132.289
119.37
107.333
96.2312
86.0943
76.932
68.7271
61.4424
55.0257
49.4146
44.5369
40.3164
36.6765
33.5425
30.8425
28.5114
26.4808
24.7124
23.1657
204.828
189.249
173.969
159.112
144.794
131.128
118.211
106.128
94.9414
84.6924
75.3988
67.0557
59.6364
53.0958
47.3749
42.4053
38.113
34.4218
31.2569
28.5472
26.2257
24.2324
22.5071
21.014
19.7166
185.087
170.327
155.91
141.955
128.573
115.867
103.93
92.832
82.6263
73.3414
64.9828
57.534
50.9587
45.2046
40.208
35.8976
32.1988
29.0376
26.3424
24.0469
22.0899
20.4179
18.9785
17.7407
16.6699
164.28
150.565
137.224
124.371
112.112
100.541
89.7375
79.7626
70.655
62.4309
55.084
48.5876
42.8977
37.9566
33.6979
30.0502
26.9411
24.3001
22.0611
20.1637
18.5538
17.1846
16.0115
15.0088
14.146
142.928
130.476
118.42
106.865
95.9057
85.6257
76.0916
67.3504
59.428
52.3284
46.0349
40.5128
35.7129
31.5755
28.0344
25.0212
22.4682
20.3111
18.491
16.9548
15.6563
14.556
13.6168
12.8189
12.1341
121.275
110.295
99.7164
89.6321
80.125
71.2646
63.1038
55.6762
48.9948
43.0532
37.8267
33.2754
29.3483
25.9867
23.1281
20.7097
18.6709
16.9554
15.5127
14.2982
13.2738
12.4078
11.67
11.0461
10.5104
99.861
90.5362
81.5944
73.1158
65.1698
57.8121
51.0818
44.9999
39.5692
34.7753
30.589
26.9691
23.8665
21.2268
18.9942
17.114
15.5345
14.2088
13.0954
12.1587
11.3687
10.7008
10.1315
9.65112
9.23706
79.3818
71.8364
64.6296
57.828
51.4873
45.6501
40.3435
35.5789
31.3519
27.6445
24.427
21.6613
19.3033
17.3065
15.624
14.2107
13.0252
12.0302
11.1936
10.4884
9.89189
9.38606
8.95338
8.58787
8.27056
60.6609
54.9219
49.4525
44.3052
39.5236
35.1394
31.1712
27.6246
24.4929
21.7586
19.3958
17.3726
15.6534
14.201
12.9789
11.9525
11.0903
10.3644
9.75144
9.23187
8.78964
8.4121
8.08681
7.81099
7.56913
44.5758
40.5337
36.6722
33.0344
29.6549
26.5583
23.7591
21.2611
19.059
17.1398
15.4838
14.0677
12.8651
11.8491
10.993
10.2719
9.66324
9.14751
8.70844
8.33277
8.00971
7.731
7.48846
7.28212
7.09901
31.3851
28.8256
26.3578
24.0146
21.8237
19.8057
17.9737
16.3335
14.8837
13.6176
12.5233
11.586
10.7887
10.1134
9.54226
9.05833
8.64649
8.2939
7.99008
7.72664
7.49695
7.29637
7.12015
6.97117
6.837
21.1242
19.734
18.3655
17.0438
15.7905
14.6225
13.5523
12.587
11.729
10.9763
10.3237
9.76319
9.28506
8.87842
8.53208
8.23537
7.97894
7.75532
7.55868
7.38468
7.23018
7.09363
6.97306
6.87429
6.78359
14.4163
13.7613
13.094
12.4319
11.7905
11.183
10.6197
10.1076
9.65051
9.24928
8.9021
8.60507
8.35262
8.13806
7.95416
7.79402
7.65237
7.52574
7.41183
7.30915
7.2169
7.1357
7.06541
7.01514
6.96796
10.4824
10.2231
9.94629
9.66204
9.38018
9.10951
8.85737
8.62927
8.42863
8.25683
8.11332
7.99582
7.90055
7.82266
7.75682
7.69836
7.64572
7.599
7.55774
7.52146
7.49026
7.4662
7.45079
7.45687
7.46379
8.39934
8.33194
8.25495
8.17328
8.09212
8.01647
7.95075
7.89849
7.86194
7.84198
7.83806
7.84816
7.86904
7.8966
7.92675
7.95685
7.99029
8.02816
8.06795
8.10869
8.15125
8.19948
8.25752
8.3425
8.43184
7.48441
7.50758
7.53138
7.55824
7.59078
7.63158
7.68302
7.74707
7.82498
7.91708
8.0227
8.14011
8.26679
8.39995
8.53778
8.67987
8.82573
8.97352
9.12126
9.26858
9.41778
9.57529
9.74967
9.96251
10.1947
7.33414
7.40775
7.49099
7.58571
7.69378
7.81704
7.95728
8.11617
8.29503
8.49466
8.71527
8.95639
9.21689
9.49498
9.78815
10.0932
10.4064
10.7239
11.0432
11.3648
11.6931
12.0383
12.4159
12.8506
13.3379
7.769
7.88596
8.0218
8.17881
8.35952
8.56656
8.80282
9.07137
9.37532
9.71747
10.1
10.5241
10.9894
11.4935
12.032
12.5986
13.186
13.7877
14.3996
15.022
15.6616
16.3317
17.0545
17.8527
18.7528
8.81582
8.98598
9.18855
9.42725
9.70672
10.032
10.4089
10.8437
11.3433
11.914
12.5609
13.2869
14.0918
14.9712
15.917
16.9177
17.9601
19.0319
20.1242
21.2336
22.3635
23.5224
24.7345
26.0199
27.4272
10.7464
10.9884
11.2893
11.6548
12.0932
12.6137
13.2271
13.9456
14.7816
15.7464
16.8481
18.0897
19.4675
20.9702
22.5793
24.2704
26.0151
27.787
29.5629
31.3234
33.0548
34.75
36.4402
38.1523
39.8546
14.3294
14.6887
15.157
15.7446
16.4676
17.3431
18.3908
19.6319
21.0862
22.7685
24.685
26.83
29.1837
31.7136
34.374
37.1085
39.8554
42.5618
45.1759
47.6437
49.9208
52.0045
53.9376
55.6071
56.7417
21.7417
22.3098
23.1035
24.1429
25.4566
27.0716
29.0155
31.3123
33.9748
36.9983
40.3539
43.9852
47.8099
51.7372
55.6556
59.4436
62.985
66.2402
69.128
71.5638
73.5112
74.9836
75.8406
75.9413
75.3884
34.851
35.7623
37.1058
38.9107
41.2055
44.0011
47.2976
51.0728
55.2744
59.8193
64.5812
69.4032
74.1169
78.6334
82.7891
86.4407
89.4856
91.8724
93.5834
94.6397
95.074
94.8702
93.8462
92.2987
90.2099
56.6191
58.0411
60.155
62.9796
66.4831
70.5857
75.1803
80.1205
85.2455
90.3988
95.3517
99.8993
103.879
107.189
109.776
111.624
112.747
113.185
113.001
112.285
111.035
109.202
106.891
104.47
101.669
88.6423
90.6243
93.3948
96.9824
101.201
105.801
110.531
115.13
119.362
123.04
126.039
128.296
129.801
130.59
130.722
130.27
129.311
127.922
126.199
124.202
121.87
119.393
116.817
114.516
112.041
128.675
131.097
133.765
136.944
140.269
143.388
146.045
148.065
149.357
149.914
149.793
149.081
147.879
146.28
144.371
142.23
139.924
137.524
135.131
132.736
130.371
128.301
126.511
125.28
123.824
171.21
172.827
174.009
175.006
175.475
175.22
174.226
172.57
170.381
167.809
164.99
162.045
159.053
156.073
153.15
150.33
147.659
145.193
143.076
141.273
139.863
139.049
138.816
139.489
139.799
211.318
210.277
208.36
205.462
201.78
197.477
192.826
188.071
183.399
178.93
174.736
170.877
167.332
164.096
161.181
158.619
156.458
154.761
153.631
153.137
153.41
154.672
156.925
160.627
163.723
247.362
242.02
235.038
227.54
219.886
212.467
205.579
199.365
193.854
189.007
184.756
181.046
177.827
175.084
172.837
171.148
170.101
169.795
170.368
171.992
174.883
179.372
185.517
194.111
201.739
281.38
270.359
258.059
246.411
235.934
226.988
219.549
213.44
208.432
204.305
200.885
198.063
195.796
194.107
193.079
192.848
193.584
195.454
198.697
203.645
210.678
220.367
232.912
249.833
265.362
319.907
302.361
284.813
270.33
259.115
250.681
244.433
239.819
236.384
233.794
231.849
230.472
229.693
229.64
230.521
232.608
236.224
241.669
249.354
259.91
274.035
292.776
316.625
348.544
379.068
374.896
350.568
329.264
315.023
306.113
300.67
297.574
295.973
295.285
295.185
295.563
296.49
298.184
300.977
305.304
311.686
320.725
332.981
349.117
370.355
398
433.957
479.38
539.522
601.834
354.359
343.402
327.024
312.507
303.43
299.287
297.878
298.223
299.778
302.236
305.459
309.439
314.271
320.128
327.242
335.888
346.362
358.871
374.024
391.724
412.388
436.543
464.861
498.386
544.28
)
;

boundaryField
{
    inlet
    {
        type            fixedValue;
        value           uniform 14.855;
    }
    outlet
    {
        type            zeroGradient;
    }
    upperWall
    {
        type            zeroGradient;
    }
    lowerWall
    {
        type            zeroGradient;
    }
    frontAndBack
    {
        type            empty;
    }
}


// ************************************************************************* //
