/*--------------------------------*- C++ -*----------------------------------*\
| =========                 |                                                 |
| \\      /  F ield         | OpenFOAM: The Open Source CFD Toolbox           |
|  \\    /   O peration     | Version:  1.4.2                                 |
|   \\  /    A nd           | Web:      http://www.openfoam.org               |
|    \\/     M anipulation  |                                                 |
\*---------------------------------------------------------------------------*/
FoamFile
{
    version     2.0;
    format      ascii;
    class       volScalarField;
    object      epsilon;
    location    "750";
}
// * * * * * * * * * * * * * * * * * * * * * * * * * * * * * * * * * * * * * //

dimensions      [0 2 -3 0 0 0 0];

internalField   nonuniform List<scalar> 
12225
(
443.026
353.452
290.586
245.345
212.188
187.594
169.245
155.572
145.485
138.21
133.183
129.986
128.301
127.881
128.529
130.083
132.409
135.671
60.1656
73.6155
79.568
83.6949
87.714
92.3538
97.9684
104.74
112.766
122.099
132.759
144.737
157.998
172.478
188.08
204.667
221.993
240.122
26.2958
33.71
37.845
40.6833
42.9299
44.9526
46.9639
49.0916
51.4156
53.9865
56.8363
59.983
63.4328
67.1796
71.2027
75.4583
79.8566
84.2333
18.7355
22.7235
25.4806
27.3758
28.8178
30.0126
31.0724
32.0707
33.0568
34.0635
35.1122
36.2166
37.3839
38.6159
39.9086
41.2516
42.6246
43.9836
16.1687
18.1634
19.9327
21.292
22.3447
23.1852
23.8878
24.5055
25.0724
25.6103
26.1342
26.6543
27.1774
27.7072
28.2449
28.7893
29.3364
29.8673
15.2354
16.0864
17.0484
17.9368
18.6892
19.3116
19.8309
20.2729
20.659
21.0059
21.3259
21.6276
21.9172
22.1984
22.4739
22.7446
23.0097
23.2588
14.8942
15.17
15.5864
16.0522
16.5062
16.9217
17.2896
17.6101
17.8892
18.1348
18.3542
18.5533
18.7368
18.9085
19.0708
19.2254
19.3723
19.5053
14.7876
14.838
14.9915
15.2092
15.4537
15.7009
15.9368
16.1543
16.351
16.5276
16.6862
16.8291
16.959
17.0782
17.1887
17.2919
17.3884
17.4747
14.7441
14.6884
14.7003
14.7662
14.8675
14.9882
15.1163
15.2439
15.3661
15.4805
15.586
15.6827
15.7712
15.8523
15.9269
15.996
16.0601
16.1176
14.7239
14.6134
14.5425
14.5091
14.5063
14.5261
14.5613
14.6058
14.655
14.7057
14.7557
14.8038
14.8493
14.8918
14.9314
14.9682
15.0023
15.0329
14.7149
14.579
14.4658
14.3758
14.3077
14.2585
14.2249
14.2034
14.191
14.1852
14.184
14.1858
14.1895
14.1942
14.1995
14.2049
14.2103
14.2149
14.7109
14.5642
14.4319
14.3142
14.2111
14.1218
14.0449
13.9791
13.9228
13.8744
13.8326
13.7964
13.7645
13.7363
13.711
13.6881
13.6673
13.6481
14.7089
14.5577
14.4176
14.2882
14.1691
14.0601
13.9605
13.8699
13.7873
13.7121
13.6436
13.5809
13.5235
13.4707
13.422
13.3769
13.335
13.2965
14.7076
14.5544
14.4112
14.2772
14.1518
14.0345
13.925
13.8227
13.7273
13.6382
13.5551
13.4774
13.4048
13.3368
13.2731
13.2134
13.1573
13.1055
14.7067
14.5523
14.4076
14.2717
14.1439
14.0235
13.9101
13.8033
13.7025
13.6074
13.5177
13.433
13.353
13.2774
13.2059
13.1383
13.0744
13.0149
14.706
14.5507
14.4052
14.2684
14.1394
14.0178
13.9029
13.7943
13.6915
13.5941
13.5018
13.4143
13.3313
13.2524
13.1775
13.1063
13.0389
12.9759
14.7055
14.5497
14.4036
14.2662
14.1367
14.0144
13.8988
13.7894
13.6857
13.5874
13.494
13.4054
13.3211
13.241
13.1648
13.0922
13.0234
12.9591
14.7053
14.5494
14.403
14.2654
14.1356
14.013
13.8971
13.7873
13.6833
13.5846
13.4909
13.4019
13.3173
13.2369
13.1603
13.0875
13.0184
12.9539
14.7055
14.5497
14.4035
14.2659
14.1362
14.0138
13.8981
13.7886
13.685
13.5868
13.4937
13.4054
13.3216
13.2421
13.1665
13.0948
13.0269
12.9637
14.706
14.5507
14.4051
14.2683
14.1396
14.0185
13.9045
13.7971
13.6959
13.6006
13.5107
13.426
13.346
13.2705
13.1992
13.1318
13.0683
13.0095
14.7068
14.5528
14.4093
14.2755
14.151
14.0353
13.9279
13.8284
13.7361
13.6504
13.5708
13.4968
13.4279
13.3635
13.3034
13.2471
13.1944
13.146
14.7086
14.5589
14.4227
14.3001
14.1905
14.0931
14.0068
13.9303
13.8623
13.8016
13.747
13.6976
13.6526
13.6113
13.5731
13.5376
13.5045
13.4743
14.7142
14.5802
14.4708
14.3853
14.3209
14.2739
14.2405
14.2172
14.2011
14.1898
14.1815
14.175
14.1693
14.1638
14.1581
14.1519
14.1451
14.1383
14.7358
14.6588
14.6349
14.6534
14.7004
14.7639
14.8349
14.9068
14.9754
15.0383
15.0944
15.1431
15.1847
15.2195
15.2482
15.2714
15.2899
15.3046
14.8205
14.9298
15.138
15.3947
15.6602
15.9123
16.14
16.3384
16.5073
16.6492
16.7675
16.8658
16.9471
17.0144
17.0699
17.1159
17.154
17.1858
15.1412
15.7855
16.517
17.2068
17.7961
18.2813
18.6742
18.9897
19.2424
19.4453
19.6092
19.7427
19.8527
19.9444
20.0219
20.0885
20.1466
20.1979
16.3189
18.2995
19.9621
21.2351
22.1813
22.8822
23.4045
23.7998
24.1052
24.3458
24.5398
24.7003
24.8371
24.9574
25.0667
25.1688
25.2666
25.3618
20.7544
25.6375
28.6922
30.5982
31.8393
32.6632
33.2222
33.6186
33.9176
34.1613
34.3773
34.5833
34.7908
35.0072
35.2367
35.4818
35.743
36.0194
43.9611
54.4815
58.7074
60.4208
60.9763
60.9915
60.8475
60.7574
60.7884
60.9696
61.3102
61.8084
62.4571
63.246
64.1635
65.1971
66.3321
67.561
332.626
280.253
240.732
210.192
186.153
166.941
151.386
138.653
128.129
119.362
112.006
105.799
100.536
96.0548
92.2271
88.9494
86.1384
83.7249
0.0217454
0.028124
0.0398557
0.05326
0.0670704
0.0809294
0.095053
0.110179
0.12748
0.146675
0.167623
0.190181
0.214401
0.240581
0.269441
0.30036
0.333276
0.368576
0.406542
0.447435
0.491531
0.539128
0.590555
0.646164
0.70634
0.771495
0.84207
0.918539
1.0014
1.0912
1.18851
1.29392
1.40809
1.53168
1.66543
1.8101
1.9665
2.13549
2.31798
2.51496
2.72744
2.95652
3.20338
3.46926
3.7555
4.06352
4.39487
4.7512
5.13434
5.54626
5.98914
6.46543
6.97788
7.52966
8.12448
8.76679
9.46203
10.217
11.0406
11.9445
12.9445
14.0624
15.329
16.7882
18.5039
20.5703
23.1289
26.3977
30.7211
36.6611
39.3483
42.0407
44.8785
47.875
51.0373
54.3724
57.8874
61.5891
65.4847
69.5812
73.886
78.4061
83.1489
88.1218
93.3321
98.7872
104.495
110.462
116.697
123.208
130
137.083
144.464
152.15
160.148
168.464
177.106
186.079
195.387
205.036
215.027
225.362
236.041
247.063
258.422
270.114
282.129
294.458
307.088
320.004
333.191
346.631
360.307
374.203
388.306
402.606
417.107
431.838
446.736
461.647
476.533
491.353
506.06
520.607
534.939
549.002
562.736
576.081
588.975
601.353
613.15
624.301
634.742
644.411
653.246
661.191
668.194
674.212
679.205
683.143
686.006
687.781
688.469
688.08
686.636
684.169
680.723
676.35
671.112
665.08
658.333
650.951
643.016
634.619
625.852
616.797
607.538
598.16
588.738
579.343
570.045
560.903
551.972
543.3
534.932
526.903
519.245
511.978
505.119
498.665
492.582
487.05
482.003
477.251
472.726
468.352
464.075
459.565
455.133
449.095
0.0677962
0.0565604
0.0586212
0.0646309
0.0728994
0.083389
0.0961419
0.111201
0.128511
0.148178
0.170198
0.194221
0.220354
0.248707
0.279389
0.312431
0.347913
0.385981
0.426803
0.470569
0.517486
0.567782
0.621706
0.679526
0.741534
0.808041
0.879378
0.955899
1.03798
1.12602
1.22044
1.32168
1.43022
1.54655
1.67121
1.80476
1.94779
2.10094
2.26488
2.44033
2.62806
2.82889
3.0437
3.27342
3.51909
3.78179
4.06273
4.36322
4.6847
5.02875
5.39713
5.79182
6.21505
6.66933
7.15755
7.68303
8.24964
8.86191
9.52521
10.2459
11.0318
11.8923
12.8384
13.8834
15.042
16.3288
17.7547
19.3193
20.994
22.69
24.1874
25.7044
27.2902
28.9555
30.7048
32.5413
34.4681
36.4884
38.6052
40.8217
43.141
45.5663
48.1006
50.7472
53.5093
56.3899
59.3922
62.5192
65.7741
69.1597
72.6791
76.335
80.1301
84.0669
88.1477
92.3745
96.7489
101.272
105.946
110.77
115.744
120.867
126.139
131.556
137.116
142.815
148.65
154.614
160.703
166.911
173.232
179.658
186.184
192.804
199.511
206.304
213.178
220.134
227.183
234.24
241.28
248.284
255.229
262.096
268.859
275.496
281.98
288.285
294.384
300.249
305.853
311.168
316.165
320.819
325.104
328.995
332.47
335.509
338.097
340.218
341.864
343.029
343.71
343.91
343.639
342.906
341.729
340.128
338.129
335.76
333.052
330.039
326.757
323.243
319.538
315.677
311.699
307.642
303.54
299.427
295.337
291.297
287.336
283.478
279.745
276.156
272.728
269.473
266.4
263.512
260.811
258.339
256.1
253.99
251.978
250.028
248.107
246.158
244.487
244.339
0.128428
0.0935194
0.0897592
0.0949448
0.104733
0.118027
0.134143
0.152571
0.173344
0.196511
0.222095
0.250083
0.280491
0.313349
0.348706
0.386627
0.427199
0.470542
0.516808
0.566172
0.618839
0.675037
0.735016
0.799048
0.867426
0.940464
1.0185
1.10189
1.191
1.28625
1.38806
1.49687
1.61317
1.73744
1.87024
2.01212
2.16368
2.32556
2.49844
2.68305
2.88015
3.09057
3.31518
3.55494
3.81085
4.08401
4.37562
4.68694
5.01938
5.37447
5.75387
6.15943
6.59317
7.0573
7.5543
8.08684
8.65787
9.27059
9.92845
10.6351
11.3946
12.2108
13.0879
14.0298
15.0394
16.118
17.2634
18.4679
19.7173
20.9923
22.2803
23.613
25.0061
26.4657
27.9953
29.5975
31.2747
33.0294
34.8639
36.7807
38.782
40.8703
43.0479
45.317
47.68
50.1391
52.6964
55.3541
58.1141
60.9785
63.9489
67.0271
70.2147
73.513
76.9231
80.446
84.0823
87.8324
91.6963
95.6736
99.7636
103.965
108.277
112.696
117.221
121.848
126.575
131.397
136.31
141.31
146.392
151.552
156.783
162.082
167.442
172.86
178.328
183.845
189.388
194.924
200.436
205.908
211.324
216.667
221.921
227.066
232.085
236.956
241.661
246.179
250.489
254.572
258.407
261.975
265.257
268.235
270.895
273.222
275.204
276.832
278.098
278.998
279.533
279.704
279.517
278.981
278.108
276.915
275.418
273.64
271.605
269.337
266.864
264.214
261.416
258.5
255.495
252.43
249.331
246.227
243.142
240.1
237.122
234.229
231.436
228.76
226.214
223.806
221.544
219.432
217.472
215.675
214.031
212.492
211.031
209.626
208.269
206.98
206.117
206.661
0.208968
0.140805
0.131403
0.136517
0.148317
0.16409
0.182724
0.203981
0.227801
0.254184
0.283143
0.314693
0.348853
0.38565
0.425129
0.467358
0.51243
0.560466
0.61162
0.666076
0.724043
0.785761
0.851489
0.921514
0.996143
1.0757
1.16055
1.25105
1.34761
1.45064
1.56058
1.67792
1.80314
1.93677
2.07938
2.23154
2.39391
2.56713
2.75193
2.94905
3.15929
3.38352
3.62263
3.87761
4.14948
4.43936
4.74844
5.07798
5.42937
5.80407
6.20366
6.62985
7.08447
7.56946
8.08692
8.63904
9.22813
9.85654
10.5266
11.2407
12.001
12.8095
13.6677
14.577
15.5381
16.5508
17.614
18.7253
19.8816
21.0809
22.3256
23.624
24.9824
26.4046
27.8934
29.451
31.0798
32.7819
34.5595
36.4146
38.3495
40.3661
42.4665
44.6526
46.9264
49.2896
51.744
54.2912
56.9329
59.6703
62.5048
65.4376
68.4696
71.6016
74.8343
78.168
81.6029
85.139
88.7759
92.513
96.3494
100.284
104.315
108.44
112.658
116.966
121.361
125.839
130.398
135.033
139.739
144.512
149.348
154.24
159.184
164.173
169.201
174.255
179.313
184.357
189.373
194.346
199.263
204.109
208.869
213.527
218.067
222.471
226.722
230.802
234.695
238.382
241.845
245.069
248.038
250.735
253.148
255.264
257.073
258.567
259.739
260.587
261.109
261.308
261.188
260.757
260.027
259.009
257.72
256.18
254.408
252.427
250.26
247.933
245.473
242.905
240.256
237.551
234.817
232.077
229.355
226.672
224.048
221.501
219.049
216.703
214.477
212.378
210.412
208.583
206.893
205.339
203.908
202.575
201.318
200.124
198.998
197.996
197.436
198.003
0.309038
0.198826
0.180986
0.18479
0.197047
0.214048
0.23457
0.258114
0.284471
0.313561
0.345361
0.379879
0.417138
0.457176
0.500051
0.545842
0.594655
0.646625
0.701916
0.760722
0.823263
0.889789
0.960573
1.03591
1.11612
1.20155
1.29257
1.38955
1.49292
1.60311
1.72058
1.84583
1.97939
2.12179
2.27363
2.43553
2.60814
2.79217
2.98836
3.19748
3.42038
3.65794
3.9111
4.18084
4.46823
4.7744
5.10052
5.44786
5.81777
6.21166
6.63103
7.07747
7.55265
8.05832
8.59628
9.16843
9.77665
10.4229
11.1089
11.8365
12.6072
13.4225
14.2835
15.1912
16.1462
17.1492
18.2006
19.3009
20.4508
21.652
22.9072
24.2205
25.5955
27.035
28.5416
30.1174
31.7648
33.4858
35.2827
37.1574
39.1121
41.1486
43.269
45.4751
47.7686
50.1512
52.6244
55.1897
57.8483
60.6015
63.4501
66.3951
69.4371
72.5766
75.814
79.1492
82.5824
86.113
89.7407
93.4647
97.284
101.197
105.203
109.3
113.486
117.758
122.114
126.551
131.065
135.652
140.308
145.028
149.807
154.639
159.517
164.435
169.385
174.346
179.302
184.24
189.145
194.006
198.808
203.539
208.184
212.728
217.155
221.45
225.597
229.579
233.379
236.98
240.368
243.525
246.438
249.091
251.471
253.568
255.37
256.871
258.065
258.948
259.518
259.778
259.732
259.388
258.754
257.843
256.67
255.254
253.612
251.767
249.741
247.558
245.243
242.822
240.319
237.761
235.172
232.576
229.995
227.451
224.963
222.55
220.227
218.006
215.9
213.916
212.059
210.333
208.736
207.263
205.901
204.633
203.442
202.318
201.275
200.372
199.884
200.273
0.424591
0.264022
0.23517
0.235232
0.246624
0.264261
0.286207
0.311609
0.340071
0.371412
0.405563
0.442513
0.482286
0.524936
0.570538
0.619192
0.671023
0.726184
0.784856
0.847244
0.913582
0.984128
1.05917
1.139
1.22396
1.31439
1.41068
1.51321
1.62242
1.73876
1.86271
1.99476
2.13548
2.28542
2.4452
2.61546
2.79689
2.99021
3.19618
3.41562
3.64939
3.8984
4.16361
4.44603
4.74673
5.06685
5.40758
5.77017
6.15594
6.56627
7.00261
7.46647
7.95941
8.48307
9.03909
9.62919
10.2551
10.9184
11.6209
12.3642
13.1497
13.9789
14.853
15.7733
16.7411
17.7575
18.8241
19.9424
21.1143
22.3423
23.6289
24.9771
26.3898
27.8695
29.4187
31.0398
32.7351
34.5068
36.3572
38.2885
40.3027
42.402
44.5884
46.8636
49.2295
51.6877
54.2397
56.8868
59.6303
62.4711
65.4102
68.4482
71.5856
74.8227
78.1596
81.5963
85.1324
88.7677
92.5013
96.3327
100.261
104.284
108.402
112.612
116.913
121.302
125.777
130.334
134.971
139.682
144.463
149.31
154.215
159.173
164.176
169.217
174.28
179.348
184.405
189.439
194.437
199.387
204.276
209.091
213.817
218.439
222.944
227.316
231.538
235.594
239.468
243.145
246.609
249.843
252.834
255.567
258.03
260.21
262.098
263.687
264.97
265.944
266.606
266.96
267.007
266.757
266.216
265.398
264.316
262.988
261.433
259.671
257.724
255.616
253.373
251.019
248.578
246.077
243.542
240.995
238.458
235.952
233.501
231.119
228.824
226.626
224.538
222.567
220.718
218.993
217.39
215.902
214.518
213.224
212.005
210.852
209.781
208.845
208.27
208.365
0.547138
0.331774
0.288902
0.284415
0.294595
0.312535
0.335561
0.362461
0.392649
0.42584
0.461908
0.50082
0.542601
0.587313
0.635052
0.685941
0.740127
0.797784
0.859111
0.924328
0.993682
1.06744
1.14589
1.22934
1.31812
1.41259
1.51314
1.62015
1.73408
1.85536
1.9845
2.12201
2.26846
2.42442
2.59052
2.76743
2.95585
3.15652
3.37024
3.59783
3.84017
4.0982
4.37289
4.66527
4.97644
5.30752
5.65972
6.03429
6.43254
6.85584
7.30562
7.78334
8.29053
8.82877
9.39967
10.0049
10.646
11.3248
12.0429
12.8019
13.6035
14.4493
15.3409
16.2798
17.2679
18.3069
19.3988
20.5456
21.7499
23.014
24.3408
25.7329
27.193
28.7239
30.3282
32.0083
33.7668
35.6063
37.5291
39.5377
41.6344
43.8214
46.1009
48.4749
50.9453
53.5138
56.1821
58.9515
61.8231
64.7982
67.8773
71.0611
74.3501
77.7444
81.244
84.8487
88.5581
92.3718
96.289
100.309
104.431
108.653
112.974
117.394
121.909
126.518
131.217
136.005
140.877
145.828
150.854
155.948
161.104
166.314
171.569
176.862
182.168
187.471
192.76
198.02
203.239
208.406
213.506
218.526
223.453
228.272
232.968
237.526
241.929
246.163
250.21
254.055
257.682
261.077
264.224
267.11
269.721
272.046
274.076
275.801
277.217
278.32
279.107
279.579
279.741
279.599
279.161
278.439
277.446
276.2
274.719
273.024
271.134
269.076
266.875
264.554
262.135
259.651
257.125
254.58
252.038
249.52
247.048
244.638
242.307
240.067
237.929
235.901
233.987
232.189
230.505
228.927
227.445
226.047
224.717
223.448
222.251
221.171
220.383
220.105
0.665524
0.39478
0.339196
0.330491
0.339398
0.357423
0.381237
0.409309
0.44087
0.475535
0.513123
0.553576
0.596911
0.6432
0.692555
0.745118
0.80106
0.860575
0.923879
0.991208
1.06282
1.13898
1.21998
1.30615
1.3978
1.4953
1.59902
1.70937
1.82678
1.95172
2.08467
2.22617
2.37678
2.5371
2.70776
2.88944
3.08287
3.28878
3.508
3.74137
3.98979
4.2542
4.5356
4.83503
5.15359
5.49244
5.85278
6.23589
6.64306
7.07569
7.5352
8.02308
8.54084
9.09009
9.67243
10.2896
10.9431
11.635
12.3667
13.1403
13.9575
14.8202
15.7302
16.6896
17.7005
18.765
19.8856
21.0646
22.3048
23.6089
24.9797
26.4201
27.9331
29.5214
31.188
32.9358
34.7676
36.6861
38.6943
40.7947
42.99
45.2828
47.6756
50.1704
52.7696
55.4751
58.2885
61.2115
64.2453
67.3911
70.6496
74.0214
77.5069
81.1061
84.819
88.6453
92.5845
96.6359
100.799
105.072
109.456
113.947
118.546
123.251
128.059
132.97
137.979
143.084
148.281
153.565
158.929
164.367
169.871
175.431
181.039
186.679
192.325
197.961
203.575
209.154
214.685
220.155
225.551
230.859
236.066
241.156
246.114
250.926
255.575
260.045
264.32
268.386
272.226
275.825
279.17
282.245
285.039
287.539
289.737
291.624
293.194
294.444
295.37
295.975
296.262
296.236
295.906
295.283
294.381
293.215
291.805
290.169
288.326
286.307
284.134
281.831
279.422
276.934
274.392
271.82
269.24
266.674
264.142
261.661
259.248
256.916
254.676
252.535
250.497
248.565
246.735
245.002
243.354
241.779
240.263
238.796
237.385
236.063
234.965
234.251
0.773934
0.452306
0.385183
0.372535
0.380107
0.398
0.422315
0.451228
0.483811
0.519581
0.558306
0.599898
0.644367
0.69179
0.742288
0.796022
0.85318
0.913974
0.978633
1.0474
1.12055
1.19834
1.28107
1.36905
1.46262
1.56211
1.66792
1.78043
1.90008
2.02734
2.16269
2.30667
2.45984
2.62281
2.79622
2.98076
3.17715
3.38616
3.60861
3.84537
4.09733
4.36547
4.65078
4.95434
5.27726
5.62071
5.98591
6.37416
6.78679
7.22521
7.69087
8.1853
8.71008
9.26683
9.85726
10.4831
11.1462
11.8484
12.5916
13.3778
14.2092
15.0877
16.0157
16.9954
18.0294
19.1201
20.2703
21.4828
22.7605
24.1065
25.5239
27.0159
28.5857
30.2365
31.9717
33.7945
35.708
37.7157
39.8206
42.0259
44.3347
46.7498
49.2741
51.9103
54.6607
57.5278
60.5134
63.6193
66.847
70.1978
73.6724
77.2715
80.9954
84.8441
88.8173
92.9148
97.1357
101.479
105.945
110.532
115.238
120.063
125.006
130.064
135.237
140.521
145.915
151.415
157.016
162.713
168.499
174.365
180.303
186.3
192.348
198.414
204.477
210.522
216.535
222.503
228.413
234.249
240
245.651
251.188
256.595
261.858
266.962
271.889
276.624
281.152
285.457
289.526
293.343
296.894
300.166
303.146
305.822
308.188
310.234
311.956
313.348
314.408
315.14
315.546
315.629
315.4
314.869
314.048
312.954
311.607
310.024
308.226
306.238
304.084
301.787
299.373
296.865
294.289
291.669
289.027
286.385
283.762
281.177
278.646
276.181
273.795
271.493
269.283
267.163
265.132
263.183
261.306
259.489
257.717
255.979
254.275
252.629
251.14
249.94
0.871958
0.504022
0.426379
0.41002
0.416178
0.433716
0.458232
0.487647
0.520888
0.557388
0.596863
0.639199
0.684396
0.732531
0.783736
0.838182
0.896069
0.95762
1.02307
1.09267
1.16668
1.24538
1.32905
1.418
1.51255
1.61305
1.71987
1.8334
1.95407
2.08234
2.2187
2.36368
2.51784
2.68179
2.85619
3.04171
3.23909
3.44911
3.6726
3.91042
4.16351
4.43283
4.71942
5.02434
5.34875
5.69383
6.06084
6.4511
6.86599
7.30696
7.77552
8.27325
8.80182
9.36294
9.95842
10.5901
11.26
11.9702
12.7227
13.5197
14.3637
15.257
16.2022
17.202
18.259
19.3764
20.5571
21.8044
23.1215
24.5119
25.9792
27.5269
29.1587
30.8783
32.6895
34.596
36.6016
38.71
40.925
43.2502
45.6891
48.2453
50.9219
53.7221
56.6487
59.7044
62.8916
66.2122
69.6681
73.2605
76.9905
80.8585
84.8649
89.0096
93.2921
97.7118
102.268
106.96
111.785
116.744
121.835
127.057
132.408
137.886
143.491
149.22
155.07
161.038
167.119
173.306
179.592
185.966
192.416
198.93
205.492
212.055
218.603
225.12
231.591
238.003
244.339
250.587
256.732
262.759
268.654
274.401
279.987
285.394
290.606
295.607
300.383
304.919
309.202
313.219
316.956
320.401
323.541
326.365
328.868
331.044
332.887
334.39
335.554
336.382
336.878
337.044
336.89
336.429
335.671
334.634
333.335
331.792
330.024
328.055
325.907
323.604
321.169
318.626
315.999
313.312
310.587
307.845
305.106
302.388
299.706
297.075
294.506
292.005
289.577
287.224
284.942
282.727
280.566
278.449
276.359
274.283
272.218
270.179
268.238
266.509
0.957732
0.549354
0.462389
0.442619
0.447316
0.46429
0.488711
0.518284
0.551815
0.58866
0.628492
0.671175
0.716701
0.765146
0.816648
0.871384
0.92956
0.9914
1.05714
1.12702
1.2013
1.28025
1.36414
1.45328
1.54797
1.64856
1.7554
1.86888
1.98943
2.11749
2.25355
2.39814
2.55182
2.7152
2.88893
3.0737
3.27025
3.47937
3.70188
3.93867
4.19069
4.45892
4.7444
5.04825
5.37162
5.71575
6.08192
6.47152
6.88596
7.32677
7.79554
8.29394
8.82374
9.38678
9.98501
10.6205
11.2953
12.0118
12.7723
13.5792
14.4353
15.3433
16.306
17.3266
18.4082
19.5541
20.7679
22.0533
23.414
24.854
26.3773
27.988
29.6904
31.4887
33.3874
35.3907
37.503
39.7288
42.0722
44.5377
47.1292
49.8509
52.7065
55.6997
58.8338
62.112
65.5368
69.1108
72.8359
76.7135
80.7448
84.9304
89.2701
93.7638
98.4107
103.21
108.16
113.26
118.508
123.903
129.444
135.128
140.954
146.922
153.028
159.271
165.649
172.157
178.791
185.544
192.406
199.364
206.405
213.512
220.651
227.772
234.861
241.9
248.874
255.768
262.565
269.251
275.811
282.228
288.489
294.577
300.479
306.178
311.656
316.897
321.888
326.617
331.071
335.24
339.114
342.678
345.919
348.831
351.411
353.656
355.56
357.114
358.324
359.194
359.727
359.93
359.812
359.384
358.657
357.647
356.369
354.842
353.082
351.111
348.95
346.62
344.146
341.549
338.852
336.078
333.249
330.386
327.507
324.631
321.774
318.947
316.163
313.428
310.747
308.122
305.548
303.02
300.528
298.059
295.598
293.129
290.646
288.158
285.713
283.422
1.03022
0.587968
0.493004
0.470186
0.473423
0.489655
0.513708
0.543111
0.576567
0.613377
0.653177
0.695816
0.741282
0.789654
0.841073
0.895718
0.953792
1.01551
1.0811
1.15079
1.22483
1.30346
1.38695
1.47559
1.56968
1.66955
1.77554
1.88803
2.00745
2.13423
2.26885
2.41184
2.56376
2.72522
2.89686
3.07938
3.27354
3.48011
3.69996
3.93397
4.18311
4.44838
4.73086
5.03168
5.35206
5.69325
6.05662
6.4436
6.85569
7.29451
7.76175
8.25921
8.7888
9.35253
9.95254
10.5911
11.2705
11.9934
12.7624
13.5803
14.4501
15.375
16.3582
17.4033
18.5139
19.6939
20.9474
22.2785
23.6916
25.1914
26.7824
28.4695
30.2576
32.1516
34.1567
36.2779
38.5203
40.8888
43.3885
46.0244
48.8012
51.7236
54.796
58.0226
61.4071
64.9531
68.6638
72.5416
76.589
80.8074
85.1981
89.7614
94.497
99.4039
104.481
109.727
115.139
120.717
126.458
132.36
138.421
144.64
151.014
157.541
164.221
171.051
178.028
185.149
192.409
199.8
207.31
214.926
222.633
230.406
238.167
245.891
253.56
261.156
268.661
276.059
283.332
290.463
297.438
304.238
310.849
317.256
323.444
329.399
335.099
340.527
345.673
350.527
355.08
359.322
363.248
366.848
370.101
373.01
375.575
377.793
379.664
381.186
382.363
383.201
383.703
383.879
383.737
383.287
382.54
381.511
380.213
378.663
376.877
374.873
372.67
370.289
367.75
365.077
362.289
359.408
356.455
353.449
350.41
347.354
344.297
341.25
338.224
335.227
332.262
329.33
326.429
323.551
320.687
317.824
314.945
312.037
309.088
306.104
303.115
300.231
1.08927
0.619821
0.518211
0.49275
0.494577
0.509941
0.533394
0.562331
0.595379
0.631794
0.671194
0.713423
0.75847
0.806422
0.857423
0.91165
0.969294
1.03055
1.09563
1.16475
1.23812
1.31597
1.39857
1.48617
1.57906
1.67756
1.782
1.89276
2.01024
2.13489
2.26717
2.40761
2.55677
2.71525
2.88373
3.06289
3.25349
3.45635
3.67233
3.90234
4.14738
4.40849
4.68679
4.98344
5.29973
5.63698
5.99663
6.3802
6.78931
7.2257
7.69123
8.18784
8.71766
9.2829
9.88597
10.5294
11.2158
11.9482
12.7296
13.5631
14.4523
15.4008
16.4123
17.491
18.6411
19.8671
21.1738
22.5659
24.0488
25.6276
27.3079
29.0953
30.9956
33.0146
35.1582
37.4322
39.8424
42.3946
45.0945
47.9477
50.9599
54.136
57.4813
61.0001
64.6969
68.5754
72.6389
76.8903
81.3318
85.9651
90.7912
95.8105
101.022
106.423
112.011
117.785
123.742
129.879
136.194
142.683
149.345
156.176
163.174
170.338
177.664
185.152
192.799
200.602
208.556
216.651
224.876
233.216
241.649
250.121
258.539
266.89
275.156
283.317
291.356
299.254
306.991
314.551
321.915
329.065
335.985
342.659
349.075
355.223
361.071
366.604
371.816
376.7
381.247
385.453
389.312
392.818
395.966
398.755
401.189
403.27
405
406.383
407.426
408.134
408.515
408.577
408.33
407.783
406.949
405.837
404.463
402.839
400.98
398.901
396.62
394.154
391.523
388.745
385.842
382.831
379.732
376.564
373.344
370.088
366.809
363.52
360.23
356.945
353.67
350.404
347.144
343.884
340.614
337.32
333.987
330.6
327.146
323.628
320.062
316.559
1.1355
0.645145
0.538188
0.510513
0.511039
0.525473
0.548164
0.576404
0.608766
0.644483
0.683165
0.724666
0.768993
0.816245
0.86657
0.920134
0.977108
1.03767
1.10199
1.17025
1.24266
1.31943
1.40078
1.48697
1.57826
1.67497
1.77741
1.88596
2.001
2.12298
2.25237
2.38969
2.53552
2.69047
2.8552
3.03045
3.21698
3.41563
3.6273
3.85295
4.0936
4.35037
4.62442
4.91702
5.22951
5.56335
5.92006
6.30133
6.70894
7.1448
7.61099
8.10971
8.64334
9.21443
9.82572
10.4801
11.1808
11.9311
12.7345
13.595
14.5164
15.5031
16.5596
17.6906
18.9013
20.1968
21.5829
23.0653
24.65
26.3434
28.1519
30.0821
32.141
34.3353
36.672
39.1579
41.799
44.6019
47.573
50.7186
54.0448
57.5571
61.261
65.1612
69.2621
73.5674
78.0805
82.8037
87.7392
92.8883
98.2519
103.83
109.622
115.62
121.821
128.222
134.82
141.612
148.593
155.759
163.107
170.634
178.336
186.211
194.256
202.47
210.85
219.394
228.096
236.948
245.937
255.045
264.237
273.39
282.452
291.411
300.248
308.945
317.481
325.835
333.988
341.919
349.609
357.039
364.191
371.048
377.596
383.82
389.701
395.225
400.385
405.174
409.588
413.626
417.284
420.565
423.469
426
428.166
429.975
431.432
432.548
433.33
433.789
433.935
433.776
433.324
432.587
431.578
430.306
428.783
427.021
425.032
422.828
420.424
417.833
415.074
412.162
409.114
405.948
402.681
399.329
395.907
392.431
388.911
385.36
381.785
378.192
374.583
370.959
367.315
363.646
359.94
356.185
352.367
348.469
344.478
340.396
336.226
332.085
1.17025
0.664399
0.553302
0.523869
0.523277
0.53682
0.558692
0.586109
0.617611
0.652417
0.690155
0.730708
0.774117
0.820505
0.87002
0.922808
0.979011
1.03877
1.10222
1.16954
1.24088
1.31644
1.39643
1.48109
1.57067
1.66548
1.76582
1.87206
1.98459
2.10385
2.23033
2.36457
2.50714
2.6587
2.81993
2.9916
3.17451
3.36956
3.5777
3.79996
4.03745
4.29136
4.56299
4.85371
5.16504
5.49857
5.85604
6.23935
6.65053
7.0918
7.56554
8.07435
8.62102
9.20859
9.8403
10.5197
11.2505
12.0368
12.883
13.7937
14.7738
15.8284
16.9629
18.1832
19.4953
20.9057
22.4211
24.0485
25.7951
27.6683
29.6759
31.8256
34.1255
36.5838
39.2089
42.0087
44.9882
48.1543
51.5142
55.0744
58.8413
62.8202
67.0165
71.4343
76.0776
80.9495
86.0522
91.3873
96.9556
102.758
108.793
115.064
121.572
128.293
135.228
142.373
149.724
157.274
165.02
172.956
181.078
189.38
197.86
206.512
215.334
224.324
233.48
242.799
252.276
261.903
271.67
281.541
291.378
301.119
310.738
320.217
329.535
338.671
347.604
356.311
364.771
372.962
380.862
388.452
395.712
402.625
409.174
415.345
421.123
426.497
431.459
436.007
440.138
443.854
447.159
450.06
452.563
454.68
456.422
457.803
458.836
459.535
459.914
459.985
459.763
459.258
458.483
457.447
456.162
454.637
452.881
450.906
448.721
446.334
443.754
440.994
438.066
434.984
431.762
428.413
424.953
421.394
417.751
414.035
410.256
406.424
402.545
398.624
394.663
390.66
386.61
382.508
378.343
374.103
369.773
365.338
360.785
356.115
351.318
346.525
1.19541
0.678235
0.564121
0.533456
0.532053
0.544894
0.566056
0.592698
0.62333
0.657172
0.693886
0.733424
0.775897
0.821459
0.870244
0.922359
0.977903
1.03698
1.0997
1.16619
1.23663
1.31118
1.39004
1.47345
1.56165
1.65494
1.75363
1.85809
1.96872
2.08599
2.2104
2.34254
2.48302
2.63253
2.79184
2.96176
3.14319
3.3371
3.54458
3.76676
4.00491
4.26041
4.53473
4.8295
5.14648
5.48757
5.85486
6.25059
6.67723
7.1375
7.63435
8.17099
8.75093
9.37795
10.0562
10.7901
11.5846
12.4447
13.3763
14.3852
15.478
16.661
17.9405
19.324
20.8192
22.4341
24.1769
26.0561
28.0804
30.2585
32.5992
35.1116
37.8047
40.6879
43.7712
47.0676
50.573
54.2948
58.2411
62.4179
66.8305
71.4832
76.3795
81.5222
86.9133
92.554
98.4444
104.584
110.97
117.602
124.477
131.592
138.942
146.517
154.309
162.313
170.519
178.921
187.513
196.289
205.245
214.375
223.672
233.13
242.746
252.515
262.435
272.504
282.717
293.072
303.539
313.965
324.267
334.429
344.43
354.25
363.868
373.261
382.407
391.283
399.865
408.13
416.056
423.622
430.806
437.592
443.962
449.903
455.401
460.447
465.036
469.167
472.84
476.062
478.842
481.191
483.122
484.653
485.802
486.589
487.034
487.156
486.975
486.51
485.777
484.79
483.565
482.111
480.44
478.561
476.481
474.21
471.755
469.121
466.31
463.33
460.191
456.901
453.471
449.912
446.233
442.446
438.56
434.586
430.53
426.401
422.202
417.937
413.606
409.206
404.733
400.178
395.533
390.784
385.918
380.922
375.783
370.502
365.064
359.605
1.21256
0.687417
0.571511
0.540314
0.53861
0.551173
0.571997
0.598188
0.628216
0.661289
0.697131
0.735857
0.777715
0.822864
0.871371
0.923273
0.97862
1.03748
1.09997
1.16621
1.23636
1.31062
1.38919
1.4723
1.56022
1.65324
1.75172
1.85602
1.9666
2.08397
2.20871
2.34146
2.48294
2.63396
2.79539
2.96819
3.15343
3.35225
3.56595
3.79593
4.04375
4.31112
4.59993
4.91224
5.25035
5.61678
6.01428
6.44575
6.91449
7.42418
7.97883
8.58285
9.24107
9.95873
10.7416
11.5958
12.5281
13.5458
14.6567
15.8694
17.1938
18.6379
20.2081
21.9149
23.7683
25.7782
27.9549
30.3081
32.8476
35.5832
38.524
41.679
45.0568
48.6658
52.5139
56.6082
60.9509
65.5459
70.397
75.5069
80.8772
86.5085
92.4007
98.5533
104.965
111.633
118.554
125.724
133.136
140.787
148.669
156.777
165.107
173.649
182.393
191.33
200.449
209.741
219.2
228.821
238.606
248.544
258.623
268.835
279.174
289.632
300.203
310.89
321.673
332.558
343.339
353.963
364.42
374.695
384.77
394.624
404.237
413.586
422.647
431.397
439.811
447.866
455.539
462.808
469.652
476.053
481.995
487.463
492.448
496.941
500.939
504.441
507.453
509.985
512.048
513.66
514.84
515.61
515.995
516.021
515.714
515.102
514.209
513.059
511.674
510.072
508.27
506.281
504.115
501.781
499.284
496.631
493.824
490.864
487.753
484.493
481.09
477.547
473.871
470.066
466.14
462.099
457.949
453.697
449.348
444.904
440.37
435.745
431.029
426.217
421.304
416.281
411.139
405.866
400.448
394.875
389.135
383.231
377.142
371.014
1.22513
0.693254
0.577043
0.546327
0.545148
0.558205
0.579447
0.605942
0.636104
0.669036
0.704583
0.743338
0.785685
0.831548
0.880855
0.933592
0.989797
1.04956
1.11301
1.18034
1.25174
1.32746
1.40775
1.49289
1.58319
1.67898
1.78064
1.88863
2.0035
2.12587
2.25649
2.39619
2.54589
2.70666
2.87964
3.06611
3.26748
3.48533
3.72141
3.97771
4.25643
4.56006
4.89138
5.25353
5.65001
6.0848
6.56252
7.08713
7.66393
8.29885
8.99834
9.7695
10.6201
11.5585
12.5939
13.7361
14.9957
16.3838
17.9118
19.592
21.4364
23.4567
25.6637
28.0692
30.6846
33.5206
36.5873
39.8939
43.4485
47.2581
51.3284
55.6641
60.269
65.1457
70.2959
75.7202
81.4172
87.3846
93.6187
100.115
106.868
113.872
121.122
128.612
136.337
144.291
152.464
160.85
169.438
178.219
187.186
196.333
205.661
215.161
224.821
234.627
244.568
254.635
264.822
275.129
285.582
296.151
306.816
317.559
328.372
339.242
350.137
361.076
371.928
382.57
393.023
403.288
413.356
423.215
432.847
442.233
451.352
460.182
468.698
476.877
484.694
492.124
499.146
505.735
511.873
517.541
522.723
527.408
531.584
535.247
538.394
541.027
543.155
544.787
545.941
546.635
546.894
546.743
546.213
545.334
544.138
542.657
540.922
538.962
536.803
534.469
531.978
529.347
526.586
523.705
520.706
517.594
514.367
511.023
507.56
503.977
500.271
496.443
492.493
488.421
484.228
479.918
475.491
470.951
466.298
461.533
456.655
451.664
446.556
441.325
435.966
430.468
424.822
419.018
413.043
406.888
400.543
394.013
387.277
380.484
1.23149
0.697142
0.582632
0.553665
0.554126
0.568753
0.591475
0.619357
0.650847
0.685228
0.722601
0.76346
0.808003
0.856172
0.907899
0.963174
1.02206
1.08469
1.1513
1.22216
1.29763
1.37807
1.46389
1.55547
1.6532
1.75748
1.86881
1.9878
2.11523
2.25202
2.39931
2.55836
2.73057
2.91758
3.12123
3.34355
3.58679
3.85353
4.14669
4.46965
4.82629
5.22107
5.65907
6.14608
6.68864
7.29414
7.9708
8.72753
9.57442
10.5226
11.5843
12.7725
14.1015
15.5862
17.2423
19.0859
21.1335
23.401
25.9041
28.6572
31.6732
34.9631
38.5362
42.3997
46.5594
51.0187
55.779
60.8397
66.1984
71.8503
77.789
84.0069
90.4957
97.2463
104.25
111.497
118.981
126.691
134.613
142.736
151.048
159.536
168.193
177.016
186.002
195.142
204.423
213.834
223.366
233.009
242.755
252.608
262.593
272.694
282.891
293.167
303.512
313.922
324.387
334.897
345.45
356.049
366.666
377.264
387.84
398.37
408.76
418.876
428.775
438.464
447.956
457.252
466.345
475.223
483.868
492.261
500.382
508.207
515.712
522.873
529.665
536.065
542.05
547.598
552.691
557.311
561.444
565.081
568.212
570.835
572.95
574.561
575.677
576.312
576.484
576.213
575.525
574.448
573.013
571.251
569.198
566.886
564.35
561.622
558.73
555.701
552.556
549.314
545.986
542.581
539.104
535.554
531.93
528.225
524.435
520.552
516.571
512.485
508.29
503.981
499.554
495.007
490.337
485.542
480.62
475.568
470.382
465.059
459.592
453.976
448.202
442.261
436.143
429.837
423.334
416.625
409.703
402.575
395.22
387.794
1.23261
0.699563
0.588642
0.562535
0.565619
0.582744
0.607844
0.638052
0.671984
0.709171
0.749769
0.794089
0.842255
0.894246
0.950013
1.00956
1.07299
1.14053
1.21255
1.28955
1.37213
1.46097
1.55671
1.66003
1.77149
1.89152
2.02087
2.16051
2.31167
2.47592
2.6552
2.85176
3.06817
3.30743
3.57292
3.86849
4.1985
4.56799
4.98286
5.45008
5.97785
6.57574
7.25485
8.02793
8.90946
9.91562
11.0643
12.3751
13.8692
15.5689
17.4971
19.6773
22.1328
24.886
27.9582
31.368
35.1315
39.2605
43.7631
48.6425
53.8971
59.5204
65.5024
71.8302
78.4881
85.4585
92.7221
100.259
108.052
116.078
124.317
132.747
141.349
150.105
158.999
168.02
177.168
186.425
195.774
205.2
214.689
224.231
233.821
243.476
253.217
263.017
272.861
282.737
292.637
302.555
312.487
322.442
332.429
342.443
352.469
362.495
372.518
382.551
392.565
402.531
412.434
422.299
432.08
441.71
451.11
460.234
469.121
477.774
486.219
494.472
502.541
510.424
518.113
525.595
532.853
539.867
546.616
553.078
559.227
565.041
570.496
575.568
580.237
584.482
588.287
591.638
594.523
596.936
598.871
600.329
601.315
601.835
601.901
601.531
600.742
599.559
598.004
596.107
593.895
591.401
588.655
585.69
582.535
579.222
575.778
572.229
568.596
564.897
561.145
557.349
553.513
549.636
545.714
541.74
537.706
533.602
529.418
525.142
520.767
516.282
511.679
506.952
502.093
497.097
491.957
486.667
481.221
475.612
469.833
463.875
457.729
451.385
444.835
438.067
431.072
423.846
416.382
408.691
400.753
392.73
1.23133
0.702712
0.598204
0.577172
0.584969
0.606531
0.635855
0.670257
0.708633
0.750767
0.796878
0.84723
0.901944
0.961004
1.02435
1.09196
1.16401
1.24089
1.32326
1.41209
1.50855
1.61411
1.7299
1.85728
1.99732
2.1509
2.31927
2.50429
2.70858
2.93564
3.18985
3.47648
3.80175
4.17304
4.5991
5.09018
5.65815
6.31686
7.08287
7.97593
9.01935
10.2401
11.6692
13.3408
15.2927
17.5638
20.1944
23.2243
26.6912
30.6275
35.0594
40.0057
45.4774
51.4774
58.0001
65.0315
72.5497
80.5256
88.9248
97.71
106.837
116.26
125.933
135.809
145.849
156.012
166.263
176.572
186.931
197.31
207.684
218.031
228.333
238.574
248.746
258.854
268.956
279.004
288.976
298.858
308.645
318.337
327.936
337.459
346.925
356.334
365.681
374.959
384.165
393.295
402.356
411.381
420.363
429.284
438.127
446.879
455.543
464.164
472.666
481.015
489.187
497.099
504.751
512.171
519.363
526.333
533.099
539.682
546.096
552.35
558.446
564.381
570.144
575.722
581.096
586.247
591.154
595.794
600.144
604.181
607.883
611.229
614.199
616.778
618.952
620.709
622.045
622.955
623.443
623.512
623.173
622.439
621.326
619.856
618.051
615.935
613.534
610.875
607.984
604.888
601.612
598.181
594.617
590.944
587.18
583.345
579.455
575.522
571.556
567.564
563.548
559.507
555.435
551.325
547.166
542.947
538.654
534.275
529.797
525.207
520.493
515.645
510.652
505.504
500.193
494.71
489.045
483.19
477.136
470.872
464.39
457.678
450.728
443.531
436.078
428.367
420.394
412.171
403.684
395.101
1.22913
0.710606
0.617419
0.605682
0.621959
0.651237
0.687783
0.729407
0.775564
0.826466
0.882525
0.944107
1.01143
1.08449
1.16314
1.24724
1.33705
1.43335
1.53738
1.65139
1.77765
1.91968
2.08111
2.26552
2.47586
2.71456
2.98485
3.29223
3.64491
4.05419
4.53472
5.1047
5.78649
6.60755
7.60142
8.80831
10.2738
12.0499
14.1963
16.7799
19.8736
23.5522
27.8887
32.9497
38.7901
45.4479
52.9423
61.2766
70.435
80.3778
91.0444
102.36
114.242
126.6
139.344
152.382
165.627
178.994
192.412
205.835
219.194
232.422
245.466
258.283
270.836
283.103
295.064
306.721
318.177
329.38
340.303
350.936
361.276
371.323
381.08
390.56
399.787
408.77
417.515
426.031
434.327
442.418
450.321
458.083
465.715
473.216
480.578
487.8
494.881
501.822
508.635
515.384
522.022
528.522
534.872
541.068
547.091
552.855
558.417
563.795
568.995
574.011
578.845
583.503
587.998
592.34
596.54
600.608
604.552
608.374
612.072
615.639
619.062
622.328
625.417
628.312
630.989
633.429
635.609
637.508
639.106
640.385
641.329
641.926
642.167
642.046
641.564
640.723
639.533
638.007
636.161
634.018
631.6
628.937
626.056
622.986
619.758
616.398
612.933
609.384
605.77
602.107
598.405
594.672
590.914
587.135
583.334
579.513
575.671
571.806
567.913
563.988
560.024
556.01
551.935
547.789
543.556
539.222
534.775
530.199
525.481
520.609
515.569
510.351
504.943
499.334
493.514
487.473
481.199
474.683
467.915
460.884
453.582
446.001
438.136
429.985
421.547
412.837
403.847
394.75
1.22481
0.733923
0.662659
0.668953
0.700719
0.743483
0.792692
0.847621
0.908992
0.977871
1.05502
1.14126
1.23733
1.34349
1.45949
1.58456
1.7194
1.86612
2.02705
2.2081
2.41729
2.66556
2.96638
3.33498
3.78598
4.33244
4.99097
5.78902
6.76771
7.9844
9.51426
11.4523
13.9153
17.0421
20.9904
25.9271
32.0032
39.3434
48.0453
58.1737
69.7532
82.7627
97.1351
112.761
129.494
147.157
165.568
184.553
203.962
223.614
243.313
262.877
282.151
301.008
319.343
337.075
354.141
370.501
386.16
401.285
415.75
429.505
442.535
454.842
466.444
477.364
487.63
497.28
506.374
514.971
523.106
530.795
538.051
544.891
551.336
557.411
563.146
568.571
573.711
578.591
583.234
587.659
591.892
596.008
599.984
603.801
607.46
610.97
614.342
617.584
620.698
623.598
626.333
628.939
631.439
633.841
636.151
638.362
640.477
642.499
644.428
646.265
648.011
649.666
651.232
652.711
654.106
655.419
656.649
657.792
658.844
659.792
660.625
661.326
661.877
662.26
662.456
662.443
662.202
661.715
660.965
659.938
658.623
657.012
655.102
652.895
650.397
647.62
644.58
641.3
637.806
634.13
630.305
626.369
622.358
618.313
614.267
610.256
606.306
602.44
598.673
595.012
591.456
587.997
584.621
581.309
578.038
574.786
571.53
568.249
564.923
561.537
558.073
554.519
550.862
547.087
543.183
539.136
534.934
530.563
526.012
521.268
516.319
511.153
505.759
500.127
494.245
488.104
481.691
474.999
468.016
460.734
453.145
445.245
437.028
428.496
419.651
410.512
401.076
391.524
1.20438
0.814769
0.79089
0.834353
0.898386
0.970949
1.05047
1.13959
1.24215
1.36224
1.50137
1.66314
1.85196
2.07068
2.32067
2.59869
2.90834
3.25664
3.65648
4.13173
4.72053
5.48021
6.4918
7.86322
9.71647
12.173
15.3808
19.5576
24.9828
31.9961
40.9687
52.2696
66.2211
83.0529
102.86
125.577
150.992
178.677
208.124
238.819
270.262
301.987
333.569
364.635
394.871
424.016
451.972
478.626
504.189
528.507
551.32
572.507
592.03
609.902
626.168
640.892
654.155
666.043
676.654
686.11
694.499
701.897
708.378
714.013
718.871
723.02
726.521
729.434
731.823
733.79
735.361
736.539
737.348
737.823
737.999
737.916
737.609
737.112
736.457
735.671
734.776
733.789
732.721
731.499
730.161
728.751
727.298
725.823
724.342
722.865
721.399
719.947
718.511
717.095
715.701
714.33
712.982
711.656
710.348
709.05
707.756
706.458
705.147
703.818
702.465
701.08
699.659
698.195
696.682
695.111
693.471
691.749
689.932
688.002
685.942
683.735
681.362
678.807
676.052
673.083
669.887
666.455
662.782
658.867
654.712
650.327
645.726
640.93
635.965
630.863
625.659
620.397
615.12
609.878
604.719
599.693
594.845
590.219
585.851
581.769
577.991
574.521
571.354
568.468
565.832
563.403
561.13
558.959
556.833
554.7
552.511
550.224
547.805
545.224
542.462
539.5
536.324
532.925
529.292
525.416
521.289
516.903
512.249
507.319
502.105
496.598
490.79
484.672
478.234
471.47
464.372
456.931
449.144
441.007
432.519
423.684
414.507
405.012
395.202
385.267
1.13935
1.2075
1.32341
1.49828
1.6855
1.87838
2.08337
2.31851
2.60416
2.96721
3.41269
3.97089
4.68329
5.58608
6.70276
8.05693
9.68817
11.6618
14.0909
17.1732
21.2404
26.818
34.6791
45.8441
61.3463
81.8962
108.003
140.18
178.379
222.187
270.855
323.367
378.532
435.08
491.756
547.44
602.406
655.167
704.602
750.117
791.441
828.51
861.399
890.27
915.334
936.858
955.419
971.049
983.884
994.137
1002.03
1007.81
1011.69
1013.9
1014.64
1014.11
1012.46
1009.84
1006.4
1002.25
997.508
992.255
986.574
980.535
974.199
967.62
960.845
953.912
946.855
939.63
932.268
924.824
917.341
909.855
902.394
894.982
887.639
880.384
873.231
866.193
859.279
852.497
845.853
839.353
832.998
826.791
820.734
814.827
809.071
803.467
798.015
792.718
787.575
782.581
777.729
773.012
768.419
763.94
759.565
755.282
751.076
746.935
742.843
738.786
734.752
730.728
726.701
722.659
718.589
714.477
710.31
706.073
701.748
697.321
692.774
688.091
683.256
678.256
673.077
667.71
662.148
656.387
650.428
644.277
637.946
631.451
624.815
618.067
611.243
604.384
597.535
590.749
584.082
577.592
571.339
565.384
559.786
554.598
549.87
545.64
541.936
538.771
536.143
534.029
532.389
531.165
530.283
529.656
529.19
528.79
528.364
527.827
527.109
526.151
524.909
523.351
521.456
519.21
516.605
513.638
510.307
506.611
502.548
498.118
493.32
488.151
482.607
476.685
470.381
463.691
456.61
449.136
441.267
433.003
424.348
415.309
405.896
396.136
386.043
375.813
1.1056
4.87834
6.06748
7.2001
8.32469
9.41799
10.5106
11.7736
13.4026
15.5759
18.4943
22.5008
28.1928
36.2609
47.3575
62.274
82.0159
107.779
140.912
182.858
235.034
298.635
374.346
461.987
561.829
672.028
787.355
904.165
1016.06
1118.97
1210.51
1289.56
1355.94
1410.13
1453.01
1485.73
1509.64
1525.97
1535.83
1540.2
1539.98
1535.95
1528.79
1519.07
1507.26
1493.77
1478.51
1461.89
1444.27
1425.95
1407.17
1388.12
1368.94
1349.73
1330.6
1311.6
1292.78
1274.2
1255.89
1237.86
1220.14
1202.75
1185.68
1168.96
1152.58
1136.54
1120.85
1105.5
1090.49
1075.83
1061.51
1047.52
1033.86
1020.53
1007.51
994.8
982.399
970.302
958.505
947.004
935.797
924.881
914.254
903.919
893.873
884.114
874.636
865.431
856.491
847.808
839.374
831.181
823.22
815.483
807.959
800.637
793.502
786.54
779.732
773.065
766.519
760.076
753.718
747.427
741.183
734.97
728.77
722.566
716.341
710.078
703.76
697.371
690.893
684.311
677.608
670.773
663.79
656.651
649.348
641.875
634.233
626.425
618.458
610.347
602.11
593.773
585.366
576.927
568.499
560.131
551.878
543.798
535.956
528.418
521.252
514.527
508.313
502.673
497.67
493.355
489.771
486.947
484.893
483.602
483.041
483.154
483.86
485.054
486.614
488.402
490.28
492.109
493.763
495.133
496.131
496.688
496.76
496.317
495.347
493.845
491.815
489.264
486.203
482.641
478.587
474.05
469.035
463.548
457.593
451.173
444.29
436.948
429.15
420.903
412.215
403.099
393.572
383.663
373.399
362.983
5.2309
66.2957
72.4616
81.0041
98.2229
124.225
158.89
202.674
256.464
321.425
398.918
490.388
597.17
725.37
871.098
1027.07
1187.49
1347.38
1502.36
1648.64
1783.03
1903.02
2006.84
2093.51
2162.88
2215.69
2251.83
2270.42
2273.86
2264.79
2245.82
2219.3
2187.28
2151.44
2113.13
2073.38
2032.98
1992.48
1952.3
1912.69
1873.86
1835.9
1798.89
1762.85
1727.8
1693.74
1660.71
1628.68
1597.62
1567.49
1538.23
1509.8
1482.16
1455.29
1429.15
1403.72
1378.97
1354.88
1331.44
1308.62
1286.41
1264.79
1243.74
1223.26
1203.31
1183.89
1164.97
1146.55
1128.62
1111.16
1094.16
1077.62
1061.52
1045.85
1030.59
1015.74
1001.27
987.185
973.462
960.092
947.067
934.377
922.016
909.977
898.253
886.839
875.729
864.915
854.389
844.142
834.163
824.441
814.965
805.723
796.702
787.89
779.273
770.833
762.553
754.415
746.4
738.49
730.662
722.899
715.179
707.482
699.79
692.082
684.342
676.549
668.688
660.74
652.691
644.526
636.232
627.797
619.215
610.479
601.587
592.541
583.348
574.017
564.565
555.012
545.386
535.718
526.046
516.415
506.873
497.475
488.278
479.347
470.748
462.549
454.823
447.642
441.078
435.203
430.084
425.786
422.366
419.869
418.329
417.76
418.156
419.484
421.68
424.65
428.269
432.383
436.817
441.386
445.902
450.19
454.094
457.486
460.267
462.37
463.756
464.405
464.318
463.505
461.984
459.778
456.908
453.398
449.269
444.537
439.22
433.332
426.885
419.893
412.368
404.323
395.776
386.745
377.255
367.343
357.048
346.584
263.255
433.477
629.12
836.742
1044.29
1242.02
1423.05
1583.08
1719.88
1832.78
1922.24
1989.5
2036.4
2065.23
2078.51
2078.71
2068.26
2049.48
2024.47
1995.12
1963.03
1929.56
1895.81
1862.62
1830.57
1800.02
1771.26
1744.55
1719.81
1696.85
1675.36
1655.06
1635.67
1616.94
1598.67
1580.69
1562.87
1545.12
1527.37
1509.6
1491.8
1473.96
1456.08
1438.18
1420.26
1402.35
1384.48
1366.67
1348.95
1331.36
1313.9
1296.6
1279.45
1262.47
1245.66
1229.02
1212.55
1196.26
1180.14
1164.2
1148.43
1132.85
1117.46
1102.26
1087.26
1072.46
1057.87
1043.48
1029.31
1015.35
1001.61
988.088
974.795
961.728
948.888
936.273
923.883
911.714
899.764
888.029
876.507
865.195
854.09
843.191
832.493
821.994
811.693
801.587
791.672
781.945
772.399
763.028
753.825
744.782
735.887
727.132
718.505
709.993
701.58
693.252
684.994
676.786
668.613
660.455
652.295
644.116
635.898
627.626
619.283
610.853
602.32
593.672
584.896
575.981
566.919
557.705
548.336
538.812
529.139
519.324
509.381
499.328
489.187
478.986
468.758
458.54
448.376
438.312
428.399
418.693
409.25
400.134
391.407
383.135
375.385
368.225
361.724
355.951
350.975
346.863
343.679
341.483
340.329
340.257
341.293
343.444
346.688
350.973
356.208
362.263
368.97
376.128
383.511
390.885
398.022
404.711
410.775
416.074
420.51
424.019
426.573
428.169
428.822
428.558
427.412
425.421
422.622
419.049
414.735
409.709
403.999
397.63
390.628
383.016
374.822
366.076
356.81
347.071
336.915
326.566
253.261
268.742
286.864
307.796
331.427
357.367
385.032
413.731
442.736
471.352
498.963
525.064
549.28
571.363
591.189
608.734
624.164
637.947
650.101
660.704
669.877
677.773
684.564
690.427
695.539
700.07
704.18
708.016
711.708
715.371
719.094
722.946
726.973
731.2
735.637
740.276
745.095
750.065
755.186
760.66
766.374
772.224
778.11
783.942
789.635
795.111
800.302
805.143
809.582
813.574
817.083
820.081
822.548
824.471
825.841
826.658
826.925
826.65
825.846
824.527
822.714
820.439
817.731
814.618
811.126
807.283
803.112
798.638
793.883
788.87
783.619
778.15
772.481
766.631
760.617
754.455
748.16
741.745
735.224
728.609
721.912
715.144
708.315
701.436
694.515
687.561
680.581
673.583
666.574
659.56
652.544
645.531
638.52
631.512
624.505
617.496
610.48
603.451
596.4
589.321
582.201
575.031
567.8
560.495
553.104
545.615
538.017
530.298
522.447
514.455
506.313
498.014
489.551
480.92
472.121
463.154
454.023
444.737
435.307
425.748
416.079
406.323
396.51
386.67
376.84
367.059
357.371
347.821
338.458
329.331
320.493
311.997
303.898
296.25
289.11
282.534
276.58
271.307
266.773
263.041
260.175
258.236
257.288
257.392
258.602
260.966
264.514
269.257
275.171
282.197
290.226
299.101
308.617
318.527
328.559
338.433
347.882
356.668
364.597
371.521
377.343
382.009
385.503
387.836
389.038
389.152
388.226
386.312
383.459
379.714
375.123
369.727
363.567
356.684
349.116
340.907
332.103
322.762
312.961
302.934
86.6822
89.4184
92.5217
96.0383
100.004
104.432
109.314
114.616
120.284
126.246
132.422
138.725
145.069
151.375
157.571
163.596
169.407
174.977
180.291
185.336
190.11
194.617
198.868
202.88
206.676
210.282
213.726
217.04
220.257
223.409
226.53
229.656
232.817
236.047
239.376
242.831
246.44
250.225
254.21
258.419
262.873
267.586
272.568
277.824
283.354
289.154
295.217
301.531
308.08
314.845
321.804
328.93
336.195
343.57
351.021
358.513
366.012
373.479
380.878
388.172
395.331
402.425
409.4
416.204
422.792
429.124
435.165
440.883
446.255
451.258
455.876
460.096
463.91
467.313
470.304
472.883
475.056
476.828
478.209
479.209
479.838
480.112
480.042
479.642
478.928
477.913
476.61
475.036
473.206
471.133
468.831
466.308
463.573
460.633
457.495
454.161
450.635
446.919
443.013
438.917
434.629
430.148
425.47
420.592
415.512
410.226
404.732
399.026
393.108
386.976
380.631
374.074
367.307
360.335
353.164
345.805
338.268
330.567
322.721
314.749
306.675
298.526
290.331
282.124
273.941
265.82
257.797
249.912
242.205
234.717
227.487
220.558
213.969
207.761
201.974
196.648
191.826
187.548
183.858
180.805
178.441
176.822
176.005
176.053
177.034
179.019
182.079
186.281
191.678
198.302
206.152
215.179
225.274
236.265
247.92
259.955
272.057
283.903
295.19
305.651
315.072
323.296
330.224
335.805
340.033
342.927
344.531
344.898
344.089
342.168
339.196
335.236
330.345
324.582
318.005
310.672
302.647
294.004
284.846
275.419
44.6849
45.4124
46.1968
47.0487
47.978
48.9932
50.0994
51.2983
52.5879
53.9624
55.4127
56.927
58.4914
60.091
61.7103
63.3343
64.949
66.5419
68.1026
69.6222
71.0935
72.5113
73.872
75.1736
76.4155
77.5989
78.7259
79.7999
80.8253
81.8074
82.7522
83.6666
84.5578
85.4338
86.3027
87.1732
88.054
88.9541
89.8827
90.8494
91.8638
92.9356
94.0744
95.2899
96.5914
97.988
99.4888
101.102
102.837
104.701
106.701
108.845
111.14
113.59
116.201
118.977
121.922
125.037
128.323
131.78
135.406
139.2
143.161
147.282
151.555
155.971
160.515
165.175
169.933
174.771
179.671
184.61
189.569
194.524
199.453
204.333
209.14
213.854
218.451
222.911
227.214
231.342
235.279
239.008
242.518
245.795
248.829
251.628
254.197
256.525
258.602
260.419
261.971
263.252
264.259
264.99
265.442
265.613
265.504
265.113
264.439
263.483
262.244
260.724
258.922
256.84
254.482
251.849
248.946
245.778
242.351
238.672
234.75
230.594
226.217
221.632
216.855
211.904
206.796
201.555
196.203
190.765
185.268
179.747
174.234
168.755
163.337
158.008
152.796
147.73
142.838
138.147
133.684
129.475
125.544
121.916
118.617
115.671
113.105
110.951
109.253
108.046
107.37
107.272
107.808
109.046
111.063
113.945
117.786
122.686
128.74
136.019
144.559
154.341
165.277
177.205
189.886
203.014
216.245
229.221
241.6
253.084
263.436
272.481
280.111
286.271
290.952
294.179
295.997
296.469
295.664
293.658
290.525
286.342
281.185
275.133
268.268
260.686
252.524
244.015
30.1279
30.383
30.649
30.9286
31.2244
31.5388
31.8741
32.2318
32.6129
33.0177
33.4453
33.8945
34.363
34.8479
35.3459
35.8534
36.3666
36.8815
37.3945
37.9022
38.4012
38.8888
39.3625
39.8202
40.2603
40.6815
41.083
41.4641
41.825
42.1657
42.4867
42.789
43.0737
43.342
43.5955
43.8361
44.0656
44.2861
44.4997
44.709
44.9161
45.1238
45.3346
45.5512
45.7764
46.0129
46.2635
46.531
46.8184
47.1285
47.4643
47.8286
48.2244
48.6548
49.1227
49.6313
50.1834
50.7824
51.4311
52.1328
52.8906
53.7076
54.5871
55.5323
56.546
57.6312
58.7904
60.026
61.3398
62.7336
64.2083
65.7647
67.4028
69.122
70.921
72.7978
74.7495
76.7726
78.8625
81.0139
83.2205
85.4752
87.77
90.0963
92.4446
94.8047
97.1659
99.5177
101.85
104.15
106.408
108.609
110.743
112.796
114.755
116.609
118.343
119.947
121.41
122.719
123.865
124.838
125.629
126.231
126.636
126.84
126.837
126.626
126.204
125.571
124.729
123.681
122.431
120.984
119.349
117.535
115.552
113.413
111.131
108.721
106.2
103.584
100.893
98.1459
95.3623
92.5624
89.7659
86.992
84.2594
81.5864
78.9903
76.4878
74.0947
71.8259
69.6957
67.7178
65.9056
64.2724
62.8323
61.6009
60.596
59.8379
59.3498
59.1596
59.3015
59.8178
60.7608
62.1946
64.1978
66.8706
70.344
74.7328
80.1567
86.7269
94.5272
103.594
113.895
125.309
137.619
150.524
163.669
176.672
189.165
200.82
211.37
220.615
228.425
234.73
239.51
242.782
244.593
245.008
244.104
241.964
238.68
234.347
229.067
222.959
216.182
208.952
23.3727
23.4776
23.5838
23.6924
23.8041
23.9198
24.0404
24.1666
24.2993
24.4388
24.5855
24.7394
24.9003
25.0678
25.2412
25.4197
25.6022
25.7877
25.975
26.1627
26.3497
26.5347
26.7167
26.8946
27.0673
27.2341
27.3943
27.5471
27.6921
27.8289
27.9572
28.0768
28.1878
28.2902
28.3841
28.4697
28.5475
28.6178
28.6811
28.738
28.789
28.8348
28.8761
28.9137
28.9483
28.9808
29.012
29.0427
29.0739
29.1064
29.1412
29.1791
29.221
29.268
29.3209
29.3807
29.4483
29.5247
29.6109
29.7078
29.8163
29.9376
30.0725
30.2221
30.3875
30.5695
30.7693
30.9879
31.2262
31.4853
31.766
32.0693
32.3961
32.7471
33.1232
33.5251
33.9533
34.4083
34.8907
35.4006
35.9383
36.5036
37.0965
37.7164
38.3628
39.0348
39.7312
40.4507
41.1915
41.9516
42.7286
43.5198
44.3217
45.1309
45.9432
46.754
47.5585
48.3512
49.1265
49.8782
50.6001
51.2857
51.9284
52.5215
53.0585
53.533
53.939
54.2709
54.5236
54.6926
54.7742
54.7655
54.6644
54.47
54.1821
53.8018
53.3312
52.7733
52.1323
51.4133
50.6225
49.7666
48.8533
47.8908
46.888
45.8539
44.7979
43.7292
42.6572
41.5908
40.5389
39.51
38.5121
37.553
36.64
35.7802
34.9803
34.2473
33.5878
33.0093
32.5197
32.1279
31.8445
31.682
31.6558
31.7851
32.0946
32.6154
33.3877
34.4639
35.9118
37.8147
40.2734
43.4061
47.3454
52.2331
58.222
65.4014
73.8
83.361
93.9283
105.252
117.008
128.828
140.334
151.179
161.068
169.773
177.139
183.073
187.538
190.541
192.122
192.345
191.291
189.061
185.765
181.543
176.529
170.943
19.5624
19.6098
19.6553
19.6998
19.7436
19.7874
19.8316
19.8767
19.9231
19.9712
20.0212
20.0733
20.1277
20.1844
20.2434
20.3045
20.3675
20.4322
20.4983
20.5652
20.6327
20.7003
20.7675
20.8339
20.8991
20.9625
21.0238
21.0825
21.1385
21.1913
21.2406
21.2863
21.328
21.3658
21.3993
21.4287
21.4539
21.4748
21.4915
21.5041
21.5128
21.5176
21.5187
21.5164
21.5108
21.5022
21.4908
21.477
21.461
21.4432
21.4238
21.4032
21.3817
21.3596
21.3374
21.3153
21.2936
21.2728
21.2532
21.2351
21.219
21.205
21.1937
21.1853
21.1801
21.1786
21.1811
21.1879
21.1993
21.2157
21.2374
21.2646
21.2978
21.3371
21.3829
21.4354
21.4949
21.5615
21.6355
21.7171
21.8065
21.9037
22.0088
22.122
22.2432
22.3725
22.5097
22.6548
22.8075
22.9676
23.1348
23.3087
23.4887
23.6743
23.8648
24.0592
24.2567
24.456
24.656
24.8552
25.0521
25.245
25.4321
25.6115
25.7812
25.939
26.0829
26.2108
26.3203
26.4096
26.4765
26.5192
26.5361
26.5256
26.4866
26.4181
26.3196
26.1907
26.0317
25.843
25.6256
25.3807
25.11
24.8155
24.4996
24.1649
23.8143
23.4508
23.0776
22.698
22.3154
21.9332
21.5547
21.1832
20.822
20.4743
20.1432
19.832
19.5438
19.2817
19.0494
18.8505
18.6893
18.5705
18.5
18.4847
18.5336
18.6579
18.872
19.1952
19.6528
20.2783
21.1154
22.2217
23.6708
25.5561
27.9921
31.1078
35.0364
39.8984
45.7765
52.6954
60.6086
69.349
78.6625
88.2335
97.7202
106.79
115.151
122.564
128.857
133.919
137.695
140.174
141.386
141.406
140.321
138.223
135.231
131.571
17.5047
17.5276
17.5486
17.5677
17.5851
17.601
17.6158
17.63
17.6439
17.6576
17.6715
17.6857
17.7004
17.7156
17.7315
17.748
17.7653
17.7832
17.8017
17.8206
17.8398
17.8592
17.8785
17.8975
17.9161
17.934
17.951
17.9669
17.9816
17.9947
18.0062
18.0159
18.0235
18.0291
18.0324
18.0334
18.032
18.0282
18.0218
18.013
18.0016
17.9877
17.9713
17.9525
17.9314
17.9079
17.8823
17.8545
17.8248
17.7932
17.7598
17.7248
17.6884
17.6507
17.6118
17.5718
17.531
17.4896
17.4476
17.4052
17.3626
17.3199
17.2774
17.2351
17.1933
17.152
17.1115
17.0719
17.0333
16.9959
16.9598
16.9251
16.8921
16.8607
16.8312
16.8035
16.7779
16.7545
16.7332
16.7142
16.6975
16.6831
16.6713
16.6618
16.6548
16.6503
16.6483
16.6486
16.6513
16.6564
16.6636
16.673
16.6843
16.6974
16.7121
16.7282
16.7453
16.7633
16.7818
16.8003
16.8185
16.8359
16.852
16.8663
16.8781
16.8869
16.892
16.8927
16.8885
16.8785
16.8621
16.8387
16.8076
16.7683
16.7201
16.6627
16.5956
16.5185
16.4313
16.3339
16.2263
16.1087
15.9814
15.845
15.6999
15.5469
15.3869
15.2207
15.0495
14.8744
14.6966
14.5173
14.3377
14.1593
13.9833
13.8111
13.644
13.4832
13.3301
13.1861
13.0525
12.9309
12.8226
12.7296
12.6538
12.5976
12.5636
12.5556
12.5778
12.636
12.7377
12.8929
13.1147
13.4209
13.8355
14.3905
15.1285
16.1055
17.3921
19.0741
21.2492
24.0196
27.4783
31.6861
36.6509
42.3119
48.5346
55.1201
61.8256
68.3917
74.5688
80.1385
84.9261
88.8063
91.7033
93.5899
94.478
94.4116
93.4676
91.8296
16.1349
16.1461
16.1556
16.1633
16.1691
16.1731
16.1754
16.1761
16.1756
16.1738
16.1711
16.1677
16.1636
16.159
16.1543
16.1494
16.1444
16.1393
16.1343
16.1292
16.1241
16.119
16.1137
16.1082
16.1024
16.0963
16.0897
16.0825
16.0746
16.0659
16.0564
16.0459
16.0343
16.0215
16.0075
15.9921
15.9753
15.9571
15.9373
15.916
15.8931
15.8686
15.8424
15.8146
15.7852
15.7542
15.7216
15.6874
15.6518
15.6146
15.576
15.5361
15.4948
15.4523
15.4086
15.3638
15.3179
15.2711
15.2235
15.175
15.1258
15.076
15.0257
14.9749
14.9237
14.8722
14.8205
14.7686
14.7168
14.6649
14.6131
14.5615
14.5102
14.4591
14.4085
14.3583
14.3086
14.2594
14.2108
14.1629
14.1157
14.0692
14.0235
13.9785
13.9344
13.8911
13.8487
13.8071
13.7664
13.7265
13.6874
13.6491
13.6115
13.5747
13.5385
13.5029
13.4677
13.4329
13.3984
13.3641
13.3297
13.2951
13.2602
13.2246
13.1884
13.151
13.1124
13.0723
13.0304
12.9864
12.94
12.891
12.8391
12.7841
12.7257
12.6637
12.5979
12.5282
12.4546
12.3769
12.2951
12.2093
12.1197
12.0262
11.9293
11.8292
11.7261
11.6205
11.5128
11.4035
11.293
11.1819
11.0707
10.9599
10.8502
10.7421
10.6361
10.5327
10.4326
10.3363
10.2443
10.1572
10.0756
10.0002
9.93155
9.87055
9.81809
9.77529
9.74353
9.72453
9.72049
9.73428
9.76966
9.8316
9.92678
10.0641
10.2556
10.5172
10.8705
11.3431
11.9711
12.7989
13.8797
15.2721
17.0347
19.2168
21.846
24.9164
28.3796
32.1426
36.0735
40.0147
43.7992
47.2674
50.2806
52.7314
54.5479
55.6958
56.1762
56.087
15.0384
15.0398
15.0401
15.0392
15.0371
15.0337
15.0289
15.0228
15.0153
15.0065
14.9965
14.9852
14.9728
14.9595
14.9452
14.9301
14.9143
14.8979
14.8809
14.8633
14.8453
14.8269
14.8081
14.7889
14.7694
14.7495
14.7292
14.7086
14.6875
14.6659
14.6438
14.6212
14.598
14.5741
14.5496
14.5242
14.4981
14.471
14.4431
14.4143
14.3845
14.3537
14.3219
14.289
14.2551
14.2202
14.1842
14.1471
14.109
14.0698
14.0296
13.9884
13.9461
13.9029
13.8587
13.8137
13.7677
13.7208
13.6732
13.6248
13.5756
13.5257
13.4751
13.424
13.3723
13.32
13.2672
13.2141
13.1605
13.1065
13.0523
12.9978
12.9431
12.8882
12.8332
12.778
12.7229
12.6677
12.6125
12.5574
12.5024
12.4476
12.3929
12.3384
12.2842
12.2302
12.1766
12.1233
12.0703
12.0178
11.9655
11.9137
11.8622
11.8111
11.7603
11.7098
11.6596
11.6096
11.5599
11.5102
11.4606
11.411
11.3613
11.3114
11.2612
11.2105
11.1593
11.1074
11.0548
11.0013
10.9467
10.8909
10.834
10.7756
10.7158
10.6545
10.5915
10.527
10.4608
10.3929
10.3233
10.2522
10.1795
10.1053
10.0298
9.95315
9.87543
9.79684
9.71758
9.63787
9.55793
9.47797
9.39825
9.31898
9.24042
9.16279
9.08631
9.01122
8.93773
8.86605
8.7964
8.72899
8.66403
8.60175
8.54239
8.48624
8.43359
8.38484
8.34043
8.30092
8.26703
8.23966
8.21999
8.20954
8.21033
8.22501
8.25707
8.31114
8.39333
8.51164
8.67644
8.90104
9.20218
9.60027
10.1193
10.786
11.6276
12.6686
13.9255
15.4016
17.0815
18.9281
20.8822
22.8665
24.7931
26.5716
28.1187
29.3667
30.2665
30.8371
14.208
14.199
14.1895
14.1793
14.1685
14.1569
14.1446
14.1314
14.1174
14.1025
14.0868
14.0702
14.0526
14.0342
14.015
13.9949
13.9739
13.9522
13.9298
13.9065
13.8826
13.858
13.8328
13.807
13.7807
13.7538
13.7264
13.6984
13.67
13.6411
13.6117
13.5819
13.5517
13.5211
13.4899
13.4583
13.4261
13.3935
13.3602
13.3265
13.2922
13.2572
13.2217
13.1855
13.1487
13.1113
13.0731
13.0343
12.9948
12.9546
12.9136
12.872
12.8297
12.7867
12.743
12.6986
12.6536
12.6078
12.5615
12.5145
12.4669
12.4187
12.3699
12.3205
12.2707
12.2203
12.1694
12.118
12.0662
12.0139
11.9613
11.9083
11.8549
11.8013
11.7473
11.6931
11.6386
11.584
11.5291
11.4741
11.4191
11.3639
11.3088
11.2536
11.1985
11.1435
11.0886
11.0339
10.9793
10.9249
10.8706
10.8165
10.7625
10.7087
10.6551
10.6016
10.5482
10.4949
10.4417
10.3886
10.3355
10.2824
10.2293
10.176
10.1227
10.0691
10.0154
9.96136
9.90702
9.85231
9.79719
9.74162
9.68556
9.62898
9.57185
9.51415
9.45588
9.39702
9.33759
9.27761
9.21708
9.15606
9.09458
9.03271
8.97049
8.90801
8.84534
8.78257
8.71979
8.65709
8.59456
8.5323
8.4704
8.40896
8.34805
8.28777
8.22819
8.16937
8.11139
8.05431
7.99818
7.94307
7.88902
7.83609
7.78436
7.73388
7.68476
7.63711
7.59107
7.54683
7.50461
7.46475
7.42763
7.39379
7.3639
7.33887
7.31986
7.3084
7.30645
7.31656
7.34199
7.38691
7.45651
7.55726
7.69709
7.88544
8.13272
8.44989
8.8475
9.3344
9.9159
10.5916
11.3533
12.1839
13.0568
13.9372
14.7846
15.5569
16.212
16.7461
13.6291
13.6096
13.5899
13.5699
13.5496
13.529
13.508
13.4867
13.4649
13.4427
13.42
13.3969
13.3732
13.349
13.3243
13.2991
13.2733
13.2469
13.2201
13.1926
13.1647
13.1361
13.1071
13.0776
13.0475
13.0169
12.9858
12.9542
12.9221
12.8895
12.8564
12.8229
12.7889
12.7544
12.7195
12.6842
12.6485
12.6124
12.5759
12.539
12.5017
12.4639
12.4258
12.3873
12.3483
12.3089
12.2691
12.2288
12.1882
12.147
12.1054
12.0634
12.0209
11.9779
11.9345
11.8907
11.8463
11.8015
11.7563
11.7106
11.6644
11.6178
11.5708
11.5233
11.4755
11.4272
11.3785
11.3294
11.2799
11.2301
11.1799
11.1294
11.0785
11.0274
10.9759
10.9242
10.8723
10.8201
10.7677
10.7152
10.6626
10.6099
10.557
10.5042
10.4512
10.3983
10.3453
10.2923
10.2394
10.1865
10.1336
10.0807
10.0279
9.97515
9.92246
9.86982
9.81724
9.76472
9.71226
9.65985
9.60748
9.55515
9.50286
9.45058
9.39831
9.34605
9.29376
9.24146
9.18912
9.13674
9.08431
9.03181
8.97926
8.92664
8.87396
8.82122
8.76844
8.71561
8.66276
8.60991
8.55707
8.50428
8.45155
8.39893
8.34644
8.29412
8.24201
8.19013
8.13853
8.08723
8.03626
7.98566
7.93544
7.88562
7.83622
7.78723
7.73867
7.69052
7.64278
7.59544
7.54847
7.50185
7.45556
7.40958
7.36389
7.31848
7.27334
7.22847
7.1839
7.13967
7.09585
7.05254
7.00988
6.96808
6.92738
6.88815
6.85082
6.816
6.78443
6.75708
6.7352
6.72034
6.71451
6.72019
6.74085
6.78078
6.84354
6.93284
7.05273
7.20768
7.40118
7.63505
7.90923
8.2211
8.56477
8.93072
9.30583
9.67415
10.0166
10.3303
13.2667
13.2377
13.2087
13.1796
13.1504
13.1211
13.0917
13.0622
13.0325
13.0026
12.9726
12.9423
12.9119
12.8811
12.8502
12.8189
12.7874
12.7556
12.7235
12.6911
12.6583
12.6253
12.5919
12.5582
12.5242
12.4899
12.4552
12.4202
12.3848
12.3492
12.3132
12.2768
12.2401
12.2031
12.1658
12.1281
12.0901
12.0518
12.0132
11.9742
11.9349
11.8953
11.8553
11.8151
11.7746
11.7337
11.6926
11.6512
11.6094
11.5674
11.5251
11.4825
11.4396
11.3965
11.353
11.3092
11.2652
11.2208
11.1761
11.1312
11.0859
11.0404
10.9946
10.9484
10.902
10.8553
10.8084
10.7611
10.7136
10.6658
10.6178
10.5695
10.521
10.4722
10.4233
10.3741
10.3247
10.2752
10.2255
10.1756
10.1257
10.0756
10.0254
9.97512
9.92477
9.87437
9.82393
9.77346
9.72297
9.67247
9.62199
9.57152
9.52108
9.47068
9.42032
9.37003
9.31981
9.26967
9.2196
9.16964
9.11977
9.07001
9.02036
8.97084
8.92144
8.87218
8.82305
8.77407
8.72524
8.67658
8.62808
8.57977
8.53164
8.48372
8.43601
8.38853
8.34128
8.2943
8.24759
8.20116
8.15504
8.10925
8.06379
8.01869
7.97395
7.9296
7.88564
7.84207
7.79891
7.75615
7.71378
7.6718
7.63019
7.58892
7.54797
7.50731
7.46689
7.42667
7.38659
7.3466
7.30664
7.26664
7.22654
7.18627
7.14576
7.10496
7.0638
7.02224
6.98025
6.93779
6.89486
6.85148
6.80769
6.76356
6.7192
6.67477
6.63047
6.58658
6.54346
6.50159
6.46161
6.42437
6.39104
6.36303
6.34189
6.32993
6.32823
6.33811
6.36105
6.39867
6.45246
6.52358
6.61264
6.71949
6.84301
6.98087
7.12948
7.28411
7.43896
7.59132
13.0676
13.0314
12.9951
12.9589
12.9226
12.8863
12.85
12.8136
12.7772
12.7407
12.7041
12.6675
12.6308
12.594
12.557
12.52
12.4829
12.4456
12.4082
12.3706
12.3329
12.2951
12.2571
12.2189
12.1806
12.1421
12.1034
12.0645
12.0255
11.9863
11.9469
11.9073
11.8675
11.8276
11.7874
11.7471
11.7065
11.6658
11.6249
11.5838
11.5425
11.501
11.4593
11.4174
11.3754
11.3331
11.2907
11.2481
11.2053
11.1623
11.1191
11.0758
11.0323
10.9886
10.9447
10.9007
10.8565
10.8121
10.7675
10.7228
10.6778
10.6328
10.5875
10.5421
10.4965
10.4507
10.4048
10.3587
10.3125
10.2661
10.2195
10.1728
10.126
10.079
10.0319
9.98468
9.93733
9.88988
9.84233
9.7947
9.74699
9.69921
9.65138
9.60351
9.5556
9.50768
9.45974
9.41181
9.3639
9.31602
9.26817
9.22038
9.17266
9.12501
9.07746
9.03001
8.98267
8.93547
8.88842
8.84152
8.79479
8.74825
8.7019
8.65578
8.60987
8.56422
8.51882
8.47369
8.42885
8.38432
8.34011
8.29623
8.25271
8.20956
8.1668
8.12444
8.0825
8.04099
7.99993
7.95934
7.91923
7.8796
7.84047
7.80184
7.76371
7.72609
7.68897
7.65234
7.61618
7.58048
7.5452
7.51033
7.47581
7.44161
7.40766
7.37392
7.34031
7.30677
7.2732
7.23953
7.20567
7.17152
7.13699
7.10198
7.06639
7.03013
6.99311
6.95525
6.91647
6.87671
6.83592
6.79408
6.75116
6.7072
6.66223
6.61631
6.56958
6.52217
6.47433
6.42634
6.37868
6.33201
6.28745
6.24635
6.20941
6.177
6.14972
6.12821
6.11317
6.10529
6.1053
6.11384
6.13143
6.15843
6.19493
6.24078
6.29555
6.35862
6.4294
6.50702
12.9722
12.9314
12.8906
12.8498
12.8089
12.768
12.727
12.6859
12.6448
12.6037
12.5624
12.5212
12.4798
12.4384
12.3969
12.3554
12.3138
12.2721
12.2304
12.1886
12.1467
12.1047
12.0627
12.0206
11.9784
11.9361
11.8937
11.8513
11.8088
11.7662
11.7235
11.6807
11.6378
11.5949
11.5519
11.5088
11.4656
11.4223
11.379
11.3356
11.292
11.2484
11.2048
11.161
11.1172
11.0733
11.0293
10.9852
10.9411
10.8968
10.8525
10.8082
10.7637
10.7192
10.6746
10.63
10.5852
10.5404
10.4956
10.4506
10.4056
10.3605
10.3154
10.2702
10.2249
10.1795
10.1341
10.0887
10.0431
9.99755
9.95191
9.90623
9.86051
9.81475
9.76895
9.72312
9.67727
9.6314
9.58553
9.53965
9.49378
9.44792
9.40209
9.35628
9.31053
9.26482
9.21918
9.17361
9.12812
9.08273
9.03745
8.99229
8.94727
8.90239
8.85768
8.81314
8.76879
8.72464
8.68072
8.63704
8.59361
8.55045
8.50758
8.46502
8.42278
8.38089
8.33936
8.29822
8.25747
8.21715
8.17727
8.13786
8.09892
8.06049
8.02257
7.98519
7.94836
7.9121
7.87642
7.84134
7.80686
7.773
7.73974
7.70711
7.67508
7.64366
7.61282
7.58255
7.55283
7.52361
7.49487
7.46655
7.4386
7.41096
7.38356
7.35632
7.32915
7.30196
7.27465
7.24711
7.21923
7.19088
7.16196
7.13232
7.10186
7.07044
7.03796
7.00429
6.96934
6.93301
6.89523
6.85593
6.81508
6.77267
6.72869
6.68319
6.63627
6.58806
6.5388
6.48885
6.4388
6.38947
6.34176
6.29642
6.25395
6.2147
6.17902
6.14729
6.11992
6.09739
6.08023
6.06901
6.06436
6.06698
6.07766
6.09731
6.12707
6.16843
6.22351
6.294
12.9308
12.8878
12.8447
12.8015
12.7582
12.7148
12.6713
12.6277
12.584
12.5402
12.4964
12.4524
12.4084
12.3643
12.3201
12.2758
12.2314
12.187
12.1425
12.0979
12.0533
12.0086
11.9639
11.919
11.8742
11.8293
11.7843
11.7393
11.6943
11.6493
11.6041
11.559
11.5139
11.4687
11.4235
11.3782
11.333
11.2877
11.2424
11.1972
11.1519
11.1066
11.0613
11.0159
10.9706
10.9253
10.88
10.8347
10.7894
10.7441
10.6988
10.6536
10.6083
10.563
10.5178
10.4726
10.4273
10.3821
10.3369
10.2918
10.2466
10.2015
10.1563
10.1112
10.0661
10.0211
9.97605
9.93105
9.88608
9.84114
9.79624
9.75139
9.70658
9.66182
9.61713
9.57249
9.52793
9.48344
9.43903
9.39472
9.3505
9.30639
9.26239
9.21851
9.17477
9.13116
9.08771
9.04442
9.0013
8.95836
8.91562
8.87309
8.83078
8.7887
8.74687
8.70531
8.66403
8.62304
8.58237
8.54203
8.50204
8.46242
8.42318
8.38436
8.34596
8.30802
8.27054
8.23356
8.1971
8.16117
8.1258
8.09101
8.05683
8.02327
7.99035
7.95809
7.92652
7.89564
7.86547
7.83602
7.8073
7.77931
7.75206
7.72553
7.69974
7.67465
7.65025
7.62651
7.6034
7.58087
7.55888
7.53737
7.51627
7.49551
7.47499
7.45462
7.4343
7.41391
7.39332
7.37242
7.35105
7.32908
7.30635
7.28272
7.25803
7.23213
7.20487
7.17612
7.14574
7.11362
7.07966
7.04378
7.00592
6.96607
6.92423
6.8805
6.83499
6.78797
6.7398
6.69101
6.6423
6.59439
6.54796
6.50359
6.46173
6.42278
6.38714
6.35522
6.3275
6.30454
6.28702
6.27572
6.27164
6.27602
6.29041
6.31687
6.35814
6.41796
6.50153
6.61411
12.913
12.8691
12.8251
12.781
12.7367
12.6923
12.6478
12.6032
12.5585
12.5137
12.4688
12.4237
12.3786
12.3334
12.2881
12.2427
12.1972
12.1516
12.106
12.0603
12.0146
11.9688
11.9229
11.877
11.8311
11.7851
11.7391
11.6931
11.6471
11.601
11.555
11.5089
11.4629
11.4169
11.3708
11.3248
11.2789
11.2329
11.187
11.1411
11.0952
11.0494
11.0036
10.9579
10.9122
10.8666
10.821
10.7755
10.7301
10.6846
10.6393
10.594
10.5488
10.5037
10.4586
10.4136
10.3686
10.3237
10.2789
10.2342
10.1896
10.145
10.1005
10.0561
10.0118
9.96759
9.92347
9.87944
9.83552
9.79171
9.74802
9.70444
9.66099
9.61768
9.5745
9.53147
9.48859
9.44588
9.40333
9.36097
9.31879
9.2768
9.23502
9.19345
9.15211
9.111
9.07013
9.02952
8.98918
8.94911
8.90934
8.86987
8.83073
8.79191
8.75345
8.71535
8.67763
8.64031
8.60341
8.56695
8.53095
8.49542
8.4604
8.42589
8.39194
8.35854
8.32574
8.29356
8.26201
8.23113
8.20094
8.17146
8.14272
8.11474
8.08755
8.06115
8.03558
8.01085
7.98697
7.96396
7.94182
7.92057
7.90019
7.88069
7.86205
7.84425
7.82728
7.81109
7.79565
7.7809
7.76678
7.75323
7.74016
7.72748
7.71508
7.70284
7.69065
7.67835
7.6658
7.65284
7.6393
7.62499
7.60975
7.59337
7.57569
7.5565
7.53564
7.51293
7.48822
7.46137
7.43228
7.40087
7.36709
7.33098
7.29262
7.25216
7.20989
7.16619
7.12157
7.07663
7.03202
6.98839
6.94635
6.90646
6.86924
6.83524
6.80501
6.77919
6.75851
6.74385
6.73626
6.73708
6.74799
6.77118
6.80953
6.86695
6.9488
7.06267
7.21936
7.43095
12.9077
12.8638
12.8197
12.7756
12.7314
12.6871
12.6427
12.5983
12.5537
12.5091
12.4644
12.4196
12.3748
12.33
12.285
12.2401
12.1951
12.1501
12.105
12.0599
12.0148
11.9697
11.9246
11.8795
11.8345
11.7894
11.7443
11.6993
11.6543
11.6093
11.5644
11.5195
11.4746
11.4298
11.3851
11.3404
11.2957
11.2512
11.2066
11.1622
11.1178
11.0735
11.0293
10.9851
10.941
10.897
10.8531
10.8093
10.7655
10.7218
10.6782
10.6347
10.5913
10.548
10.5047
10.4616
10.4186
10.3756
10.3328
10.2901
10.2475
10.205
10.1626
10.1204
10.0783
10.0363
9.99449
9.95282
9.91132
9.86999
9.82883
9.78787
9.74709
9.70652
9.66617
9.62604
9.58613
9.54648
9.50707
9.46792
9.42905
9.39046
9.35216
9.31417
9.2765
9.23916
9.20215
9.16551
9.12923
9.09333
9.05782
9.02273
8.98807
8.95385
8.92009
8.8868
8.85402
8.82175
8.79001
8.75884
8.72825
8.69826
8.6689
8.64019
8.61217
8.58484
8.55826
8.53243
8.50739
8.48317
8.4598
8.4373
8.41571
8.39504
8.37534
8.35661
8.3389
8.32221
8.30657
8.29199
8.27848
8.26605
8.2547
8.24443
8.23522
8.22705
8.2199
8.21371
8.20846
8.20407
8.20046
8.19757
8.19528
8.19348
8.19204
8.19082
8.18966
8.18839
8.18681
8.18474
8.18195
8.17822
8.17334
8.16708
8.1592
8.14948
8.13771
8.12371
8.1073
8.08836
8.06679
8.04258
8.01574
7.98639
7.95474
7.92108
7.88582
7.84944
7.81251
7.77565
7.73949
7.7047
7.67195
7.64192
7.61536
7.59308
7.57598
7.56513
7.56179
7.56749
7.58413
7.6141
7.6605
7.72742
7.82033
7.94679
8.11749
8.34775
8.66
9.08141
12.9186
12.8759
12.8331
12.7904
12.7477
12.7049
12.6622
12.6195
12.5768
12.5342
12.4915
12.4489
12.4064
12.3639
12.3214
12.279
12.2367
12.1944
12.1521
12.1099
12.0678
12.0258
11.9838
11.9419
11.9001
11.8584
11.8167
11.7751
11.7336
11.6921
11.6508
11.6095
11.5683
11.5271
11.4861
11.4451
11.4042
11.3634
11.3226
11.282
11.2414
11.2008
11.1604
11.12
11.0797
11.0395
10.9994
10.9593
10.9194
10.8795
10.8397
10.8
10.7604
10.7209
10.6815
10.6422
10.6031
10.564
10.5251
10.4864
10.4478
10.4093
10.3711
10.333
10.2951
10.2574
10.22
10.1827
10.1457
10.109
10.0725
10.0363
10.0003
9.9647
9.92937
9.89436
9.85968
9.82535
9.79137
9.75776
9.72454
9.6917
9.65928
9.62727
9.5957
9.56458
9.53391
9.50373
9.47403
9.44485
9.41618
9.38806
9.36049
9.3335
9.30711
9.28134
9.2562
9.23172
9.20793
9.18485
9.1625
9.14092
9.12014
9.10017
9.08106
9.06285
9.04555
9.02922
9.01388
8.99957
8.98633
8.97421
8.96322
8.95343
8.94485
8.93753
8.93151
8.9268
8.92345
8.92148
8.92091
8.92175
8.92402
8.92771
8.93281
8.93931
8.94719
8.95639
8.96686
8.97855
8.99135
9.00518
9.01991
9.0354
9.05149
9.06801
9.08475
9.10151
9.11805
9.13412
9.14946
9.1638
9.17687
9.18839
9.1981
9.20575
9.21111
9.21401
9.21428
9.21185
9.2067
9.19886
9.18849
9.1758
9.16113
9.14487
9.12754
9.10971
9.09204
9.07526
9.06017
9.04767
9.03875
9.03452
9.03626
9.04545
9.06383
9.09347
9.1369
9.19722
9.27831
9.38511
9.52403
9.70357
9.93524
10.235
10.6257
11.1406
11.8288
12.7531
12.9682
12.9292
12.8904
12.8517
12.8132
12.7748
12.7365
12.6985
12.6605
12.6228
12.5851
12.5476
12.5103
12.4731
12.436
12.3991
12.3622
12.3255
12.2889
12.2525
12.2161
12.1798
12.1436
12.1075
12.0715
12.0356
11.9997
11.9639
11.9282
11.8926
11.8569
11.8214
11.7859
11.7504
11.715
11.6797
11.6443
11.609
11.5738
11.5386
11.5034
11.4683
11.4333
11.3983
11.3633
11.3285
11.2937
11.259
11.2244
11.1898
11.1555
11.1212
11.0871
11.0531
11.0193
10.9857
10.9523
10.9191
10.8861
10.8534
10.8209
10.7887
10.7567
10.7251
10.6938
10.6628
10.6322
10.6019
10.5721
10.5426
10.5135
10.4848
10.4565
10.4287
10.4014
10.3745
10.3481
10.3222
10.2968
10.272
10.2476
10.2239
10.2006
10.178
10.156
10.1345
10.1137
10.0935
10.074
10.0551
10.0369
10.0194
10.0026
9.98655
9.97127
9.95677
9.94308
9.93024
9.91826
9.90718
9.89704
9.88787
9.8797
9.87259
9.86657
9.86169
9.858
9.85554
9.85438
9.85456
9.85614
9.85918
9.86375
9.86989
9.87767
9.88714
9.89838
9.91143
9.92635
9.94319
9.962
9.98282
10.0057
10.0306
10.0576
10.0867
10.1178
10.151
10.1863
10.2234
10.2625
10.3033
10.3458
10.3897
10.435
10.4814
10.5287
10.5767
10.6251
10.6736
10.722
10.7699
10.8169
10.8629
10.9076
10.9506
10.9917
11.0308
11.0678
11.1025
11.1351
11.1656
11.1942
11.2212
11.2472
11.2725
11.2978
11.3241
11.3522
11.3832
11.4185
11.4597
11.5084
11.5668
11.6375
11.7234
11.8279
11.9553
12.1109
12.3009
12.5333
12.818
13.168
13.5999
14.1365
14.8088
15.6611
16.7581
18.1977
20.1066
13.113
13.0822
13.0516
13.0213
12.9913
12.9615
12.9319
12.9025
12.8732
12.8442
12.8153
12.7865
12.7578
12.7293
12.7008
12.6724
12.6441
12.6158
12.5876
12.5594
12.5312
12.503
12.4747
12.4465
12.4183
12.39
12.3617
12.3334
12.305
12.2766
12.2481
12.2196
12.1911
12.1626
12.134
12.1055
12.0769
12.0484
12.0199
11.9914
11.963
11.9347
11.9064
11.8783
11.8503
11.8225
11.7948
11.7674
11.7401
11.7131
11.6864
11.66
11.6338
11.608
11.5826
11.5575
11.5328
11.5086
11.4848
11.4614
11.4385
11.4162
11.3943
11.373
11.3523
11.3321
11.3126
11.2936
11.2753
11.2576
11.2405
11.2242
11.2085
11.1935
11.1792
11.1656
11.1528
11.1407
11.1293
11.1187
11.1089
11.0998
11.0915
11.084
11.0773
11.0715
11.0664
11.0622
11.0589
11.0564
11.0548
11.0541
11.0543
11.0556
11.0577
11.061
11.0652
11.0706
11.0771
11.0847
11.0936
11.1038
11.1153
11.1282
11.1427
11.1586
11.1762
11.1956
11.2167
11.2398
11.2648
11.2919
11.3213
11.353
11.3871
11.4238
11.4632
11.5054
11.5505
11.5986
11.6499
11.7045
11.7624
11.8238
11.8887
11.9573
12.0296
12.1057
12.1855
12.2691
12.3565
12.4476
12.5424
12.6408
12.7425
12.8476
12.9557
13.0667
13.1802
13.2961
13.4139
13.5334
13.6543
13.7761
13.8986
14.0215
14.1444
14.2672
14.3898
14.5119
14.6338
14.7554
14.8772
14.9996
15.1232
15.249
15.378
15.5117
15.6518
15.8004
15.96
16.1336
16.3247
16.5375
16.777
17.049
17.3604
17.7194
18.136
18.622
19.1919
19.8637
20.6595
21.6079
22.7463
24.1252
25.8164
27.9265
30.6228
34.137
13.4553
13.4378
13.4204
13.4031
13.3859
13.3688
13.3516
13.3344
13.3172
13.2999
13.2825
13.265
13.2474
13.2296
13.2117
13.1936
13.1753
13.1569
13.1382
13.1193
13.1003
13.081
13.0616
13.042
13.0222
13.0023
12.9822
12.9621
12.9418
12.9215
12.9012
12.8808
12.8605
12.8401
12.8199
12.7997
12.7797
12.7599
12.7402
12.7208
12.7017
12.6829
12.6644
12.6463
12.6286
12.6114
12.5947
12.5785
12.5628
12.5478
12.5334
12.5196
12.5066
12.4943
12.4827
12.4719
12.462
12.4529
12.4447
12.4375
12.4311
12.4257
12.4213
12.4179
12.4155
12.4141
12.4138
12.4145
12.4163
12.4192
12.4232
12.4282
12.4344
12.4417
12.4501
12.4596
12.4702
12.4819
12.4947
12.5086
12.5237
12.5398
12.5571
12.5755
12.595
12.6156
12.6374
12.6604
12.6845
12.7098
12.7363
12.7641
12.7931
12.8235
12.8552
12.8884
12.923
12.9592
12.9969
13.0364
13.0777
13.1209
13.1661
13.2135
13.2631
13.3151
13.3697
13.4271
13.4874
13.5508
13.6175
13.6877
13.7618
13.8398
13.922
14.0088
14.1003
14.1969
14.2989
14.4064
14.5199
14.6396
14.7658
14.8989
15.0391
15.1866
15.3418
15.505
15.6762
15.8559
16.044
16.2408
16.4463
16.6606
16.8837
17.1156
17.356
17.6049
17.862
18.127
18.3996
18.6794
18.9659
19.2587
19.5574
19.8615
20.1706
20.4844
20.8027
21.1254
21.4525
21.7843
22.1215
22.4649
22.8157
23.1756
23.5466
23.9315
24.3333
24.7559
25.2039
25.6826
26.1982
26.758
27.3703
28.0448
28.7925
29.6263
30.5609
31.6134
32.804
34.1567
35.7002
37.4706
39.5142
41.8945
44.7035
48.0884
52.3028
57.786
14.1368
14.1355
14.1337
14.1315
14.1289
14.1257
14.1221
14.1179
14.1133
14.1081
14.1025
14.0963
14.0897
14.0827
14.0751
14.0672
14.0589
14.0502
14.0413
14.032
14.0225
14.0128
14.0029
13.9929
13.9828
13.9728
13.9628
13.9528
13.943
13.9335
13.9241
13.9151
13.9065
13.8983
13.8906
13.8834
13.8769
13.871
13.8659
13.8615
13.858
13.8554
13.8537
13.8531
13.8536
13.8553
13.8581
13.8622
13.8677
13.8745
13.8827
13.8924
13.9037
13.9165
13.9309
13.947
13.9647
13.9842
14.0055
14.0285
14.0534
14.08
14.1085
14.1389
14.1712
14.2053
14.2413
14.2792
14.319
14.3606
14.4041
14.4495
14.4967
14.5457
14.5965
14.6491
14.7035
14.7597
14.8176
14.8773
14.9387
15.0018
15.0666
15.1331
15.2014
15.2714
15.3431
15.4166
15.4918
15.569
15.648
15.7289
15.8119
15.897
15.9843
16.074
16.1661
16.2608
16.3583
16.4587
16.5623
16.6692
16.7798
16.8943
17.013
17.1362
17.2642
17.3975
17.5363
17.6812
17.8326
17.9909
18.1568
18.3306
18.513
18.7045
18.9058
19.1175
19.3403
19.5748
19.8218
20.0819
20.356
20.6446
20.9485
21.2684
21.605
21.959
22.3309
22.7213
23.1308
23.5596
24.0083
24.477
24.9659
25.4749
26.0041
26.5531
27.1217
27.7094
28.3156
28.9396
29.5808
30.2382
30.9112
31.5988
32.3004
33.0152
33.743
34.4832
35.2361
36.0019
36.7814
37.5757
38.3866
39.2164
40.0678
40.9444
41.8504
42.7908
43.7713
44.7985
45.8798
47.0235
48.2388
49.5362
50.927
52.4239
54.0413
55.7952
57.7044
59.7907
62.0809
64.609
67.4208
70.5845
74.2058
78.4946
83.8319
91.0002
15.319
15.3325
15.3449
15.3563
15.3667
15.3763
15.3849
15.3927
15.3997
15.406
15.4117
15.4168
15.4214
15.4256
15.4294
15.433
15.4363
15.4396
15.4428
15.4462
15.4497
15.4534
15.4575
15.4621
15.4672
15.4729
15.4793
15.4866
15.4948
15.504
15.5144
15.526
15.5389
15.5533
15.5693
15.5869
15.6063
15.6276
15.6508
15.6762
15.7037
15.7336
15.7659
15.8007
15.8382
15.8783
15.9213
15.9672
16.0161
16.068
16.1231
16.1815
16.2431
16.3081
16.3765
16.4484
16.5238
16.6027
16.6853
16.7714
16.8612
16.9545
17.0515
17.1522
17.2564
17.3643
17.4757
17.5906
17.7091
17.8311
17.9565
18.0852
18.2174
18.3528
18.4915
18.6334
18.7785
18.9267
19.078
19.2324
19.3898
19.5503
19.7139
19.8804
20.0501
20.2229
20.3988
20.578
20.7605
20.9464
21.1359
21.3292
21.5263
21.7276
21.9333
22.1436
22.3589
22.5796
22.8059
23.0383
23.2773
23.5234
23.7772
24.0392
24.3101
24.5907
24.8816
25.1836
25.4977
25.8247
26.1656
26.5215
26.8933
27.2822
27.6895
28.1162
28.5637
29.0333
29.5262
30.0439
30.5877
31.159
31.759
32.3892
33.0508
33.7451
34.4731
35.236
36.0346
36.8698
37.7422
38.6522
39.6002
40.5861
41.6097
42.6706
43.768
44.901
46.0682
47.2683
48.4996
49.76
51.0475
52.3599
53.6947
55.0498
56.4226
57.811
59.2128
60.6261
62.0492
63.4809
64.9203
66.3668
67.8205
69.2821
70.7525
72.2336
73.7278
75.2381
76.768
78.3222
79.9056
81.5244
83.1854
84.8964
86.6665
88.5062
90.4276
92.4453
94.5764
96.8424
99.2699
101.894
104.765
107.978
111.655
116.047
121.636
129.801
17.2142
17.2412
17.267
17.2917
17.3156
17.3387
17.3611
17.383
17.4044
17.4256
17.4467
17.4677
17.489
17.5106
17.5326
17.5553
17.5788
17.6032
17.6288
17.6556
17.684
17.7139
17.7457
17.7796
17.8156
17.854
17.895
17.9388
17.9855
18.0354
18.0888
18.1456
18.2063
18.2711
18.34
18.4133
18.4913
18.5742
18.6621
18.7554
18.8541
18.9584
19.0687
19.1851
19.3078
19.4369
19.5726
19.7152
19.8647
20.0213
20.1852
20.3565
20.5352
20.7215
20.9155
21.1172
21.3267
21.544
21.7692
22.0022
22.243
22.4917
22.7482
23.0124
23.2842
23.5636
23.8506
24.1449
24.4465
24.7553
25.0712
25.394
25.7236
26.0599
26.4028
26.7522
27.1079
27.4699
27.8381
28.2124
28.5928
28.9793
29.3719
29.7706
30.1755
30.5866
31.0043
31.4285
31.8596
32.2978
32.7434
33.1968
33.6584
34.1288
34.6084
35.0979
35.5979
36.1093
36.6328
37.1693
37.7198
38.2853
38.867
39.466
40.0837
40.7214
41.3806
42.0627
42.7693
43.5022
44.263
45.0536
45.8757
46.7313
47.6222
48.5505
49.518
50.5267
51.5784
52.6751
53.8185
55.0102
56.2518
57.5447
58.89
60.2887
61.7414
63.2486
64.8104
66.4264
68.0959
69.8177
71.5904
73.4116
75.279
77.1893
79.139
81.1239
83.1396
85.181
87.2426
89.3188
91.4034
93.4904
95.5734
97.6461
99.7024
101.736
103.742
105.714
107.648
109.539
111.385
113.183
114.931
116.628
118.275
119.873
121.425
122.934
124.405
125.845
127.26
128.66
130.055
131.455
132.874
134.327
135.831
137.404
139.068
140.848
142.777
144.893
147.248
149.923
153.048
156.924
162.197
171.154
20.2445
20.2903
20.336
20.3816
20.4275
20.4738
20.5208
20.5689
20.6182
20.6691
20.7219
20.7768
20.8342
20.8944
20.9577
21.0244
21.095
21.1696
21.2487
21.3327
21.4219
21.5166
21.6173
21.7245
21.8383
21.9594
22.0881
22.2249
22.3702
22.5244
22.6881
22.8617
23.0456
23.2404
23.4466
23.6645
23.8948
24.1379
24.3943
24.6645
24.949
25.2482
25.5626
25.8926
26.2387
26.6012
26.9806
27.3772
27.7913
28.2233
28.6734
29.1418
29.6287
30.1343
30.6586
31.2018
31.7637
32.3445
32.944
33.5621
34.1986
34.8534
35.526
36.2163
36.9238
37.6483
38.3893
39.1464
39.919
40.7068
41.5093
42.3259
43.1562
43.9996
44.8557
45.724
46.6042
47.4957
48.3983
49.3115
50.2353
51.1692
52.1133
53.0673
54.0314
55.0055
55.9899
56.9847
57.9904
59.0072
60.0359
61.0769
62.1311
63.1993
64.2823
65.3814
66.4975
67.6321
68.7863
69.9617
71.1599
72.3825
73.6313
74.908
76.2146
77.553
78.9252
80.3333
81.7793
83.2653
84.7934
86.3657
87.9842
89.6507
91.367
93.135
94.956
96.8313
98.7621
100.749
102.792
104.893
107.049
109.261
111.527
113.846
116.215
118.631
121.09
123.589
126.123
128.685
131.269
133.87
136.478
139.086
141.686
144.268
146.823
149.341
151.813
154.23
156.581
158.858
161.052
163.156
165.162
167.066
168.861
170.545
172.115
173.571
174.912
176.142
177.264
178.283
179.206
180.042
180.799
181.489
182.123
182.714
183.277
183.826
184.376
184.944
185.548
186.206
186.935
187.758
188.696
189.772
191.015
192.46
194.153
196.163
198.61
201.791
206.402
216.091
25.4501
25.5412
25.6363
25.7355
25.8394
25.9484
26.0633
26.1846
26.3129
26.4489
26.5932
26.7465
26.9097
27.0833
27.2681
27.465
27.6748
27.8982
28.1361
28.3896
28.6594
28.9465
29.252
29.5768
29.9221
30.2888
30.6783
31.0915
31.5298
31.9942
32.4862
33.0068
33.5574
34.1393
34.7538
35.4021
36.0856
36.8055
37.5631
38.3595
39.196
40.0737
40.9936
41.9568
42.964
44.0161
45.1139
46.2577
47.4481
48.6854
49.9697
51.301
52.6791
54.1037
55.5742
57.0899
58.6499
60.2531
61.8984
63.5844
65.3094
67.0718
68.8697
70.7013
72.5644
74.4569
76.3765
78.3211
80.2884
82.276
84.2817
86.3032
88.3383
90.385
92.4412
94.5051
96.5748
98.6487
100.725
102.803
104.882
106.96
109.036
111.111
113.183
115.253
117.321
119.386
121.45
123.513
125.576
127.64
129.706
131.775
133.849
135.929
138.017
140.115
142.224
144.347
146.486
148.642
150.817
153.014
155.234
157.479
159.752
162.053
164.384
166.746
169.141
171.569
174.031
176.528
179.059
181.623
184.221
186.85
189.509
192.195
194.906
197.637
200.386
203.146
205.913
208.681
211.443
214.191
216.919
219.617
222.276
224.887
227.44
229.924
232.33
234.647
236.865
238.973
240.961
242.822
244.545
246.125
247.555
248.829
249.946
250.901
251.697
252.333
252.814
253.145
253.331
253.383
253.31
253.123
252.836
252.463
252.019
251.52
250.981
250.421
249.855
249.301
248.775
248.295
247.875
247.531
247.278
247.13
247.1
247.202
247.447
247.849
248.42
249.178
250.147
251.37
252.932
255.112
258.602
268.916
36.2646
36.5259
36.8048
37.1023
37.4199
37.7593
38.122
38.5098
38.9244
39.3675
39.841
40.3469
40.887
41.4635
42.0786
42.7344
43.4332
44.1776
44.9699
45.8128
46.709
47.6612
48.6724
49.7455
50.8835
52.0896
53.3668
54.7184
56.1476
57.6577
59.2518
60.9332
62.705
64.5702
66.5317
68.5923
70.7546
73.0209
75.3932
77.8734
80.4628
83.1626
85.9733
88.8951
91.9277
95.0703
98.3214
101.679
105.141
108.704
112.365
116.118
119.96
123.885
127.888
131.961
136.099
140.294
144.539
148.826
153.148
157.496
161.863
166.241
170.623
175
179.365
183.711
188.032
192.32
196.572
200.78
204.94
209.047
213.099
217.092
221.022
224.889
228.69
232.425
236.092
239.693
243.227
246.695
250.099
253.44
256.72
259.942
263.107
266.219
269.281
272.295
275.264
278.193
281.082
283.937
286.76
289.554
292.321
295.065
297.788
300.492
303.18
305.853
308.514
311.162
313.799
316.425
319.042
321.647
324.241
326.822
329.39
331.94
334.472
336.981
339.464
341.917
344.333
346.708
349.036
351.309
353.52
355.662
357.726
359.704
361.585
363.362
365.024
366.561
367.963
369.221
370.326
371.267
372.037
372.628
373.033
373.247
373.267
373.088
372.711
372.136
371.367
370.408
369.268
367.954
366.479
364.856
363.099
361.226
359.253
357.202
355.091
352.941
350.774
348.609
346.468
344.37
342.333
340.375
338.512
336.76
335.13
333.633
332.278
331.069
330.009
329.098
328.335
327.711
327.217
326.838
326.558
326.355
326.208
326.105
326.045
326.226
327.041
337.567
68.4733
69.4652
70.5346
71.6851
72.9223
74.251
75.6754
77.2
78.8293
80.5683
82.4221
84.3959
86.4952
88.7258
91.0934
93.6041
96.2642
99.0801
102.058
105.205
108.527
112.031
115.723
119.611
123.699
127.994
132.503
137.229
142.178
147.355
152.762
158.403
164.279
170.393
176.743
183.328
190.147
197.196
204.469
211.96
219.662
227.565
235.658
243.93
252.366
260.952
269.671
278.507
287.44
296.452
305.523
314.632
323.757
332.88
341.977
351.028
360.014
368.913
377.708
386.38
394.912
403.289
411.495
419.519
427.348
434.972
442.385
449.577
456.545
463.285
469.795
476.073
482.121
487.94
493.533
498.904
504.058
509.001
513.739
518.279
522.629
526.796
530.788
534.615
538.283
541.802
545.179
548.423
551.541
554.541
557.43
560.214
562.901
565.494
568.001
570.425
572.771
575.041
577.24
579.369
581.429
583.423
585.35
587.21
589.002
590.726
592.378
593.957
595.458
596.879
598.215
599.461
600.611
601.659
602.6
603.426
604.129
604.702
605.138
605.426
605.56
605.529
605.325
604.939
604.362
603.586
602.602
601.402
599.979
598.327
596.44
594.313
591.943
589.329
586.47
583.368
580.029
576.457
572.661
568.653
564.445
560.053
555.496
550.795
545.971
541.049
536.056
531.019
525.966
520.926
515.929
511.003
506.174
501.47
496.916
492.534
488.341
484.356
480.592
477.057
473.759
470.699
467.873
465.274
462.887
460.693
458.667
456.777
454.982
453.235
451.48
449.646
447.651
445.402
442.783
439.658
435.844
431.28
425.499
429.416
82.2648
80.9414
79.7157
78.5857
77.549
76.6036
75.748
74.981
74.3015
73.7087
73.2019
72.7807
72.4449
72.1943
72.0291
71.9494
71.9558
72.0488
72.229
72.4974
72.8549
73.3025
73.8414
74.4728
75.198
76.0184
76.9352
77.9498
79.0636
80.2777
81.5932
83.0113
84.5326
86.1579
87.8876
89.7218
91.6602
93.7025
95.8476
98.0941
100.44
102.884
105.422
108.051
110.768
113.568
116.446
119.396
122.413
125.49
128.621
131.797
135.012
138.257
141.524
144.806
148.094
151.379
154.653
157.909
161.138
164.333
167.487
170.594
173.646
176.639
179.568
182.427
185.214
187.925
190.558
193.11
195.582
197.971
200.278
202.504
204.65
206.717
208.707
210.623
212.467
214.242
215.953
217.601
219.192
220.728
222.213
223.653
225.049
226.408
227.731
229.024
230.289
231.531
232.753
233.957
235.148
236.328
237.499
238.664
239.826
240.986
242.146
243.308
244.473
245.642
246.816
247.995
249.181
250.373
251.571
252.775
253.985
255.2
256.42
257.643
258.868
260.094
261.32
262.544
263.765
264.979
266.187
267.384
268.57
269.741
270.896
272.033
273.147
274.239
275.304
276.341
277.347
278.32
279.258
280.16
281.025
281.851
282.638
283.385
284.094
284.765
285.399
286
286.57
287.112
287.63
288.13
288.615
289.091
289.565
290.042
290.526
291.025
291.544
292.087
292.658
293.26
293.897
294.569
295.277
296.019
296.794
297.596
298.421
299.259
300.1
300.933
301.742
302.508
303.21
303.822
304.309
304.634
304.746
304.579
304.07
303.014
302.193
300.402
463.62
491.06
515.365
535.601
553.255
568.354
587.549
607.019
625.425
642.516
658.048
672.004
684.477
695.574
705.526
714.565
723.283
731.879
741.977
752.619
769.599
784.638
823.576
839.457
971.237
251.2
262.376
273.928
284.335
293.697
301.563
309.376
316.715
323.223
328.776
333.285
336.734
339.143
340.552
341.04
340.702
339.714
338.207
336.556
334.783
333.864
333.006
335.461
336.983
348.266
211.535
219.231
227.497
235.163
241.983
247.817
253.133
257.91
261.92
265.063
267.279
268.548
268.877
268.295
266.855
264.628
261.723
258.251
254.402
250.287
246.258
242.304
239.14
236.519
234.285
201.948
208.174
214.85
221.124
226.686
231.414
235.45
238.852
241.482
243.267
244.162
244.151
243.244
241.47
238.879
235.54
231.546
227.005
222.053
216.826
211.498
206.247
201.146
196.789
191.018
203.585
208.865
214.463
219.748
224.396
228.271
231.389
233.789
235.39
236.136
235.995
234.957
233.035
230.263
226.696
222.405
217.483
212.04
206.195
200.093
193.844
187.686
181.467
176.006
168.76
211.121
215.622
220.32
224.741
228.575
231.669
233.98
235.512
236.212
236.037
234.962
232.983
230.119
226.409
221.913
216.712
210.901
204.595
197.91
190.998
183.942
176.998
169.929
163.608
155.534
222.3
226.051
229.897
233.478
236.505
238.818
240.339
241.044
240.886
239.829
237.854
234.964
231.18
226.55
221.141
215.04
208.35
201.193
193.688
185.991
178.174
170.502
162.698
155.64
146.993
235.848
238.821
241.806
244.525
246.717
248.218
248.931
248.806
247.797
245.868
243.005
239.213
234.52
228.978
222.663
215.67
208.11
200.114
191.803
183.341
174.795
166.433
157.962
150.25
141.151
250.893
253.038
255.13
256.95
258.264
258.912
258.784
257.814
255.946
253.145
249.398
244.711
239.118
232.677
225.469
217.599
209.187
200.371
191.278
182.077
172.835
163.82
154.734
146.433
136.956
266.768
268.035
269.197
270.075
270.47
270.223
269.22
267.382
264.647
260.972
256.344
250.774
244.297
236.976
228.898
220.177
210.942
201.338
191.496
181.592
171.693
162.069
152.419
143.591
133.791
282.941
283.287
283.482
283.383
282.819
281.642
279.733
277.009
273.396
268.847
263.347
256.909
249.571
241.399
232.484
222.95
212.933
202.584
192.038
181.479
170.97
160.789
150.63
141.335
131.266
298.972
298.363
297.563
296.459
294.908
292.773
289.933
286.308
281.814
276.395
270.035
262.747
254.573
245.584
235.879
225.584
214.838
203.799
192.602
181.446
170.386
159.708
149.102
139.405
129.121
314.49
312.904
311.094
308.969
306.411
303.303
299.516
294.958
289.551
283.245
276.024
267.902
258.925
249.168
238.734
227.75
216.356
204.712
192.955
181.278
169.731
158.626
147.642
137.612
127.172
329.18
326.607
323.781
320.632
317.051
312.925
308.144
302.62
296.283
289.086
281.017
272.091
262.356
251.89
240.796
229.203
217.251
205.097
192.878
180.782
168.85
157.397
146.108
135.82
125.289
342.769
339.21
335.359
331.156
326.518
321.346
315.548
309.046
301.776
293.7
284.806
275.115
264.675
253.565
241.89
229.775
217.359
204.797
192.221
179.811
167.603
155.904
144.396
133.933
123.378
354.981
350.419
345.53
340.264
334.561
328.34
321.525
314.051
305.864
296.934
287.253
276.846
265.761
254.08
241.904
229.358
216.577
203.71
190.883
178.268
165.895
154.057
142.432
131.881
121.378
365.52
359.962
354.046
347.733
340.982
333.732
325.924
317.506
308.436
298.692
288.274
277.208
265.547
253.371
240.781
227.898
214.851
201.783
188.813
176.102
163.674
151.804
140.173
129.625
119.248
374.135
367.61
360.701
353.38
345.624
337.389
328.635
319.322
309.422
298.922
287.83
276.176
264.016
251.43
238.515
225.391
212.179
199.014
186.008
173.309
160.935
149.137
137.607
127.151
116.975
380.632
373.197
365.355
357.09
348.393
339.238
329.599
319.452
308.783
297.588
285.882
273.704
261.11
248.181
235.015
221.724
208.425
195.244
182.285
169.681
157.445
145.803
134.456
124.168
114.251
384.807
376.53
367.826
358.689
349.123
339.116
328.658
317.738
306.355
294.516
282.245
269.587
256.604
243.377
230.003
216.591
203.254
190.11
177.254
164.806
152.774
141.355
130.263
120.217
110.608
386.482
377.442
367.961
358.043
347.699
336.932
325.744
314.139
302.124
289.721
276.961
263.896
250.591
237.132
223.615
210.147
196.835
183.791
171.102
158.875
147.115
135.989
125.229
115.493
106.249
385.516
375.811
365.655
355.061
344.047
332.627
320.815
308.624
296.076
283.2
270.038
256.647
243.1
229.483
215.893
202.436
189.215
176.334
163.875
151.93
140.504
129.734
119.378
110.01
101.189
381.775
371.52
360.808
349.659
338.098
326.147
313.83
301.171
288.2
274.957
261.493
247.872
234.172
220.481
206.898
193.527
180.466
167.816
155.649
144.047
133.013
122.657
112.766
103.819
95.4757
375.122
364.451
353.321
341.756
329.787
317.444
304.756
291.759
278.492
265.003
251.352
237.609
223.858
210.19
196.705
183.503
170.683
158.334
146.526
135.328
124.742
114.853
105.481
97.0019
89.1803
365.416
354.488
343.097
331.275
319.055
306.472
293.565
280.376
266.953
253.353
239.644
225.903
212.217
198.682
185.397
172.46
159.967
148
136.622
125.892
115.811
106.439
97.6338
89.6621
82.3954
352.508
341.505
330.037
318.138
305.843
293.192
280.232
267.011
253.588
240.027
226.404
212.801
199.311
186.031
173.061
160.496
148.426
136.928
126.058
115.865
106.345
97.5419
89.3469
81.9162
75.2257
336.24
325.378
314.043
302.268
290.093
277.563
264.73
251.654
238.401
225.043
211.662
198.349
185.199
172.31
159.78
147.703
136.163
125.229
114.95
105.364
96.4683
88.2834
80.7304
73.8788
67.7755
316.608
306.145
295.186
283.767
271.932
259.732
247.229
234.497
221.605
208.635
195.675
182.822
170.173
157.828
145.881
134.422
123.529
113.264
103.668
94.7669
86.5614
79.0476
72.1607
65.9202
60.4189
293.645
283.861
273.543
262.738
251.494
239.872
227.94
215.775
203.461
191.086
178.746
166.544
154.577
142.941
131.73
121.025
110.9
101.409
92.5825
84.438
76.9686
70.1589
63.9547
58.3456
53.4462
267.115
258.297
248.902
238.981
228.593
217.805
206.693
195.34
183.839
172.284
160.777
149.421
138.314
127.554
117.226
107.409
98.1633
89.5356
81.551
74.2183
67.526
61.4514
55.9479
50.9857
46.6875
237.034
229.501
221.331
212.587
203.335
193.651
183.62
173.332
162.886
152.382
141.924
131.615
121.554
111.832
102.533
93.7255
85.4638
77.7854
70.7098
64.2397
58.3613
53.0472
48.2581
43.9523
40.2521
203.64
197.715
191.083
183.815
175.986
167.682
158.996
150.027
140.876
131.648
122.449
113.38
104.537
96.0074
87.8678
80.1805
72.9927
66.3354
60.2232
54.6549
49.6158
45.0777
41.008
37.3602
34.2494
167.594
163.561
158.746
153.225
147.084
140.415
133.319
125.9
118.264
110.516
102.762
95.0992
87.6206
80.4081
73.5318
67.048
60.9982
55.4087
50.2911
45.6428
41.4503
37.6876
34.3289
31.3287
28.7907
130.342
128.342
125.5
121.896
117.62
112.767
107.44
101.743
95.7819
89.6604
83.4796
77.3344
71.3118
65.4884
59.9287
54.6844
49.7928
45.2779
41.1504
37.409
34.0434
31.0322
28.3571
25.977
23.9845
92.5043
92.4719
91.6393
90.0523
87.7786
84.8992
81.5046
77.691
73.5566
69.199
64.7126
60.1864
55.7014
51.329
47.1295
43.1514
39.4305
35.9907
32.8447
29.9948
27.4364
25.1548
23.139
21.3555
19.8835
57.9143
59.2352
59.937
60.0151
59.4924
58.4126
56.8357
54.8323
52.4802
49.8598
47.0514
44.1319
41.1725
38.2369
35.3798
32.6457
30.0693
27.6751
25.4786
23.4868
21.7014
20.1146
18.722
17.4971
16.5071
32.6999
34.3352
35.6263
36.5287
37.02
37.0996
36.7862
36.1133
35.1265
33.8785
32.4264
30.8275
29.1374
27.4074
25.6831
24.0031
22.3987
20.894
19.5062
18.2458
17.1184
16.1216
15.2552
14.4974
13.9054
17.9951
19.2068
20.2958
21.2228
21.9482
22.4479
22.7109
22.7395
22.5476
22.1583
21.601
20.9091
20.118
19.2624
18.3754
17.4864
16.6206
15.7987
15.0369
14.3458
13.7324
13.1954
12.7376
12.3394
12.0532
11.0049
11.6977
12.3629
12.9823
13.5312
13.9873
14.3351
14.5665
14.6801
14.68
14.5753
14.3798
14.1107
13.7877
13.4306
13.0584
12.6878
12.3335
12.0071
11.7166
11.4666
11.2557
11.0898
10.9526
10.8886
7.91694
8.27622
8.65065
9.02237
9.37727
9.69976
9.97692
10.2034
10.3781
10.4983
10.5658
10.5861
10.5677
10.5208
10.4566
10.3843
10.3119
10.2467
10.1949
10.1606
10.1479
10.1576
10.198
10.2604
10.3661
6.63466
6.79037
6.97176
7.17367
7.38858
7.6071
7.81946
8.01812
8.1986
8.35806
8.49617
8.61485
8.71774
8.80928
8.89449
8.98039
9.07384
9.17992
9.30248
9.44434
9.60908
9.79914
10.0203
10.2752
10.5459
6.32647
6.37367
6.43897
6.52346
6.62732
6.74934
6.88696
7.03669
7.19491
7.35849
7.52552
7.69572
7.87048
8.05218
8.24426
8.45215
8.68203
8.93906
9.22723
9.54942
9.90816
10.3061
10.7445
11.2357
11.7184
6.61131
6.61344
6.62882
6.65966
6.70763
6.77434
6.86133
6.97007
7.10193
7.25832
7.44097
7.65225
7.89535
8.17416
8.49307
8.85672
9.2696
9.73532
10.2562
10.8335
11.4675
12.1596
12.9065
13.7252
14.5125
7.40925
7.39731
7.39354
7.41155
7.45299
7.51978
7.61471
7.74171
7.90583
8.11308
8.37031
8.68506
9.06522
9.51854
10.052
10.6709
11.3786
12.1758
13.0604
14.0286
15.0748
16.1958
17.3806
18.6424
19.8418
9.04745
9.03048
9.02434
9.05151
9.12225
9.23955
9.40833
9.63605
9.93231
10.3084
10.7768
11.3506
12.0421
12.8619
13.8175
14.9119
16.1432
17.5041
18.9833
20.5666
22.2387
23.986
25.7902
27.6389
29.404
12.6691
12.6376
12.6543
12.7148
12.8745
13.1384
13.5149
14.0171
14.6608
15.4628
16.4397
17.6056
18.97
20.5357
22.2975
24.2412
26.3447
28.5794
30.9134
33.3147
35.7539
38.2059
40.646
43.0342
45.266
19.9115
19.8533
19.916
20.0713
20.4254
20.9958
21.7888
22.8163
24.0903
25.6197
27.4071
29.4464
31.7209
34.2029
36.8554
39.6348
42.4945
45.3895
48.28
51.1345
53.9309
56.6541
59.2918
61.7985
64.0829
33.7318
33.642
33.8145
34.2577
34.9339
35.9712
37.3526
39.0639
41.0848
43.3866
45.9311
48.6724
51.5587
54.5371
57.557
60.5744
63.5539
66.4703
69.3085
72.0624
74.7332
77.3248
79.837
82.2266
84.3637
57.0841
56.8697
57.0809
57.7493
58.7154
60.1051
61.8557
63.9064
66.1931
68.6518
71.2224
73.8535
76.5045
79.1468
81.7626
84.3433
86.8864
89.394
91.8709
94.3243
96.7634
99.199
101.63
104.02
106.129
89.8692
89.303
89.1745
89.6049
90.4916
91.5536
92.8784
94.3875
96.0142
97.7101
99.4509
101.231
103.059
104.945
106.902
108.94
111.06
113.264
115.55
117.92
120.382
122.952
125.637
128.424
130.875
128.238
127.008
126.073
125.665
125.647
125.688
125.869
126.155
126.548
127.076
127.781
128.702
129.87
131.297
132.981
134.909
137.057
139.406
141.941
144.664
147.596
150.787
154.271
158.117
161.53
169.32
167.104
164.832
162.989
161.42
159.95
158.596
157.518
156.811
156.556
156.802
157.568
158.838
160.573
162.717
165.213
168.008
171.072
174.4
178.026
182.023
186.523
191.627
197.59
202.979
213.78
209.84
205.611
201.653
198.004
194.825
192.24
190.493
189.662
189.756
190.728
192.493
194.936
197.939
201.387
205.191
209.299
213.708
218.472
223.716
229.625
236.496
244.542
254.406
263.542
265.399
258.631
251.122
244.361
238.806
234.769
232.406
231.71
232.546
234.721
238.012
242.188
247.027
252.339
257.986
263.895
270.071
276.612
283.712
291.671
300.885
311.933
325.219
342.132
358.243
332.288
320.34
308.258
299.25
293.747
291.575
292.349
295.517
300.612
307.174
314.779
323.057
331.712
340.543
349.461
358.501
367.833
377.769
388.767
401.444
416.549
435.138
457.974
487.714
517.23
429.142
410.366
394.471
387.336
387.477
392.99
401.96
413.436
426.617
440.781
455.347
469.895
484.17
498.105
511.826
525.652
540.102
555.903
573.985
595.504
621.83
654.759
695.991
749.486
808.023
382.242
372.957
357.862
343.941
334.183
329.993
331.056
334.977
340.673
347.534
355.17
363.336
371.909
380.882
390.357
400.538
411.723
424.3
438.735
455.57
475.424
499.002
527.107
561.071
605.462
)
;

boundaryField
{
    inlet
    {
        type            fixedValue;
        value           uniform 14.855;
    }
    outlet
    {
        type            zeroGradient;
    }
    upperWall
    {
        type            zeroGradient;
    }
    lowerWall
    {
        type            zeroGradient;
    }
    frontAndBack
    {
        type            empty;
    }
}


// ************************************************************************* //
