/*--------------------------------*- C++ -*----------------------------------*\
| =========                 |                                                 |
| \\      /  F ield         | OpenFOAM: The Open Source CFD Toolbox           |
|  \\    /   O peration     | Version:  dev                                   |
|   \\  /    A nd           | Web:      http://www.OpenFOAM.org               |
|    \\/     M anipulation  |                                                 |
\*---------------------------------------------------------------------------*/
FoamFile
{
    version     2.0;
    format      ascii;
    class       labelList;
    note    "nPoints: 4900 nCells: 3888 nFaces: 12618 nInternalFaces: 10710";
    location    "constant/polyMesh";
    object      neighbour;
}
// * * * * * * * * * * * * * * * * * * * * * * * * * * * * * * * * * * * * * //


10710
(
1
15
45
2
16
46
3
17
47
4
18
48
5
19
49
6
20
50
7
21
51
8
22
52
9
23
53
10
24
54
11
25
55
12
26
56
13
27
57
14
28
58
29
59
270
16
30
60
17
31
61
18
32
62
19
33
63
20
34
64
21
35
65
22
36
66
23
37
67
24
38
68
25
39
69
26
40
70
27
41
71
28
42
72
29
43
73
44
74
273
31
75
594
32
76
595
33
77
596
34
78
597
35
79
598
36
80
599
37
81
600
38
82
601
39
83
602
40
84
603
41
85
604
42
86
605
43
87
606
44
88
607
89
276
608
46
60
90
47
61
91
48
62
92
49
63
93
50
64
94
51
65
95
52
66
96
53
67
97
54
68
98
55
69
99
56
70
100
57
71
101
58
72
102
59
73
103
74
104
279
61
75
105
62
76
106
63
77
107
64
78
108
65
79
109
66
80
110
67
81
111
68
82
112
69
83
113
70
84
114
71
85
115
72
86
116
73
87
117
74
88
118
89
119
282
76
120
684
77
121
685
78
122
686
79
123
687
80
124
688
81
125
689
82
126
690
83
127
691
84
128
692
85
129
693
86
130
694
87
131
695
88
132
696
89
133
697
134
285
698
91
105
135
92
106
136
93
107
137
94
108
138
95
109
139
96
110
140
97
111
141
98
112
142
99
113
143
100
114
144
101
115
145
102
116
146
103
117
147
104
118
148
119
149
288
106
120
150
107
121
151
108
122
152
109
123
153
110
124
154
111
125
155
112
126
156
113
127
157
114
128
158
115
129
159
116
130
160
117
131
161
118
132
162
119
133
163
134
164
291
121
165
774
122
166
775
123
167
776
124
168
777
125
169
778
126
170
779
127
171
780
128
172
781
129
173
782
130
174
783
131
175
784
132
176
785
133
177
786
134
178
787
179
294
788
136
150
180
137
151
181
138
152
182
139
153
183
140
154
184
141
155
185
142
156
186
143
157
187
144
158
188
145
159
189
146
160
190
147
161
191
148
162
192
149
163
193
164
194
297
151
165
195
152
166
196
153
167
197
154
168
198
155
169
199
156
170
200
157
171
201
158
172
202
159
173
203
160
174
204
161
175
205
162
176
206
163
177
207
164
178
208
179
209
300
166
210
864
167
211
865
168
212
866
169
213
867
170
214
868
171
215
869
172
216
870
173
217
871
174
218
872
175
219
873
176
220
874
177
221
875
178
222
876
179
223
877
224
303
878
181
195
225
182
196
226
183
197
227
184
198
228
185
199
229
186
200
230
187
201
231
188
202
232
189
203
233
190
204
234
191
205
235
192
206
236
193
207
237
194
208
238
209
239
306
196
210
240
197
211
241
198
212
242
199
213
243
200
214
244
201
215
245
202
216
246
203
217
247
204
218
248
205
219
249
206
220
250
207
221
251
208
222
252
209
223
253
224
254
309
211
255
954
212
256
955
213
257
956
214
258
957
215
259
958
216
260
959
217
261
960
218
262
961
219
263
962
220
264
963
221
265
964
222
266
965
223
267
966
224
268
967
269
312
968
226
240
227
241
228
242
229
243
230
244
231
245
232
246
233
247
234
248
235
249
236
250
237
251
238
252
239
253
254
315
241
255
242
256
243
257
244
258
245
259
246
260
247
261
248
262
249
263
250
264
251
265
252
266
253
267
254
268
269
318
256
1044
257
1045
258
1046
259
1047
260
1048
261
1049
262
1050
263
1051
264
1052
265
1053
266
1054
267
1055
268
1056
269
1057
321
1058
271
273
279
272
274
280
275
281
432
274
276
282
275
277
283
278
284
441
277
285
324
278
286
325
287
326
450
280
282
288
281
283
289
284
290
459
283
285
291
284
286
292
287
293
468
286
294
342
287
295
343
296
344
477
289
291
297
290
292
298
293
299
486
292
294
300
293
295
301
296
302
495
295
303
360
296
304
361
305
362
504
298
300
306
299
301
307
302
308
513
301
303
309
302
304
310
305
311
522
304
312
378
305
313
379
314
380
531
307
309
315
308
310
316
311
317
540
310
312
318
311
313
319
314
320
549
313
321
396
314
322
397
323
398
558
316
318
317
319
320
567
319
321
320
322
323
576
322
414
323
415
416
585
325
327
342
608
326
328
343
329
344
3024
328
330
345
623
329
331
346
332
347
3033
331
333
348
638
332
334
349
335
350
3042
334
336
351
653
335
337
352
338
353
3051
337
339
354
668
338
340
355
341
356
3060
340
357
683
2214
341
358
2215
359
2216
3069
343
345
360
698
344
346
361
347
362
3078
346
348
363
713
347
349
364
350
365
3087
349
351
366
728
350
352
367
353
368
3096
352
354
369
743
353
355
370
356
371
3105
355
357
372
758
356
358
373
359
374
3114
358
375
773
2241
359
376
2242
377
2243
3123
361
363
378
788
362
364
379
365
380
3132
364
366
381
803
365
367
382
368
383
3141
367
369
384
818
368
370
385
371
386
3150
370
372
387
833
371
373
388
374
389
3159
373
375
390
848
374
376
391
377
392
3168
376
393
863
2268
377
394
2269
395
2270
3177
379
381
396
878
380
382
397
383
398
3186
382
384
399
893
383
385
400
386
401
3195
385
387
402
908
386
388
403
389
404
3204
388
390
405
923
389
391
406
392
407
3213
391
393
408
938
392
394
409
395
410
3222
394
411
953
2295
395
412
2296
413
2297
3231
397
399
414
968
398
400
415
401
416
3240
400
402
417
983
401
403
418
404
419
3249
403
405
420
998
404
406
421
407
422
3258
406
408
423
1013
407
409
424
410
425
3267
409
411
426
1028
410
412
427
413
428
3276
412
429
1043
2322
413
430
2323
431
2324
3285
415
417
1058
416
418
419
3294
418
420
1073
419
421
422
3303
421
423
1088
422
424
425
3312
424
426
1103
425
427
428
3321
427
429
1118
428
430
431
3330
430
1133
2349
431
2350
2351
3339
433
441
459
434
442
460
435
443
461
436
444
462
437
445
463
438
446
464
439
447
465
440
448
466
449
467
442
450
468
443
451
469
444
452
470
445
453
471
446
454
472
447
455
473
448
456
474
449
457
475
458
476
451
477
3024
452
478
3025
453
479
3026
454
480
3027
455
481
3028
456
482
3029
457
483
3030
458
484
3031
485
3032
460
468
486
461
469
487
462
470
488
463
471
489
464
472
490
465
473
491
466
474
492
467
475
493
476
494
469
477
495
470
478
496
471
479
497
472
480
498
473
481
499
474
482
500
475
483
501
476
484
502
485
503
478
504
3078
479
505
3079
480
506
3080
481
507
3081
482
508
3082
483
509
3083
484
510
3084
485
511
3085
512
3086
487
495
513
488
496
514
489
497
515
490
498
516
491
499
517
492
500
518
493
501
519
494
502
520
503
521
496
504
522
497
505
523
498
506
524
499
507
525
500
508
526
501
509
527
502
510
528
503
511
529
512
530
505
531
3132
506
532
3133
507
533
3134
508
534
3135
509
535
3136
510
536
3137
511
537
3138
512
538
3139
539
3140
514
522
540
515
523
541
516
524
542
517
525
543
518
526
544
519
527
545
520
528
546
521
529
547
530
548
523
531
549
524
532
550
525
533
551
526
534
552
527
535
553
528
536
554
529
537
555
530
538
556
539
557
532
558
3186
533
559
3187
534
560
3188
535
561
3189
536
562
3190
537
563
3191
538
564
3192
539
565
3193
566
3194
541
549
567
542
550
568
543
551
569
544
552
570
545
553
571
546
554
572
547
555
573
548
556
574
557
575
550
558
576
551
559
577
552
560
578
553
561
579
554
562
580
555
563
581
556
564
582
557
565
583
566
584
559
585
3240
560
586
3241
561
587
3242
562
588
3243
563
589
3244
564
590
3245
565
591
3246
566
592
3247
593
3248
568
576
569
577
570
578
571
579
572
580
573
581
574
582
575
583
584
577
585
578
586
579
587
580
588
581
589
582
590
583
591
584
592
593
586
3294
587
3295
588
3296
589
3297
590
3298
591
3299
592
3300
593
3301
3302
595
609
684
596
610
685
597
611
686
598
612
687
599
613
688
600
614
689
601
615
690
602
616
691
603
617
692
604
618
693
605
619
694
606
620
695
607
621
696
608
622
697
623
698
610
624
699
611
625
700
612
626
701
613
627
702
614
628
703
615
629
704
616
630
705
617
631
706
618
632
707
619
633
708
620
634
709
621
635
710
622
636
711
623
637
712
638
713
625
639
714
626
640
715
627
641
716
628
642
717
629
643
718
630
644
719
631
645
720
632
646
721
633
647
722
634
648
723
635
649
724
636
650
725
637
651
726
638
652
727
653
728
640
654
729
641
655
730
642
656
731
643
657
732
644
658
733
645
659
734
646
660
735
647
661
736
648
662
737
649
663
738
650
664
739
651
665
740
652
666
741
653
667
742
668
743
655
669
744
656
670
745
657
671
746
658
672
747
659
673
748
660
674
749
661
675
750
662
676
751
663
677
752
664
678
753
665
679
754
666
680
755
667
681
756
668
682
757
683
758
670
759
1134
671
760
1135
672
761
1136
673
762
1137
674
763
1138
675
764
1139
676
765
1140
677
766
1141
678
767
1142
679
768
1143
680
769
1144
681
770
1145
682
771
1146
683
772
1147
773
1148
685
699
774
686
700
775
687
701
776
688
702
777
689
703
778
690
704
779
691
705
780
692
706
781
693
707
782
694
708
783
695
709
784
696
710
785
697
711
786
698
712
787
713
788
700
714
789
701
715
790
702
716
791
703
717
792
704
718
793
705
719
794
706
720
795
707
721
796
708
722
797
709
723
798
710
724
799
711
725
800
712
726
801
713
727
802
728
803
715
729
804
716
730
805
717
731
806
718
732
807
719
733
808
720
734
809
721
735
810
722
736
811
723
737
812
724
738
813
725
739
814
726
740
815
727
741
816
728
742
817
743
818
730
744
819
731
745
820
732
746
821
733
747
822
734
748
823
735
749
824
736
750
825
737
751
826
738
752
827
739
753
828
740
754
829
741
755
830
742
756
831
743
757
832
758
833
745
759
834
746
760
835
747
761
836
748
762
837
749
763
838
750
764
839
751
765
840
752
766
841
753
767
842
754
768
843
755
769
844
756
770
845
757
771
846
758
772
847
773
848
760
849
1269
761
850
1270
762
851
1271
763
852
1272
764
853
1273
765
854
1274
766
855
1275
767
856
1276
768
857
1277
769
858
1278
770
859
1279
771
860
1280
772
861
1281
773
862
1282
863
1283
775
789
864
776
790
865
777
791
866
778
792
867
779
793
868
780
794
869
781
795
870
782
796
871
783
797
872
784
798
873
785
799
874
786
800
875
787
801
876
788
802
877
803
878
790
804
879
791
805
880
792
806
881
793
807
882
794
808
883
795
809
884
796
810
885
797
811
886
798
812
887
799
813
888
800
814
889
801
815
890
802
816
891
803
817
892
818
893
805
819
894
806
820
895
807
821
896
808
822
897
809
823
898
810
824
899
811
825
900
812
826
901
813
827
902
814
828
903
815
829
904
816
830
905
817
831
906
818
832
907
833
908
820
834
909
821
835
910
822
836
911
823
837
912
824
838
913
825
839
914
826
840
915
827
841
916
828
842
917
829
843
918
830
844
919
831
845
920
832
846
921
833
847
922
848
923
835
849
924
836
850
925
837
851
926
838
852
927
839
853
928
840
854
929
841
855
930
842
856
931
843
857
932
844
858
933
845
859
934
846
860
935
847
861
936
848
862
937
863
938
850
939
1404
851
940
1405
852
941
1406
853
942
1407
854
943
1408
855
944
1409
856
945
1410
857
946
1411
858
947
1412
859
948
1413
860
949
1414
861
950
1415
862
951
1416
863
952
1417
953
1418
865
879
954
866
880
955
867
881
956
868
882
957
869
883
958
870
884
959
871
885
960
872
886
961
873
887
962
874
888
963
875
889
964
876
890
965
877
891
966
878
892
967
893
968
880
894
969
881
895
970
882
896
971
883
897
972
884
898
973
885
899
974
886
900
975
887
901
976
888
902
977
889
903
978
890
904
979
891
905
980
892
906
981
893
907
982
908
983
895
909
984
896
910
985
897
911
986
898
912
987
899
913
988
900
914
989
901
915
990
902
916
991
903
917
992
904
918
993
905
919
994
906
920
995
907
921
996
908
922
997
923
998
910
924
999
911
925
1000
912
926
1001
913
927
1002
914
928
1003
915
929
1004
916
930
1005
917
931
1006
918
932
1007
919
933
1008
920
934
1009
921
935
1010
922
936
1011
923
937
1012
938
1013
925
939
1014
926
940
1015
927
941
1016
928
942
1017
929
943
1018
930
944
1019
931
945
1020
932
946
1021
933
947
1022
934
948
1023
935
949
1024
936
950
1025
937
951
1026
938
952
1027
953
1028
940
1029
1539
941
1030
1540
942
1031
1541
943
1032
1542
944
1033
1543
945
1034
1544
946
1035
1545
947
1036
1546
948
1037
1547
949
1038
1548
950
1039
1549
951
1040
1550
952
1041
1551
953
1042
1552
1043
1553
955
969
1044
956
970
1045
957
971
1046
958
972
1047
959
973
1048
960
974
1049
961
975
1050
962
976
1051
963
977
1052
964
978
1053
965
979
1054
966
980
1055
967
981
1056
968
982
1057
983
1058
970
984
1059
971
985
1060
972
986
1061
973
987
1062
974
988
1063
975
989
1064
976
990
1065
977
991
1066
978
992
1067
979
993
1068
980
994
1069
981
995
1070
982
996
1071
983
997
1072
998
1073
985
999
1074
986
1000
1075
987
1001
1076
988
1002
1077
989
1003
1078
990
1004
1079
991
1005
1080
992
1006
1081
993
1007
1082
994
1008
1083
995
1009
1084
996
1010
1085
997
1011
1086
998
1012
1087
1013
1088
1000
1014
1089
1001
1015
1090
1002
1016
1091
1003
1017
1092
1004
1018
1093
1005
1019
1094
1006
1020
1095
1007
1021
1096
1008
1022
1097
1009
1023
1098
1010
1024
1099
1011
1025
1100
1012
1026
1101
1013
1027
1102
1028
1103
1015
1029
1104
1016
1030
1105
1017
1031
1106
1018
1032
1107
1019
1033
1108
1020
1034
1109
1021
1035
1110
1022
1036
1111
1023
1037
1112
1024
1038
1113
1025
1039
1114
1026
1040
1115
1027
1041
1116
1028
1042
1117
1043
1118
1030
1119
1674
1031
1120
1675
1032
1121
1676
1033
1122
1677
1034
1123
1678
1035
1124
1679
1036
1125
1680
1037
1126
1681
1038
1127
1682
1039
1128
1683
1040
1129
1684
1041
1130
1685
1042
1131
1686
1043
1132
1687
1133
1688
1045
1059
1046
1060
1047
1061
1048
1062
1049
1063
1050
1064
1051
1065
1052
1066
1053
1067
1054
1068
1055
1069
1056
1070
1057
1071
1058
1072
1073
1060
1074
1061
1075
1062
1076
1063
1077
1064
1078
1065
1079
1066
1080
1067
1081
1068
1082
1069
1083
1070
1084
1071
1085
1072
1086
1073
1087
1088
1075
1089
1076
1090
1077
1091
1078
1092
1079
1093
1080
1094
1081
1095
1082
1096
1083
1097
1084
1098
1085
1099
1086
1100
1087
1101
1088
1102
1103
1090
1104
1091
1105
1092
1106
1093
1107
1094
1108
1095
1109
1096
1110
1097
1111
1098
1112
1099
1113
1100
1114
1101
1115
1102
1116
1103
1117
1118
1105
1119
1106
1120
1107
1121
1108
1122
1109
1123
1110
1124
1111
1125
1112
1126
1113
1127
1114
1128
1115
1129
1116
1130
1117
1131
1118
1132
1133
1120
1809
1121
1810
1122
1811
1123
1812
1124
1813
1125
1814
1126
1815
1127
1816
1128
1817
1129
1818
1130
1819
1131
1820
1132
1821
1133
1822
1823
1135
1149
1269
1136
1150
1270
1137
1151
1271
1138
1152
1272
1139
1153
1273
1140
1154
1274
1141
1155
1275
1142
1156
1276
1143
1157
1277
1144
1158
1278
1145
1159
1279
1146
1160
1280
1147
1161
1281
1148
1162
1282
1163
1283
2214
1150
1164
1284
1151
1165
1285
1152
1166
1286
1153
1167
1287
1154
1168
1288
1155
1169
1289
1156
1170
1290
1157
1171
1291
1158
1172
1292
1159
1173
1293
1160
1174
1294
1161
1175
1295
1162
1176
1296
1163
1177
1297
1178
1298
2217
1165
1179
1299
1166
1180
1300
1167
1181
1301
1168
1182
1302
1169
1183
1303
1170
1184
1304
1171
1185
1305
1172
1186
1306
1173
1187
1307
1174
1188
1308
1175
1189
1309
1176
1190
1310
1177
1191
1311
1178
1192
1312
1193
1313
2220
1180
1194
1314
1181
1195
1315
1182
1196
1316
1183
1197
1317
1184
1198
1318
1185
1199
1319
1186
1200
1320
1187
1201
1321
1188
1202
1322
1189
1203
1323
1190
1204
1324
1191
1205
1325
1192
1206
1326
1193
1207
1327
1208
1328
2223
1195
1209
1329
1196
1210
1330
1197
1211
1331
1198
1212
1332
1199
1213
1333
1200
1214
1334
1201
1215
1335
1202
1216
1336
1203
1217
1337
1204
1218
1338
1205
1219
1339
1206
1220
1340
1207
1221
1341
1208
1222
1342
1223
1343
2226
1210
1224
1344
1211
1225
1345
1212
1226
1346
1213
1227
1347
1214
1228
1348
1215
1229
1349
1216
1230
1350
1217
1231
1351
1218
1232
1352
1219
1233
1353
1220
1234
1354
1221
1235
1355
1222
1236
1356
1223
1237
1357
1238
1358
2229
1225
1239
1359
1226
1240
1360
1227
1241
1361
1228
1242
1362
1229
1243
1363
1230
1244
1364
1231
1245
1365
1232
1246
1366
1233
1247
1367
1234
1248
1368
1235
1249
1369
1236
1250
1370
1237
1251
1371
1238
1252
1372
1253
1373
2232
1240
1254
1374
1241
1255
1375
1242
1256
1376
1243
1257
1377
1244
1258
1378
1245
1259
1379
1246
1260
1380
1247
1261
1381
1248
1262
1382
1249
1263
1383
1250
1264
1384
1251
1265
1385
1252
1266
1386
1253
1267
1387
1268
1388
2235
1255
1389
1944
1256
1390
1945
1257
1391
1946
1258
1392
1947
1259
1393
1948
1260
1394
1949
1261
1395
1950
1262
1396
1951
1263
1397
1952
1264
1398
1953
1265
1399
1954
1266
1400
1955
1267
1401
1956
1268
1402
1957
1403
1958
2238
1270
1284
1404
1271
1285
1405
1272
1286
1406
1273
1287
1407
1274
1288
1408
1275
1289
1409
1276
1290
1410
1277
1291
1411
1278
1292
1412
1279
1293
1413
1280
1294
1414
1281
1295
1415
1282
1296
1416
1283
1297
1417
1298
1418
2241
1285
1299
1419
1286
1300
1420
1287
1301
1421
1288
1302
1422
1289
1303
1423
1290
1304
1424
1291
1305
1425
1292
1306
1426
1293
1307
1427
1294
1308
1428
1295
1309
1429
1296
1310
1430
1297
1311
1431
1298
1312
1432
1313
1433
2244
1300
1314
1434
1301
1315
1435
1302
1316
1436
1303
1317
1437
1304
1318
1438
1305
1319
1439
1306
1320
1440
1307
1321
1441
1308
1322
1442
1309
1323
1443
1310
1324
1444
1311
1325
1445
1312
1326
1446
1313
1327
1447
1328
1448
2247
1315
1329
1449
1316
1330
1450
1317
1331
1451
1318
1332
1452
1319
1333
1453
1320
1334
1454
1321
1335
1455
1322
1336
1456
1323
1337
1457
1324
1338
1458
1325
1339
1459
1326
1340
1460
1327
1341
1461
1328
1342
1462
1343
1463
2250
1330
1344
1464
1331
1345
1465
1332
1346
1466
1333
1347
1467
1334
1348
1468
1335
1349
1469
1336
1350
1470
1337
1351
1471
1338
1352
1472
1339
1353
1473
1340
1354
1474
1341
1355
1475
1342
1356
1476
1343
1357
1477
1358
1478
2253
1345
1359
1479
1346
1360
1480
1347
1361
1481
1348
1362
1482
1349
1363
1483
1350
1364
1484
1351
1365
1485
1352
1366
1486
1353
1367
1487
1354
1368
1488
1355
1369
1489
1356
1370
1490
1357
1371
1491
1358
1372
1492
1373
1493
2256
1360
1374
1494
1361
1375
1495
1362
1376
1496
1363
1377
1497
1364
1378
1498
1365
1379
1499
1366
1380
1500
1367
1381
1501
1368
1382
1502
1369
1383
1503
1370
1384
1504
1371
1385
1505
1372
1386
1506
1373
1387
1507
1388
1508
2259
1375
1389
1509
1376
1390
1510
1377
1391
1511
1378
1392
1512
1379
1393
1513
1380
1394
1514
1381
1395
1515
1382
1396
1516
1383
1397
1517
1384
1398
1518
1385
1399
1519
1386
1400
1520
1387
1401
1521
1388
1402
1522
1403
1523
2262
1390
1524
1989
1391
1525
1990
1392
1526
1991
1393
1527
1992
1394
1528
1993
1395
1529
1994
1396
1530
1995
1397
1531
1996
1398
1532
1997
1399
1533
1998
1400
1534
1999
1401
1535
2000
1402
1536
2001
1403
1537
2002
1538
2003
2265
1405
1419
1539
1406
1420
1540
1407
1421
1541
1408
1422
1542
1409
1423
1543
1410
1424
1544
1411
1425
1545
1412
1426
1546
1413
1427
1547
1414
1428
1548
1415
1429
1549
1416
1430
1550
1417
1431
1551
1418
1432
1552
1433
1553
2268
1420
1434
1554
1421
1435
1555
1422
1436
1556
1423
1437
1557
1424
1438
1558
1425
1439
1559
1426
1440
1560
1427
1441
1561
1428
1442
1562
1429
1443
1563
1430
1444
1564
1431
1445
1565
1432
1446
1566
1433
1447
1567
1448
1568
2271
1435
1449
1569
1436
1450
1570
1437
1451
1571
1438
1452
1572
1439
1453
1573
1440
1454
1574
1441
1455
1575
1442
1456
1576
1443
1457
1577
1444
1458
1578
1445
1459
1579
1446
1460
1580
1447
1461
1581
1448
1462
1582
1463
1583
2274
1450
1464
1584
1451
1465
1585
1452
1466
1586
1453
1467
1587
1454
1468
1588
1455
1469
1589
1456
1470
1590
1457
1471
1591
1458
1472
1592
1459
1473
1593
1460
1474
1594
1461
1475
1595
1462
1476
1596
1463
1477
1597
1478
1598
2277
1465
1479
1599
1466
1480
1600
1467
1481
1601
1468
1482
1602
1469
1483
1603
1470
1484
1604
1471
1485
1605
1472
1486
1606
1473
1487
1607
1474
1488
1608
1475
1489
1609
1476
1490
1610
1477
1491
1611
1478
1492
1612
1493
1613
2280
1480
1494
1614
1481
1495
1615
1482
1496
1616
1483
1497
1617
1484
1498
1618
1485
1499
1619
1486
1500
1620
1487
1501
1621
1488
1502
1622
1489
1503
1623
1490
1504
1624
1491
1505
1625
1492
1506
1626
1493
1507
1627
1508
1628
2283
1495
1509
1629
1496
1510
1630
1497
1511
1631
1498
1512
1632
1499
1513
1633
1500
1514
1634
1501
1515
1635
1502
1516
1636
1503
1517
1637
1504
1518
1638
1505
1519
1639
1506
1520
1640
1507
1521
1641
1508
1522
1642
1523
1643
2286
1510
1524
1644
1511
1525
1645
1512
1526
1646
1513
1527
1647
1514
1528
1648
1515
1529
1649
1516
1530
1650
1517
1531
1651
1518
1532
1652
1519
1533
1653
1520
1534
1654
1521
1535
1655
1522
1536
1656
1523
1537
1657
1538
1658
2289
1525
1659
2034
1526
1660
2035
1527
1661
2036
1528
1662
2037
1529
1663
2038
1530
1664
2039
1531
1665
2040
1532
1666
2041
1533
1667
2042
1534
1668
2043
1535
1669
2044
1536
1670
2045
1537
1671
2046
1538
1672
2047
1673
2048
2292
1540
1554
1674
1541
1555
1675
1542
1556
1676
1543
1557
1677
1544
1558
1678
1545
1559
1679
1546
1560
1680
1547
1561
1681
1548
1562
1682
1549
1563
1683
1550
1564
1684
1551
1565
1685
1552
1566
1686
1553
1567
1687
1568
1688
2295
1555
1569
1689
1556
1570
1690
1557
1571
1691
1558
1572
1692
1559
1573
1693
1560
1574
1694
1561
1575
1695
1562
1576
1696
1563
1577
1697
1564
1578
1698
1565
1579
1699
1566
1580
1700
1567
1581
1701
1568
1582
1702
1583
1703
2298
1570
1584
1704
1571
1585
1705
1572
1586
1706
1573
1587
1707
1574
1588
1708
1575
1589
1709
1576
1590
1710
1577
1591
1711
1578
1592
1712
1579
1593
1713
1580
1594
1714
1581
1595
1715
1582
1596
1716
1583
1597
1717
1598
1718
2301
1585
1599
1719
1586
1600
1720
1587
1601
1721
1588
1602
1722
1589
1603
1723
1590
1604
1724
1591
1605
1725
1592
1606
1726
1593
1607
1727
1594
1608
1728
1595
1609
1729
1596
1610
1730
1597
1611
1731
1598
1612
1732
1613
1733
2304
1600
1614
1734
1601
1615
1735
1602
1616
1736
1603
1617
1737
1604
1618
1738
1605
1619
1739
1606
1620
1740
1607
1621
1741
1608
1622
1742
1609
1623
1743
1610
1624
1744
1611
1625
1745
1612
1626
1746
1613
1627
1747
1628
1748
2307
1615
1629
1749
1616
1630
1750
1617
1631
1751
1618
1632
1752
1619
1633
1753
1620
1634
1754
1621
1635
1755
1622
1636
1756
1623
1637
1757
1624
1638
1758
1625
1639
1759
1626
1640
1760
1627
1641
1761
1628
1642
1762
1643
1763
2310
1630
1644
1764
1631
1645
1765
1632
1646
1766
1633
1647
1767
1634
1648
1768
1635
1649
1769
1636
1650
1770
1637
1651
1771
1638
1652
1772
1639
1653
1773
1640
1654
1774
1641
1655
1775
1642
1656
1776
1643
1657
1777
1658
1778
2313
1645
1659
1779
1646
1660
1780
1647
1661
1781
1648
1662
1782
1649
1663
1783
1650
1664
1784
1651
1665
1785
1652
1666
1786
1653
1667
1787
1654
1668
1788
1655
1669
1789
1656
1670
1790
1657
1671
1791
1658
1672
1792
1673
1793
2316
1660
1794
2079
1661
1795
2080
1662
1796
2081
1663
1797
2082
1664
1798
2083
1665
1799
2084
1666
1800
2085
1667
1801
2086
1668
1802
2087
1669
1803
2088
1670
1804
2089
1671
1805
2090
1672
1806
2091
1673
1807
2092
1808
2093
2319
1675
1689
1809
1676
1690
1810
1677
1691
1811
1678
1692
1812
1679
1693
1813
1680
1694
1814
1681
1695
1815
1682
1696
1816
1683
1697
1817
1684
1698
1818
1685
1699
1819
1686
1700
1820
1687
1701
1821
1688
1702
1822
1703
1823
2322
1690
1704
1824
1691
1705
1825
1692
1706
1826
1693
1707
1827
1694
1708
1828
1695
1709
1829
1696
1710
1830
1697
1711
1831
1698
1712
1832
1699
1713
1833
1700
1714
1834
1701
1715
1835
1702
1716
1836
1703
1717
1837
1718
1838
2325
1705
1719
1839
1706
1720
1840
1707
1721
1841
1708
1722
1842
1709
1723
1843
1710
1724
1844
1711
1725
1845
1712
1726
1846
1713
1727
1847
1714
1728
1848
1715
1729
1849
1716
1730
1850
1717
1731
1851
1718
1732
1852
1733
1853
2328
1720
1734
1854
1721
1735
1855
1722
1736
1856
1723
1737
1857
1724
1738
1858
1725
1739
1859
1726
1740
1860
1727
1741
1861
1728
1742
1862
1729
1743
1863
1730
1744
1864
1731
1745
1865
1732
1746
1866
1733
1747
1867
1748
1868
2331
1735
1749
1869
1736
1750
1870
1737
1751
1871
1738
1752
1872
1739
1753
1873
1740
1754
1874
1741
1755
1875
1742
1756
1876
1743
1757
1877
1744
1758
1878
1745
1759
1879
1746
1760
1880
1747
1761
1881
1748
1762
1882
1763
1883
2334
1750
1764
1884
1751
1765
1885
1752
1766
1886
1753
1767
1887
1754
1768
1888
1755
1769
1889
1756
1770
1890
1757
1771
1891
1758
1772
1892
1759
1773
1893
1760
1774
1894
1761
1775
1895
1762
1776
1896
1763
1777
1897
1778
1898
2337
1765
1779
1899
1766
1780
1900
1767
1781
1901
1768
1782
1902
1769
1783
1903
1770
1784
1904
1771
1785
1905
1772
1786
1906
1773
1787
1907
1774
1788
1908
1775
1789
1909
1776
1790
1910
1777
1791
1911
1778
1792
1912
1793
1913
2340
1780
1794
1914
1781
1795
1915
1782
1796
1916
1783
1797
1917
1784
1798
1918
1785
1799
1919
1786
1800
1920
1787
1801
1921
1788
1802
1922
1789
1803
1923
1790
1804
1924
1791
1805
1925
1792
1806
1926
1793
1807
1927
1808
1928
2343
1795
1929
2124
1796
1930
2125
1797
1931
2126
1798
1932
2127
1799
1933
2128
1800
1934
2129
1801
1935
2130
1802
1936
2131
1803
1937
2132
1804
1938
2133
1805
1939
2134
1806
1940
2135
1807
1941
2136
1808
1942
2137
1943
2138
2346
1810
1824
1811
1825
1812
1826
1813
1827
1814
1828
1815
1829
1816
1830
1817
1831
1818
1832
1819
1833
1820
1834
1821
1835
1822
1836
1823
1837
1838
2349
1825
1839
1826
1840
1827
1841
1828
1842
1829
1843
1830
1844
1831
1845
1832
1846
1833
1847
1834
1848
1835
1849
1836
1850
1837
1851
1838
1852
1853
2352
1840
1854
1841
1855
1842
1856
1843
1857
1844
1858
1845
1859
1846
1860
1847
1861
1848
1862
1849
1863
1850
1864
1851
1865
1852
1866
1853
1867
1868
2355
1855
1869
1856
1870
1857
1871
1858
1872
1859
1873
1860
1874
1861
1875
1862
1876
1863
1877
1864
1878
1865
1879
1866
1880
1867
1881
1868
1882
1883
2358
1870
1884
1871
1885
1872
1886
1873
1887
1874
1888
1875
1889
1876
1890
1877
1891
1878
1892
1879
1893
1880
1894
1881
1895
1882
1896
1883
1897
1898
2361
1885
1899
1886
1900
1887
1901
1888
1902
1889
1903
1890
1904
1891
1905
1892
1906
1893
1907
1894
1908
1895
1909
1896
1910
1897
1911
1898
1912
1913
2364
1900
1914
1901
1915
1902
1916
1903
1917
1904
1918
1905
1919
1906
1920
1907
1921
1908
1922
1909
1923
1910
1924
1911
1925
1912
1926
1913
1927
1928
2367
1915
1929
1916
1930
1917
1931
1918
1932
1919
1933
1920
1934
1921
1935
1922
1936
1923
1937
1924
1938
1925
1939
1926
1940
1927
1941
1928
1942
1943
2370
1930
2169
1931
2170
1932
2171
1933
2172
1934
2173
1935
2174
1936
2175
1937
2176
1938
2177
1939
2178
1940
2179
1941
2180
1942
2181
1943
2182
2183
2373
1945
1959
1989
1946
1960
1990
1947
1961
1991
1948
1962
1992
1949
1963
1993
1950
1964
1994
1951
1965
1995
1952
1966
1996
1953
1967
1997
1954
1968
1998
1955
1969
1999
1956
1970
2000
1957
1971
2001
1958
1972
2002
1973
2003
3672
1960
1974
2004
1961
1975
2005
1962
1976
2006
1963
1977
2007
1964
1978
2008
1965
1979
2009
1966
1980
2010
1967
1981
2011
1968
1982
2012
1969
1983
2013
1970
1984
2014
1971
1985
2015
1972
1986
2016
1973
1987
2017
1988
2018
3675
1975
2019
3348
1976
2020
3349
1977
2021
3350
1978
2022
3351
1979
2023
3352
1980
2024
3353
1981
2025
3354
1982
2026
3355
1983
2027
3356
1984
2028
3357
1985
2029
3358
1986
2030
3359
1987
2031
3360
1988
2032
3361
2033
3362
3678
1990
2004
2034
1991
2005
2035
1992
2006
2036
1993
2007
2037
1994
2008
2038
1995
2009
2039
1996
2010
2040
1997
2011
2041
1998
2012
2042
1999
2013
2043
2000
2014
2044
2001
2015
2045
2002
2016
2046
2003
2017
2047
2018
2048
3681
2005
2019
2049
2006
2020
2050
2007
2021
2051
2008
2022
2052
2009
2023
2053
2010
2024
2054
2011
2025
2055
2012
2026
2056
2013
2027
2057
2014
2028
2058
2015
2029
2059
2016
2030
2060
2017
2031
2061
2018
2032
2062
2033
2063
3684
2020
2064
3393
2021
2065
3394
2022
2066
3395
2023
2067
3396
2024
2068
3397
2025
2069
3398
2026
2070
3399
2027
2071
3400
2028
2072
3401
2029
2073
3402
2030
2074
3403
2031
2075
3404
2032
2076
3405
2033
2077
3406
2078
3407
3687
2035
2049
2079
2036
2050
2080
2037
2051
2081
2038
2052
2082
2039
2053
2083
2040
2054
2084
2041
2055
2085
2042
2056
2086
2043
2057
2087
2044
2058
2088
2045
2059
2089
2046
2060
2090
2047
2061
2091
2048
2062
2092
2063
2093
3690
2050
2064
2094
2051
2065
2095
2052
2066
2096
2053
2067
2097
2054
2068
2098
2055
2069
2099
2056
2070
2100
2057
2071
2101
2058
2072
2102
2059
2073
2103
2060
2074
2104
2061
2075
2105
2062
2076
2106
2063
2077
2107
2078
2108
3693
2065
2109
3438
2066
2110
3439
2067
2111
3440
2068
2112
3441
2069
2113
3442
2070
2114
3443
2071
2115
3444
2072
2116
3445
2073
2117
3446
2074
2118
3447
2075
2119
3448
2076
2120
3449
2077
2121
3450
2078
2122
3451
2123
3452
3696
2080
2094
2124
2081
2095
2125
2082
2096
2126
2083
2097
2127
2084
2098
2128
2085
2099
2129
2086
2100
2130
2087
2101
2131
2088
2102
2132
2089
2103
2133
2090
2104
2134
2091
2105
2135
2092
2106
2136
2093
2107
2137
2108
2138
3699
2095
2109
2139
2096
2110
2140
2097
2111
2141
2098
2112
2142
2099
2113
2143
2100
2114
2144
2101
2115
2145
2102
2116
2146
2103
2117
2147
2104
2118
2148
2105
2119
2149
2106
2120
2150
2107
2121
2151
2108
2122
2152
2123
2153
3702
2110
2154
3483
2111
2155
3484
2112
2156
3485
2113
2157
3486
2114
2158
3487
2115
2159
3488
2116
2160
3489
2117
2161
3490
2118
2162
3491
2119
2163
3492
2120
2164
3493
2121
2165
3494
2122
2166
3495
2123
2167
3496
2168
3497
3705
2125
2139
2169
2126
2140
2170
2127
2141
2171
2128
2142
2172
2129
2143
2173
2130
2144
2174
2131
2145
2175
2132
2146
2176
2133
2147
2177
2134
2148
2178
2135
2149
2179
2136
2150
2180
2137
2151
2181
2138
2152
2182
2153
2183
3708
2140
2154
2184
2141
2155
2185
2142
2156
2186
2143
2157
2187
2144
2158
2188
2145
2159
2189
2146
2160
2190
2147
2161
2191
2148
2162
2192
2149
2163
2193
2150
2164
2194
2151
2165
2195
2152
2166
2196
2153
2167
2197
2168
2198
3711
2155
2199
3528
2156
2200
3529
2157
2201
3530
2158
2202
3531
2159
2203
3532
2160
2204
3533
2161
2205
3534
2162
2206
3535
2163
2207
3536
2164
2208
3537
2165
2209
3538
2166
2210
3539
2167
2211
3540
2168
2212
3541
2213
3542
3714
2170
2184
2171
2185
2172
2186
2173
2187
2174
2188
2175
2189
2176
2190
2177
2191
2178
2192
2179
2193
2180
2194
2181
2195
2182
2196
2183
2197
2198
3717
2185
2199
2186
2200
2187
2201
2188
2202
2189
2203
2190
2204
2191
2205
2192
2206
2193
2207
2194
2208
2195
2209
2196
2210
2197
2211
2198
2212
2213
3720
2200
3573
2201
3574
2202
3575
2203
3576
2204
3577
2205
3578
2206
3579
2207
3580
2208
3581
2209
3582
2210
3583
2211
3584
2212
3585
2213
3586
3587
3723
2215
2217
2241
2216
2218
2242
2219
2243
2376
2218
2220
2244
2219
2221
2245
2222
2246
2385
2221
2223
2247
2222
2224
2248
2225
2249
2394
2224
2226
2250
2225
2227
2251
2228
2252
2403
2227
2229
2253
2228
2230
2254
2231
2255
2412
2230
2232
2256
2231
2233
2257
2234
2258
2421
2233
2235
2259
2234
2236
2260
2237
2261
2430
2236
2238
2262
2237
2239
2263
2240
2264
2439
2239
2265
3672
2240
2266
3673
2267
2448
3674
2242
2244
2268
2243
2245
2269
2246
2270
2457
2245
2247
2271
2246
2248
2272
2249
2273
2466
2248
2250
2274
2249
2251
2275
2252
2276
2475
2251
2253
2277
2252
2254
2278
2255
2279
2484
2254
2256
2280
2255
2257
2281
2258
2282
2493
2257
2259
2283
2258
2260
2284
2261
2285
2502
2260
2262
2286
2261
2263
2287
2264
2288
2511
2263
2265
2289
2264
2266
2290
2267
2291
2520
2266
2292
3681
2267
2293
3682
2294
2529
3683
2269
2271
2295
2270
2272
2296
2273
2297
2538
2272
2274
2298
2273
2275
2299
2276
2300
2547
2275
2277
2301
2276
2278
2302
2279
2303
2556
2278
2280
2304
2279
2281
2305
2282
2306
2565
2281
2283
2307
2282
2284
2308
2285
2309
2574
2284
2286
2310
2285
2287
2311
2288
2312
2583
2287
2289
2313
2288
2290
2314
2291
2315
2592
2290
2292
2316
2291
2293
2317
2294
2318
2601
2293
2319
3690
2294
2320
3691
2321
2610
3692
2296
2298
2322
2297
2299
2323
2300
2324
2619
2299
2301
2325
2300
2302
2326
2303
2327
2628
2302
2304
2328
2303
2305
2329
2306
2330
2637
2305
2307
2331
2306
2308
2332
2309
2333
2646
2308
2310
2334
2309
2311
2335
2312
2336
2655
2311
2313
2337
2312
2314
2338
2315
2339
2664
2314
2316
2340
2315
2317
2341
2318
2342
2673
2317
2319
2343
2318
2320
2344
2321
2345
2682
2320
2346
3699
2321
2347
3700
2348
2691
3701
2323
2325
2349
2324
2326
2350
2327
2351
2700
2326
2328
2352
2327
2329
2353
2330
2354
2709
2329
2331
2355
2330
2332
2356
2333
2357
2718
2332
2334
2358
2333
2335
2359
2336
2360
2727
2335
2337
2361
2336
2338
2362
2339
2363
2736
2338
2340
2364
2339
2341
2365
2342
2366
2745
2341
2343
2367
2342
2344
2368
2345
2369
2754
2344
2346
2370
2345
2347
2371
2348
2372
2763
2347
2373
3708
2348
2374
3709
2375
2772
3710
2350
2352
2351
2353
2354
2781
2353
2355
2354
2356
2357
2790
2356
2358
2357
2359
2360
2799
2359
2361
2360
2362
2363
2808
2362
2364
2363
2365
2366
2817
2365
2367
2366
2368
2369
2826
2368
2370
2369
2371
2372
2835
2371
2373
2372
2374
2375
2844
2374
3717
2375
3718
2853
3719
2377
2385
2457
3069
2378
2386
2458
3070
2379
2387
2459
3071
2380
2388
2460
3072
2381
2389
2461
3073
2382
2390
2462
3074
2383
2391
2463
3075
2384
2392
2464
3076
2393
2465
3077
2386
2394
2466
2387
2395
2467
2388
2396
2468
2389
2397
2469
2390
2398
2470
2391
2399
2471
2392
2400
2472
2393
2401
2473
2402
2474
2395
2403
2475
2396
2404
2476
2397
2405
2477
2398
2406
2478
2399
2407
2479
2400
2408
2480
2401
2409
2481
2402
2410
2482
2411
2483
2404
2412
2484
2405
2413
2485
2406
2414
2486
2407
2415
2487
2408
2416
2488
2409
2417
2489
2410
2418
2490
2411
2419
2491
2420
2492
2413
2421
2493
2414
2422
2494
2415
2423
2495
2416
2424
2496
2417
2425
2497
2418
2426
2498
2419
2427
2499
2420
2428
2500
2429
2501
2422
2430
2502
2423
2431
2503
2424
2432
2504
2425
2433
2505
2426
2434
2506
2427
2435
2507
2428
2436
2508
2429
2437
2509
2438
2510
2431
2439
2511
2432
2440
2512
2433
2441
2513
2434
2442
2514
2435
2443
2515
2436
2444
2516
2437
2445
2517
2438
2446
2518
2447
2519
2440
2448
2520
2441
2449
2521
2442
2450
2522
2443
2451
2523
2444
2452
2524
2445
2453
2525
2446
2454
2526
2447
2455
2527
2456
2528
2449
2529
2862
2450
2530
2863
2451
2531
2864
2452
2532
2865
2453
2533
2866
2454
2534
2867
2455
2535
2868
2456
2536
2869
2537
2870
2458
2466
2538
3123
2459
2467
2539
3124
2460
2468
2540
3125
2461
2469
2541
3126
2462
2470
2542
3127
2463
2471
2543
3128
2464
2472
2544
3129
2465
2473
2545
3130
2474
2546
3131
2467
2475
2547
2468
2476
2548
2469
2477
2549
2470
2478
2550
2471
2479
2551
2472
2480
2552
2473
2481
2553
2474
2482
2554
2483
2555
2476
2484
2556
2477
2485
2557
2478
2486
2558
2479
2487
2559
2480
2488
2560
2481
2489
2561
2482
2490
2562
2483
2491
2563
2492
2564
2485
2493
2565
2486
2494
2566
2487
2495
2567
2488
2496
2568
2489
2497
2569
2490
2498
2570
2491
2499
2571
2492
2500
2572
2501
2573
2494
2502
2574
2495
2503
2575
2496
2504
2576
2497
2505
2577
2498
2506
2578
2499
2507
2579
2500
2508
2580
2501
2509
2581
2510
2582
2503
2511
2583
2504
2512
2584
2505
2513
2585
2506
2514
2586
2507
2515
2587
2508
2516
2588
2509
2517
2589
2510
2518
2590
2519
2591
2512
2520
2592
2513
2521
2593
2514
2522
2594
2515
2523
2595
2516
2524
2596
2517
2525
2597
2518
2526
2598
2519
2527
2599
2528
2600
2521
2529
2601
2522
2530
2602
2523
2531
2603
2524
2532
2604
2525
2533
2605
2526
2534
2606
2527
2535
2607
2528
2536
2608
2537
2609
2530
2610
2889
2531
2611
2890
2532
2612
2891
2533
2613
2892
2534
2614
2893
2535
2615
2894
2536
2616
2895
2537
2617
2896
2618
2897
2539
2547
2619
3177
2540
2548
2620
3178
2541
2549
2621
3179
2542
2550
2622
3180
2543
2551
2623
3181
2544
2552
2624
3182
2545
2553
2625
3183
2546
2554
2626
3184
2555
2627
3185
2548
2556
2628
2549
2557
2629
2550
2558
2630
2551
2559
2631
2552
2560
2632
2553
2561
2633
2554
2562
2634
2555
2563
2635
2564
2636
2557
2565
2637
2558
2566
2638
2559
2567
2639
2560
2568
2640
2561
2569
2641
2562
2570
2642
2563
2571
2643
2564
2572
2644
2573
2645
2566
2574
2646
2567
2575
2647
2568
2576
2648
2569
2577
2649
2570
2578
2650
2571
2579
2651
2572
2580
2652
2573
2581
2653
2582
2654
2575
2583
2655
2576
2584
2656
2577
2585
2657
2578
2586
2658
2579
2587
2659
2580
2588
2660
2581
2589
2661
2582
2590
2662
2591
2663
2584
2592
2664
2585
2593
2665
2586
2594
2666
2587
2595
2667
2588
2596
2668
2589
2597
2669
2590
2598
2670
2591
2599
2671
2600
2672
2593
2601
2673
2594
2602
2674
2595
2603
2675
2596
2604
2676
2597
2605
2677
2598
2606
2678
2599
2607
2679
2600
2608
2680
2609
2681
2602
2610
2682
2603
2611
2683
2604
2612
2684
2605
2613
2685
2606
2614
2686
2607
2615
2687
2608
2616
2688
2609
2617
2689
2618
2690
2611
2691
2916
2612
2692
2917
2613
2693
2918
2614
2694
2919
2615
2695
2920
2616
2696
2921
2617
2697
2922
2618
2698
2923
2699
2924
2620
2628
2700
3231
2621
2629
2701
3232
2622
2630
2702
3233
2623
2631
2703
3234
2624
2632
2704
3235
2625
2633
2705
3236
2626
2634
2706
3237
2627
2635
2707
3238
2636
2708
3239
2629
2637
2709
2630
2638
2710
2631
2639
2711
2632
2640
2712
2633
2641
2713
2634
2642
2714
2635
2643
2715
2636
2644
2716
2645
2717
2638
2646
2718
2639
2647
2719
2640
2648
2720
2641
2649
2721
2642
2650
2722
2643
2651
2723
2644
2652
2724
2645
2653
2725
2654
2726
2647
2655
2727
2648
2656
2728
2649
2657
2729
2650
2658
2730
2651
2659
2731
2652
2660
2732
2653
2661
2733
2654
2662
2734
2663
2735
2656
2664
2736
2657
2665
2737
2658
2666
2738
2659
2667
2739
2660
2668
2740
2661
2669
2741
2662
2670
2742
2663
2671
2743
2672
2744
2665
2673
2745
2666
2674
2746
2667
2675
2747
2668
2676
2748
2669
2677
2749
2670
2678
2750
2671
2679
2751
2672
2680
2752
2681
2753
2674
2682
2754
2675
2683
2755
2676
2684
2756
2677
2685
2757
2678
2686
2758
2679
2687
2759
2680
2688
2760
2681
2689
2761
2690
2762
2683
2691
2763
2684
2692
2764
2685
2693
2765
2686
2694
2766
2687
2695
2767
2688
2696
2768
2689
2697
2769
2690
2698
2770
2699
2771
2692
2772
2943
2693
2773
2944
2694
2774
2945
2695
2775
2946
2696
2776
2947
2697
2777
2948
2698
2778
2949
2699
2779
2950
2780
2951
2701
2709
2781
3285
2702
2710
2782
3286
2703
2711
2783
3287
2704
2712
2784
3288
2705
2713
2785
3289
2706
2714
2786
3290
2707
2715
2787
3291
2708
2716
2788
3292
2717
2789
3293
2710
2718
2790
2711
2719
2791
2712
2720
2792
2713
2721
2793
2714
2722
2794
2715
2723
2795
2716
2724
2796
2717
2725
2797
2726
2798
2719
2727
2799
2720
2728
2800
2721
2729
2801
2722
2730
2802
2723
2731
2803
2724
2732
2804
2725
2733
2805
2726
2734
2806
2735
2807
2728
2736
2808
2729
2737
2809
2730
2738
2810
2731
2739
2811
2732
2740
2812
2733
2741
2813
2734
2742
2814
2735
2743
2815
2744
2816
2737
2745
2817
2738
2746
2818
2739
2747
2819
2740
2748
2820
2741
2749
2821
2742
2750
2822
2743
2751
2823
2744
2752
2824
2753
2825
2746
2754
2826
2747
2755
2827
2748
2756
2828
2749
2757
2829
2750
2758
2830
2751
2759
2831
2752
2760
2832
2753
2761
2833
2762
2834
2755
2763
2835
2756
2764
2836
2757
2765
2837
2758
2766
2838
2759
2767
2839
2760
2768
2840
2761
2769
2841
2762
2770
2842
2771
2843
2764
2772
2844
2765
2773
2845
2766
2774
2846
2767
2775
2847
2768
2776
2848
2769
2777
2849
2770
2778
2850
2771
2779
2851
2780
2852
2773
2853
2970
2774
2854
2971
2775
2855
2972
2776
2856
2973
2777
2857
2974
2778
2858
2975
2779
2859
2976
2780
2860
2977
2861
2978
2782
2790
3339
2783
2791
3340
2784
2792
3341
2785
2793
3342
2786
2794
3343
2787
2795
3344
2788
2796
3345
2789
2797
3346
2798
3347
2791
2799
2792
2800
2793
2801
2794
2802
2795
2803
2796
2804
2797
2805
2798
2806
2807
2800
2808
2801
2809
2802
2810
2803
2811
2804
2812
2805
2813
2806
2814
2807
2815
2816
2809
2817
2810
2818
2811
2819
2812
2820
2813
2821
2814
2822
2815
2823
2816
2824
2825
2818
2826
2819
2827
2820
2828
2821
2829
2822
2830
2823
2831
2824
2832
2825
2833
2834
2827
2835
2828
2836
2829
2837
2830
2838
2831
2839
2832
2840
2833
2841
2834
2842
2843
2836
2844
2837
2845
2838
2846
2839
2847
2840
2848
2841
2849
2842
2850
2843
2851
2852
2845
2853
2846
2854
2847
2855
2848
2856
2849
2857
2850
2858
2851
2859
2852
2860
2861
2854
2997
2855
2998
2856
2999
2857
3000
2858
3001
2859
3002
2860
3003
2861
3004
3005
2863
2871
2889
3674
2864
2872
2890
2865
2873
2891
2866
2874
2892
2867
2875
2893
2868
2876
2894
2869
2877
2895
2870
2878
2896
2879
2897
2872
2880
2898
3677
2873
2881
2899
2874
2882
2900
2875
2883
2901
2876
2884
2902
2877
2885
2903
2878
2886
2904
2879
2887
2905
2888
2906
2881
2907
3680
3726
2882
2908
3727
2883
2909
3728
2884
2910
3729
2885
2911
3730
2886
2912
3731
2887
2913
3732
2888
2914
3733
2915
3734
2890
2898
2916
3683
2891
2899
2917
2892
2900
2918
2893
2901
2919
2894
2902
2920
2895
2903
2921
2896
2904
2922
2897
2905
2923
2906
2924
2899
2907
2925
3686
2900
2908
2926
2901
2909
2927
2902
2910
2928
2903
2911
2929
2904
2912
2930
2905
2913
2931
2906
2914
2932
2915
2933
2908
2934
3689
3753
2909
2935
3754
2910
2936
3755
2911
2937
3756
2912
2938
3757
2913
2939
3758
2914
2940
3759
2915
2941
3760
2942
3761
2917
2925
2943
3692
2918
2926
2944
2919
2927
2945
2920
2928
2946
2921
2929
2947
2922
2930
2948
2923
2931
2949
2924
2932
2950
2933
2951
2926
2934
2952
3695
2927
2935
2953
2928
2936
2954
2929
2937
2955
2930
2938
2956
2931
2939
2957
2932
2940
2958
2933
2941
2959
2942
2960
2935
2961
3698
3780
2936
2962
3781
2937
2963
3782
2938
2964
3783
2939
2965
3784
2940
2966
3785
2941
2967
3786
2942
2968
3787
2969
3788
2944
2952
2970
3701
2945
2953
2971
2946
2954
2972
2947
2955
2973
2948
2956
2974
2949
2957
2975
2950
2958
2976
2951
2959
2977
2960
2978
2953
2961
2979
3704
2954
2962
2980
2955
2963
2981
2956
2964
2982
2957
2965
2983
2958
2966
2984
2959
2967
2985
2960
2968
2986
2969
2987
2962
2988
3707
3807
2963
2989
3808
2964
2990
3809
2965
2991
3810
2966
2992
3811
2967
2993
3812
2968
2994
3813
2969
2995
3814
2996
3815
2971
2979
2997
3710
2972
2980
2998
2973
2981
2999
2974
2982
3000
2975
2983
3001
2976
2984
3002
2977
2985
3003
2978
2986
3004
2987
3005
2980
2988
3006
3713
2981
2989
3007
2982
2990
3008
2983
2991
3009
2984
2992
3010
2985
2993
3011
2986
2994
3012
2987
2995
3013
2996
3014
2989
3015
3716
3834
2990
3016
3835
2991
3017
3836
2992
3018
3837
2993
3019
3838
2994
3020
3839
2995
3021
3840
2996
3022
3841
3023
3842
2998
3006
3719
2999
3007
3000
3008
3001
3009
3002
3010
3003
3011
3004
3012
3005
3013
3014
3007
3015
3722
3008
3016
3009
3017
3010
3018
3011
3019
3012
3020
3013
3021
3014
3022
3023
3016
3725
3861
3017
3862
3018
3863
3019
3864
3020
3865
3021
3866
3022
3867
3023
3868
3869
3025
3033
3078
3026
3034
3079
3027
3035
3080
3028
3036
3081
3029
3037
3082
3030
3038
3083
3031
3039
3084
3032
3040
3085
3041
3086
3034
3042
3087
3035
3043
3088
3036
3044
3089
3037
3045
3090
3038
3046
3091
3039
3047
3092
3040
3048
3093
3041
3049
3094
3050
3095
3043
3051
3096
3044
3052
3097
3045
3053
3098
3046
3054
3099
3047
3055
3100
3048
3056
3101
3049
3057
3102
3050
3058
3103
3059
3104
3052
3060
3105
3053
3061
3106
3054
3062
3107
3055
3063
3108
3056
3064
3109
3057
3065
3110
3058
3066
3111
3059
3067
3112
3068
3113
3061
3069
3114
3062
3070
3115
3063
3071
3116
3064
3072
3117
3065
3073
3118
3066
3074
3119
3067
3075
3120
3068
3076
3121
3077
3122
3070
3123
3071
3124
3072
3125
3073
3126
3074
3127
3075
3128
3076
3129
3077
3130
3131
3079
3087
3132
3080
3088
3133
3081
3089
3134
3082
3090
3135
3083
3091
3136
3084
3092
3137
3085
3093
3138
3086
3094
3139
3095
3140
3088
3096
3141
3089
3097
3142
3090
3098
3143
3091
3099
3144
3092
3100
3145
3093
3101
3146
3094
3102
3147
3095
3103
3148
3104
3149
3097
3105
3150
3098
3106
3151
3099
3107
3152
3100
3108
3153
3101
3109
3154
3102
3110
3155
3103
3111
3156
3104
3112
3157
3113
3158
3106
3114
3159
3107
3115
3160
3108
3116
3161
3109
3117
3162
3110
3118
3163
3111
3119
3164
3112
3120
3165
3113
3121
3166
3122
3167
3115
3123
3168
3116
3124
3169
3117
3125
3170
3118
3126
3171
3119
3127
3172
3120
3128
3173
3121
3129
3174
3122
3130
3175
3131
3176
3124
3177
3125
3178
3126
3179
3127
3180
3128
3181
3129
3182
3130
3183
3131
3184
3185
3133
3141
3186
3134
3142
3187
3135
3143
3188
3136
3144
3189
3137
3145
3190
3138
3146
3191
3139
3147
3192
3140
3148
3193
3149
3194
3142
3150
3195
3143
3151
3196
3144
3152
3197
3145
3153
3198
3146
3154
3199
3147
3155
3200
3148
3156
3201
3149
3157
3202
3158
3203
3151
3159
3204
3152
3160
3205
3153
3161
3206
3154
3162
3207
3155
3163
3208
3156
3164
3209
3157
3165
3210
3158
3166
3211
3167
3212
3160
3168
3213
3161
3169
3214
3162
3170
3215
3163
3171
3216
3164
3172
3217
3165
3173
3218
3166
3174
3219
3167
3175
3220
3176
3221
3169
3177
3222
3170
3178
3223
3171
3179
3224
3172
3180
3225
3173
3181
3226
3174
3182
3227
3175
3183
3228
3176
3184
3229
3185
3230
3178
3231
3179
3232
3180
3233
3181
3234
3182
3235
3183
3236
3184
3237
3185
3238
3239
3187
3195
3240
3188
3196
3241
3189
3197
3242
3190
3198
3243
3191
3199
3244
3192
3200
3245
3193
3201
3246
3194
3202
3247
3203
3248
3196
3204
3249
3197
3205
3250
3198
3206
3251
3199
3207
3252
3200
3208
3253
3201
3209
3254
3202
3210
3255
3203
3211
3256
3212
3257
3205
3213
3258
3206
3214
3259
3207
3215
3260
3208
3216
3261
3209
3217
3262
3210
3218
3263
3211
3219
3264
3212
3220
3265
3221
3266
3214
3222
3267
3215
3223
3268
3216
3224
3269
3217
3225
3270
3218
3226
3271
3219
3227
3272
3220
3228
3273
3221
3229
3274
3230
3275
3223
3231
3276
3224
3232
3277
3225
3233
3278
3226
3234
3279
3227
3235
3280
3228
3236
3281
3229
3237
3282
3230
3238
3283
3239
3284
3232
3285
3233
3286
3234
3287
3235
3288
3236
3289
3237
3290
3238
3291
3239
3292
3293
3241
3249
3294
3242
3250
3295
3243
3251
3296
3244
3252
3297
3245
3253
3298
3246
3254
3299
3247
3255
3300
3248
3256
3301
3257
3302
3250
3258
3303
3251
3259
3304
3252
3260
3305
3253
3261
3306
3254
3262
3307
3255
3263
3308
3256
3264
3309
3257
3265
3310
3266
3311
3259
3267
3312
3260
3268
3313
3261
3269
3314
3262
3270
3315
3263
3271
3316
3264
3272
3317
3265
3273
3318
3266
3274
3319
3275
3320
3268
3276
3321
3269
3277
3322
3270
3278
3323
3271
3279
3324
3272
3280
3325
3273
3281
3326
3274
3282
3327
3275
3283
3328
3284
3329
3277
3285
3330
3278
3286
3331
3279
3287
3332
3280
3288
3333
3281
3289
3334
3282
3290
3335
3283
3291
3336
3284
3292
3337
3293
3338
3286
3339
3287
3340
3288
3341
3289
3342
3290
3343
3291
3344
3292
3345
3293
3346
3347
3295
3303
3296
3304
3297
3305
3298
3306
3299
3307
3300
3308
3301
3309
3302
3310
3311
3304
3312
3305
3313
3306
3314
3307
3315
3308
3316
3309
3317
3310
3318
3311
3319
3320
3313
3321
3314
3322
3315
3323
3316
3324
3317
3325
3318
3326
3319
3327
3320
3328
3329
3322
3330
3323
3331
3324
3332
3325
3333
3326
3334
3327
3335
3328
3336
3329
3337
3338
3331
3339
3332
3340
3333
3341
3334
3342
3335
3343
3336
3344
3337
3345
3338
3346
3347
3340
3341
3342
3343
3344
3345
3346
3347
3349
3363
3393
3350
3364
3394
3351
3365
3395
3352
3366
3396
3353
3367
3397
3354
3368
3398
3355
3369
3399
3356
3370
3400
3357
3371
3401
3358
3372
3402
3359
3373
3403
3360
3374
3404
3361
3375
3405
3362
3376
3406
3377
3407
3618
3364
3378
3408
3365
3379
3409
3366
3380
3410
3367
3381
3411
3368
3382
3412
3369
3383
3413
3370
3384
3414
3371
3385
3415
3372
3386
3416
3373
3387
3417
3374
3388
3418
3375
3389
3419
3376
3390
3420
3377
3391
3421
3392
3422
3621
3379
3423
3380
3424
3381
3425
3382
3426
3383
3427
3384
3428
3385
3429
3386
3430
3387
3431
3388
3432
3389
3433
3390
3434
3391
3435
3392
3436
3437
3624
3394
3408
3438
3395
3409
3439
3396
3410
3440
3397
3411
3441
3398
3412
3442
3399
3413
3443
3400
3414
3444
3401
3415
3445
3402
3416
3446
3403
3417
3447
3404
3418
3448
3405
3419
3449
3406
3420
3450
3407
3421
3451
3422
3452
3627
3409
3423
3453
3410
3424
3454
3411
3425
3455
3412
3426
3456
3413
3427
3457
3414
3428
3458
3415
3429
3459
3416
3430
3460
3417
3431
3461
3418
3432
3462
3419
3433
3463
3420
3434
3464
3421
3435
3465
3422
3436
3466
3437
3467
3630
3424
3468
3425
3469
3426
3470
3427
3471
3428
3472
3429
3473
3430
3474
3431
3475
3432
3476
3433
3477
3434
3478
3435
3479
3436
3480
3437
3481
3482
3633
3439
3453
3483
3440
3454
3484
3441
3455
3485
3442
3456
3486
3443
3457
3487
3444
3458
3488
3445
3459
3489
3446
3460
3490
3447
3461
3491
3448
3462
3492
3449
3463
3493
3450
3464
3494
3451
3465
3495
3452
3466
3496
3467
3497
3636
3454
3468
3498
3455
3469
3499
3456
3470
3500
3457
3471
3501
3458
3472
3502
3459
3473
3503
3460
3474
3504
3461
3475
3505
3462
3476
3506
3463
3477
3507
3464
3478
3508
3465
3479
3509
3466
3480
3510
3467
3481
3511
3482
3512
3639
3469
3513
3470
3514
3471
3515
3472
3516
3473
3517
3474
3518
3475
3519
3476
3520
3477
3521
3478
3522
3479
3523
3480
3524
3481
3525
3482
3526
3527
3642
3484
3498
3528
3485
3499
3529
3486
3500
3530
3487
3501
3531
3488
3502
3532
3489
3503
3533
3490
3504
3534
3491
3505
3535
3492
3506
3536
3493
3507
3537
3494
3508
3538
3495
3509
3539
3496
3510
3540
3497
3511
3541
3512
3542
3645
3499
3513
3543
3500
3514
3544
3501
3515
3545
3502
3516
3546
3503
3517
3547
3504
3518
3548
3505
3519
3549
3506
3520
3550
3507
3521
3551
3508
3522
3552
3509
3523
3553
3510
3524
3554
3511
3525
3555
3512
3526
3556
3527
3557
3648
3514
3558
3515
3559
3516
3560
3517
3561
3518
3562
3519
3563
3520
3564
3521
3565
3522
3566
3523
3567
3524
3568
3525
3569
3526
3570
3527
3571
3572
3651
3529
3543
3573
3530
3544
3574
3531
3545
3575
3532
3546
3576
3533
3547
3577
3534
3548
3578
3535
3549
3579
3536
3550
3580
3537
3551
3581
3538
3552
3582
3539
3553
3583
3540
3554
3584
3541
3555
3585
3542
3556
3586
3557
3587
3654
3544
3558
3588
3545
3559
3589
3546
3560
3590
3547
3561
3591
3548
3562
3592
3549
3563
3593
3550
3564
3594
3551
3565
3595
3552
3566
3596
3553
3567
3597
3554
3568
3598
3555
3569
3599
3556
3570
3600
3557
3571
3601
3572
3602
3657
3559
3603
3560
3604
3561
3605
3562
3606
3563
3607
3564
3608
3565
3609
3566
3610
3567
3611
3568
3612
3569
3613
3570
3614
3571
3615
3572
3616
3617
3660
3574
3588
3575
3589
3576
3590
3577
3591
3578
3592
3579
3593
3580
3594
3581
3595
3582
3596
3583
3597
3584
3598
3585
3599
3586
3600
3587
3601
3602
3663
3589
3603
3590
3604
3591
3605
3592
3606
3593
3607
3594
3608
3595
3609
3596
3610
3597
3611
3598
3612
3599
3613
3600
3614
3601
3615
3602
3616
3617
3666
3604
3605
3606
3607
3608
3609
3610
3611
3612
3613
3614
3615
3616
3617
3669
3619
3621
3627
3678
3620
3622
3628
3679
3623
3629
3680
3726
3622
3624
3630
3623
3625
3631
3626
3632
3735
3625
3633
3626
3634
3635
3744
3628
3630
3636
3687
3629
3631
3637
3688
3632
3638
3689
3753
3631
3633
3639
3632
3634
3640
3635
3641
3762
3634
3642
3635
3643
3644
3771
3637
3639
3645
3696
3638
3640
3646
3697
3641
3647
3698
3780
3640
3642
3648
3641
3643
3649
3644
3650
3789
3643
3651
3644
3652
3653
3798
3646
3648
3654
3705
3647
3649
3655
3706
3650
3656
3707
3807
3649
3651
3657
3650
3652
3658
3653
3659
3816
3652
3660
3653
3661
3662
3825
3655
3657
3663
3714
3656
3658
3664
3715
3659
3665
3716
3834
3658
3660
3666
3659
3661
3667
3662
3668
3843
3661
3669
3662
3670
3671
3852
3664
3666
3723
3665
3667
3724
3668
3725
3861
3667
3669
3668
3670
3671
3870
3670
3671
3879
3673
3675
3681
3674
3676
3682
3677
3683
3676
3678
3684
3677
3679
3685
3680
3686
3679
3687
3680
3688
3689
3682
3684
3690
3683
3685
3691
3686
3692
3685
3687
3693
3686
3688
3694
3689
3695
3688
3696
3689
3697
3698
3691
3693
3699
3692
3694
3700
3695
3701
3694
3696
3702
3695
3697
3703
3698
3704
3697
3705
3698
3706
3707
3700
3702
3708
3701
3703
3709
3704
3710
3703
3705
3711
3704
3706
3712
3707
3713
3706
3714
3707
3715
3716
3709
3711
3717
3710
3712
3718
3713
3719
3712
3714
3720
3713
3715
3721
3716
3722
3715
3723
3716
3724
3725
3718
3720
3719
3721
3722
3721
3723
3722
3724
3725
3724
3725
3727
3735
3753
3728
3736
3754
3729
3737
3755
3730
3738
3756
3731
3739
3757
3732
3740
3758
3733
3741
3759
3734
3742
3760
3743
3761
3736
3744
3762
3737
3745
3763
3738
3746
3764
3739
3747
3765
3740
3748
3766
3741
3749
3767
3742
3750
3768
3743
3751
3769
3752
3770
3745
3771
3746
3772
3747
3773
3748
3774
3749
3775
3750
3776
3751
3777
3752
3778
3779
3754
3762
3780
3755
3763
3781
3756
3764
3782
3757
3765
3783
3758
3766
3784
3759
3767
3785
3760
3768
3786
3761
3769
3787
3770
3788
3763
3771
3789
3764
3772
3790
3765
3773
3791
3766
3774
3792
3767
3775
3793
3768
3776
3794
3769
3777
3795
3770
3778
3796
3779
3797
3772
3798
3773
3799
3774
3800
3775
3801
3776
3802
3777
3803
3778
3804
3779
3805
3806
3781
3789
3807
3782
3790
3808
3783
3791
3809
3784
3792
3810
3785
3793
3811
3786
3794
3812
3787
3795
3813
3788
3796
3814
3797
3815
3790
3798
3816
3791
3799
3817
3792
3800
3818
3793
3801
3819
3794
3802
3820
3795
3803
3821
3796
3804
3822
3797
3805
3823
3806
3824
3799
3825
3800
3826
3801
3827
3802
3828
3803
3829
3804
3830
3805
3831
3806
3832
3833
3808
3816
3834
3809
3817
3835
3810
3818
3836
3811
3819
3837
3812
3820
3838
3813
3821
3839
3814
3822
3840
3815
3823
3841
3824
3842
3817
3825
3843
3818
3826
3844
3819
3827
3845
3820
3828
3846
3821
3829
3847
3822
3830
3848
3823
3831
3849
3824
3832
3850
3833
3851
3826
3852
3827
3853
3828
3854
3829
3855
3830
3856
3831
3857
3832
3858
3833
3859
3860
3835
3843
3861
3836
3844
3862
3837
3845
3863
3838
3846
3864
3839
3847
3865
3840
3848
3866
3841
3849
3867
3842
3850
3868
3851
3869
3844
3852
3870
3845
3853
3871
3846
3854
3872
3847
3855
3873
3848
3856
3874
3849
3857
3875
3850
3858
3876
3851
3859
3877
3860
3878
3853
3879
3854
3880
3855
3881
3856
3882
3857
3883
3858
3884
3859
3885
3860
3886
3887
3862
3870
3863
3871
3864
3872
3865
3873
3866
3874
3867
3875
3868
3876
3869
3877
3878
3871
3879
3872
3880
3873
3881
3874
3882
3875
3883
3876
3884
3877
3885
3878
3886
3887
3880
3881
3882
3883
3884
3885
3886
3887
)


// ************************************************************************* //
