/*--------------------------------*- C++ -*----------------------------------*\
| =========                 |                                                 |
| \\      /  F ield         | OpenFOAM: The Open Source CFD Toolbox           |
|  \\    /   O peration     | Version:  1.4.2                                 |
|   \\  /    A nd           | Web:      http://www.openfoam.org               |
|    \\/     M anipulation  |                                                 |
\*---------------------------------------------------------------------------*/
FoamFile
{
    version     2.0;
    format      ascii;
    class       volScalarField;
    object      epsilon;
    location    "800";
}
// * * * * * * * * * * * * * * * * * * * * * * * * * * * * * * * * * * * * * //

dimensions      [0 2 -3 0 0 0 0];

internalField   nonuniform List<scalar> 
12225
(
443.026
353.452
290.586
245.345
212.188
187.594
169.245
155.572
145.485
138.21
133.183
129.985
128.301
127.881
128.529
130.083
132.408
135.67
60.1656
73.6155
79.568
83.695
87.7142
92.354
97.9687
104.74
112.767
122.1
132.759
144.738
157.999
172.479
188.082
204.669
221.997
240.13
26.2958
33.71
37.845
40.6833
42.9299
44.9526
46.964
49.0918
51.4158
53.9867
56.8366
59.9835
63.4335
67.1807
71.2043
75.4609
79.8607
84.2401
18.7355
22.7235
25.4806
27.3758
28.8178
30.0126
31.0724
32.0707
33.0568
34.0635
35.1123
36.2168
37.3842
38.6163
39.9093
41.2526
42.6262
43.986
16.1687
18.1634
19.9327
21.292
22.3446
23.1852
23.8877
24.5054
25.0723
25.6103
26.1342
26.6544
27.1775
27.7073
28.2451
28.7896
29.3369
29.8681
15.2354
16.0864
17.0484
17.9369
18.6892
19.3116
19.8309
20.2729
20.659
21.0059
21.3259
21.6276
21.9171
22.1984
22.4739
22.7446
23.0098
23.2589
14.8942
15.17
15.5864
16.0522
16.5062
16.9217
17.2896
17.6101
17.8892
18.1349
18.3542
18.5533
18.7368
18.9084
19.0708
19.2254
19.3723
19.5052
14.7876
14.838
14.9915
15.2092
15.4537
15.7009
15.9368
16.1543
16.351
16.5277
16.6862
16.8291
16.959
17.0782
17.1887
17.292
17.3884
17.4747
14.7441
14.6884
14.7003
14.7662
14.8675
14.9882
15.1163
15.244
15.3662
15.4805
15.586
15.6828
15.7713
15.8523
15.927
15.9961
16.0602
16.1177
14.7239
14.6134
14.5425
14.5091
14.5063
14.5261
14.5613
14.6058
14.655
14.7057
14.7558
14.8039
14.8493
14.8919
14.9314
14.9682
15.0024
15.0331
14.7149
14.579
14.4658
14.3758
14.3077
14.2585
14.2249
14.2034
14.191
14.1852
14.184
14.1858
14.1895
14.1943
14.1995
14.205
14.2103
14.215
14.7109
14.5642
14.4319
14.3142
14.2111
14.1218
14.0449
13.9791
13.9228
13.8744
13.8326
13.7963
13.7645
13.7363
13.711
13.6881
13.6673
13.6482
14.7089
14.5577
14.4176
14.2882
14.1691
14.0601
13.9605
13.8699
13.7873
13.7121
13.6436
13.5809
13.5235
13.4707
13.422
13.3769
13.335
13.2965
14.7076
14.5544
14.4112
14.2772
14.1517
14.0345
13.925
13.8227
13.7273
13.6382
13.555
13.4774
13.4048
13.3368
13.2731
13.2133
13.1573
13.1055
14.7067
14.5523
14.4076
14.2717
14.1439
14.0235
13.9101
13.8032
13.7025
13.6074
13.5177
13.433
13.353
13.2774
13.2059
13.1382
13.0743
13.0149
14.706
14.5507
14.4052
14.2684
14.1394
14.0178
13.9029
13.7943
13.6915
13.5941
13.5018
13.4143
13.3313
13.2524
13.1775
13.1063
13.0389
12.9759
14.7055
14.5497
14.4036
14.2662
14.1367
14.0144
13.8988
13.7894
13.6857
13.5874
13.494
13.4054
13.3211
13.241
13.1648
13.0922
13.0234
12.9591
14.7053
14.5494
14.403
14.2654
14.1356
14.013
13.8971
13.7873
13.6833
13.5846
13.4909
13.4019
13.3173
13.2369
13.1603
13.0875
13.0184
12.9539
14.7055
14.5497
14.4035
14.2659
14.1362
14.0138
13.8981
13.7886
13.685
13.5868
13.4937
13.4054
13.3216
13.2421
13.1666
13.0949
13.027
12.9637
14.706
14.5507
14.4051
14.2683
14.1396
14.0185
13.9045
13.7971
13.6959
13.6006
13.5107
13.426
13.346
13.2705
13.1992
13.1318
13.0684
13.0096
14.7068
14.5528
14.4093
14.2755
14.151
14.0353
13.9279
13.8284
13.7361
13.6504
13.5709
13.4969
13.4279
13.3636
13.3034
13.2471
13.1945
13.1461
14.7086
14.5589
14.4227
14.3001
14.1905
14.0931
14.0069
13.9303
13.8623
13.8016
13.747
13.6976
13.6526
13.6113
13.5731
13.5376
13.5046
13.4743
14.7142
14.5802
14.4708
14.3853
14.3209
14.2739
14.2405
14.2172
14.2011
14.1898
14.1815
14.175
14.1693
14.1638
14.1581
14.1518
14.1451
14.1383
14.7358
14.6588
14.6349
14.6534
14.7004
14.7639
14.8349
14.9068
14.9754
15.0383
15.0944
15.1431
15.1847
15.2195
15.2481
15.2713
15.2898
15.3046
14.8205
14.9298
15.138
15.3947
15.6602
15.9123
16.1399
16.3383
16.5072
16.6492
16.7675
16.8658
16.9471
17.0144
17.0699
17.1159
17.154
17.1858
15.1412
15.7855
16.517
17.2068
17.796
18.2812
18.6742
18.9897
19.2424
19.4453
19.6092
19.7427
19.8527
19.9444
20.0219
20.0885
20.1466
20.1979
16.3189
18.2995
19.9621
21.2351
22.1813
22.8822
23.4045
23.7998
24.1052
24.3458
24.5398
24.7003
24.8371
24.9574
25.0667
25.1688
25.2666
25.3617
20.7544
25.6375
28.6922
30.5982
31.8393
32.6632
33.2222
33.6186
33.9176
34.1614
34.3773
34.5833
34.7908
35.0072
35.2367
35.4817
35.7429
36.0193
43.9611
54.4815
58.7073
60.4207
60.9763
60.9915
60.8475
60.7575
60.7885
60.9697
61.3103
61.8085
62.4572
63.2461
64.1635
65.1971
66.332
67.5609
332.626
280.253
240.732
210.192
186.153
166.941
151.386
138.653
128.129
119.362
112.006
105.799
100.536
96.0549
92.2272
88.9495
86.1386
83.725
0.0111852
0.0140394
0.0196713
0.0262762
0.0331426
0.0399198
0.0465321
0.0531179
0.0599926
0.0676471
0.0763094
0.0859318
0.0965394
0.108097
0.120513
0.133782
0.148039
0.163591
0.180906
0.199508
0.219791
0.242076
0.266679
0.293921
0.324143
0.357699
0.394958
0.436302
0.482128
0.532847
0.588888
0.650698
0.718748
0.793535
0.875582
0.965444
1.06371
1.171
1.28799
1.41538
1.55392
1.70442
1.86774
2.04479
2.23654
2.44404
2.66842
2.91086
3.17268
3.45525
3.76011
4.0889
4.44343
4.82572
5.23799
5.68277
6.16294
6.68186
7.24347
7.85252
8.51481
9.23756
10.0299
10.9034
11.8731
12.9587
14.1857
15.588
17.2107
19.1146
21.3858
24.1523
27.6255
32.1981
38.5803
41.3629
44.1748
47.1361
50.2565
53.5423
56.9991
60.6329
64.449
68.4531
72.6504
77.0461
81.6453
86.4527
91.4731
96.7108
102.17
107.855
113.77
119.917
126.301
132.925
139.791
146.903
154.262
161.872
169.734
177.85
186.22
194.846
203.728
212.864
222.254
231.894
241.782
251.911
262.277
272.872
283.687
294.712
305.938
317.353
328.946
340.705
352.621
364.684
376.886
389.225
401.7
414.32
427.11
440.068
453.078
466.133
479.221
492.327
505.432
518.518
531.559
544.53
557.399
570.136
582.7
595.053
607.147
618.934
630.359
641.364
651.888
661.865
671.227
679.905
687.826
694.918
701.109
706.329
710.511
713.592
715.516
716.236
715.715
713.925
710.853
706.501
700.889
694.048
686.041
676.929
666.834
655.904
644.234
632.305
619.858
610.858
604.657
598.473
591.97
585.137
578.015
570.634
563.009
555.015
546.511
536.211
523.349
495.772
0.0332102
0.0289073
0.030258
0.0332311
0.0370119
0.0414645
0.0467173
0.0529633
0.0603331
0.0688264
0.0784678
0.089344
0.101618
0.115308
0.130275
0.146665
0.164638
0.184369
0.206031
0.229764
0.255771
0.284276
0.315514
0.349729
0.38717
0.428096
0.472772
0.52147
0.574475
0.632078
0.694588
0.762327
0.835633
0.914865
1.0004
1.09266
1.19205
1.29905
1.41414
1.53785
1.67074
1.81341
1.9665
2.13071
2.30677
2.49548
2.69769
2.91434
3.14643
3.39504
3.66137
3.94672
4.25254
4.58042
4.93215
5.30975
5.7155
6.15203
6.62235
7.12998
7.679
8.27421
8.92122
9.62653
10.3977
11.2432
12.1725
13.1954
14.3218
15.5603
16.9171
18.3942
19.9866
21.6742
23.3869
24.9017
26.4479
28.0656
29.7619
31.5401
33.4025
35.3515
37.3896
39.5189
41.7418
44.0604
46.4767
48.9929
51.6108
54.3323
57.159
60.0927
63.1348
66.2868
69.5501
72.9257
76.4148
80.0183
83.7369
87.5714
91.522
95.589
99.7723
104.071
108.486
113.015
117.656
122.409
127.271
132.239
137.31
142.48
147.747
153.106
158.554
164.085
169.696
175.384
181.144
186.975
192.874
198.84
204.873
210.975
217.149
223.421
229.726
236.054
242.398
248.749
255.098
261.437
267.754
274.035
280.269
286.438
292.527
298.516
304.385
310.113
315.674
321.045
326.197
331.103
335.734
340.058
344.046
347.666
350.887
353.68
356.015
357.866
359.209
360.022
360.29
359.999
359.144
357.722
355.74
353.209
350.153
346.596
342.577
338.146
333.32
328.153
322.516
317.266
312.577
307.95
303.28
298.562
293.815
289.06
284.31
279.553
274.762
269.69
264.228
257.876
0.0622056
0.0479528
0.0463781
0.048523
0.0526974
0.0584682
0.0656697
0.0743992
0.0844673
0.0957616
0.10839
0.122454
0.138041
0.155213
0.174023
0.194555
0.216919
0.241249
0.2677
0.296438
0.327651
0.361545
0.39834
0.438268
0.481572
0.528508
0.579338
0.634337
0.693794
0.758007
0.827291
0.901977
0.982414
1.06897
1.16205
1.26205
1.36943
1.48465
1.60823
1.7407
1.88262
2.03463
2.19736
2.37153
2.55788
2.75723
2.97042
3.1984
3.44217
3.7028
3.98147
4.27945
4.59814
4.93904
5.30381
5.6943
6.11253
6.56074
7.04143
7.55737
8.11163
8.7076
9.34894
10.0396
10.7837
11.5852
12.4479
13.3744
14.3662
15.422
16.5379
17.7064
18.9187
20.1675
21.4471
22.7477
24.0987
25.5113
26.9895
28.5357
30.1519
31.84
33.6019
35.4394
37.3541
39.3478
41.4222
43.5786
45.8185
48.1434
50.5544
53.0527
55.6394
58.3154
61.0816
63.9385
66.8868
69.9269
73.059
76.2832
79.5995
83.0074
86.5066
90.0963
93.7755
97.543
101.397
105.337
109.359
113.462
117.643
121.899
126.228
130.626
135.09
139.616
144.202
148.845
153.541
158.287
163.083
167.924
172.811
177.742
182.718
187.727
192.749
197.774
202.796
207.809
212.805
217.775
222.711
227.603
232.44
237.209
241.898
246.492
250.975
255.332
259.544
263.592
267.457
271.117
274.552
277.739
280.657
283.282
285.594
287.57
289.191
290.438
291.293
291.743
291.775
291.381
290.555
289.298
287.612
285.506
282.992
280.085
276.807
273.197
269.263
265.136
260.852
256.708
252.73
248.77
244.787
240.785
236.78
232.796
228.85
224.954
221.11
217.255
213.435
209.914
0.102924
0.0723183
0.0676161
0.0699689
0.0756034
0.083449
0.0930842
0.104057
0.116399
0.130169
0.145448
0.162315
0.180847
0.201113
0.223181
0.247136
0.273078
0.301132
0.331447
0.364192
0.399555
0.437744
0.478983
0.523512
0.571583
0.623464
0.679432
0.739779
0.804813
0.874852
0.950236
1.03132
1.11848
1.2121
1.31262
1.42048
1.53615
1.66013
1.79297
1.93522
2.08751
2.25047
2.42479
2.61122
2.81053
3.02357
3.25123
3.49447
3.75432
4.03187
4.3283
4.64487
4.98293
5.34394
5.72946
6.14117
6.58088
7.05053
7.55219
8.08807
8.66052
9.27198
9.92493
10.6219
11.3651
12.1568
12.9985
13.891
14.8344
15.8274
16.8676
17.9521
19.0787
20.2477
21.462
22.725
24.044
25.4234
26.8659
28.3736
29.9483
31.592
33.3064
35.0931
36.9539
38.8902
40.9035
42.9952
45.1667
47.419
49.7534
52.1706
54.6717
57.2572
59.9277
62.6836
65.5252
68.4525
71.4653
74.5636
77.7467
81.0141
84.365
87.7981
91.3124
94.9064
98.5783
102.326
106.148
110.042
114.004
118.033
122.124
126.276
130.485
134.747
139.059
143.417
147.818
152.258
156.735
161.245
165.785
170.352
174.937
179.528
184.114
188.688
193.244
197.776
202.276
206.738
211.152
215.511
219.804
224.022
228.152
232.182
236.099
239.889
243.537
247.027
250.343
253.467
256.38
259.067
261.506
263.682
265.574
267.167
268.443
269.387
269.985
270.226
270.1
269.6
268.722
267.465
265.832
263.828
261.464
258.75
255.706
252.367
248.794
245.06
241.217
237.399
233.623
229.845
226.052
222.255
218.473
214.728
211.042
207.432
203.918
200.501
197.276
194.596
0.153645
0.102492
0.0941653
0.0963986
0.103248
0.112713
0.123902
0.136648
0.150931
0.166784
0.184266
0.203444
0.224386
0.247163
0.27185
0.298536
0.327328
0.358353
0.391761
0.427725
0.466441
0.508121
0.552998
0.601321
0.653354
0.709375
0.769679
0.834573
0.904382
0.979448
1.06013
1.1468
1.23987
1.33975
1.4469
1.56179
1.68492
1.81682
1.95807
2.10927
2.27106
2.44411
2.62916
2.82698
3.03837
3.26423
3.50546
3.76306
4.03807
4.3316
4.64484
4.97903
5.33551
5.71567
6.12101
6.55309
7.01356
7.50414
8.02664
8.58291
9.17486
9.80442
10.4735
11.1839
11.9374
12.7353
13.5789
14.469
15.406
16.3897
17.4202
18.4972
19.6217
20.7954
22.0215
23.3034
24.6446
26.048
27.5159
29.0504
30.6535
32.3271
34.073
35.8929
37.7887
39.7619
41.814
43.9465
46.1606
48.4576
50.8384
53.304
55.855
58.4921
61.2155
64.0256
66.9223
69.9054
72.9746
76.1292
79.3686
82.6917
86.0974
89.5844
93.151
96.7956
100.516
104.31
108.176
112.111
116.111
120.175
124.298
128.477
132.708
136.987
141.311
145.674
150.072
154.5
158.954
163.43
167.924
172.426
176.924
181.408
185.871
190.308
194.71
199.073
203.39
207.653
211.855
215.987
220.042
224.009
227.877
231.636
235.275
238.78
242.138
245.335
248.357
251.188
253.812
256.214
258.377
260.286
261.924
263.276
264.329
265.068
265.481
265.559
265.293
264.677
263.708
262.384
260.708
258.684
256.322
253.627
250.641
247.403
243.958
240.358
236.654
232.918
229.172
225.41
221.636
217.866
214.12
210.422
206.795
203.264
199.855
196.599
193.603
191.16
0.21453
0.138029
0.124455
0.125854
0.132972
0.143141
0.155489
0.169672
0.185567
0.203147
0.222438
0.243489
0.266366
0.29114
0.317898
0.346737
0.377774
0.411145
0.447009
0.485546
0.526956
0.571461
0.619299
0.670726
0.726016
0.785456
0.849351
0.918022
0.991805
1.07106
1.15616
1.2475
1.3455
1.4506
1.56329
1.68405
1.81341
1.95194
2.10022
2.2589
2.42864
2.61015
2.80418
3.01153
3.23306
3.46965
3.72227
3.99191
4.27964
4.58658
4.91393
5.26293
5.6349
6.0312
6.45329
6.90265
7.38086
7.88951
8.43027
9.00483
9.61489
10.2622
10.9484
11.6751
12.444
13.2564
14.1137
15.0171
15.9675
16.9661
18.0138
19.1122
20.2628
21.4681
22.7309
24.054
25.4402
26.8921
28.412
30.0023
31.6649
33.4022
35.216
37.1084
39.0813
41.1365
43.2757
45.5003
47.8119
50.2117
52.7008
55.2801
57.9503
60.7119
63.5653
66.5103
69.547
72.675
75.8935
79.2017
82.5987
86.0831
89.6535
93.3081
97.0451
100.862
104.758
108.728
112.772
116.885
121.065
125.308
129.611
133.968
138.376
142.829
147.322
151.85
156.407
160.986
165.581
170.188
174.799
179.396
183.971
188.515
193.021
197.483
201.894
206.25
210.542
214.764
218.908
222.967
226.932
230.795
234.545
238.173
241.668
245.019
248.213
251.238
254.08
256.726
259.162
261.373
263.344
265.063
266.514
267.684
268.56
269.131
269.385
269.314
268.909
268.167
267.083
265.657
263.889
261.784
259.353
256.622
253.623
250.392
246.965
243.385
239.696
235.945
232.155
228.338
224.508
220.686
216.893
213.154
209.496
205.946
202.536
199.309
196.364
193.915
0.282803
0.177007
0.15679
0.155884
0.162449
0.173013
0.186257
0.201614
0.218837
0.237833
0.258591
0.281143
0.305548
0.331886
0.36025
0.390751
0.423519
0.458703
0.496471
0.537011
0.580533
0.627262
0.677442
0.731334
0.789214
0.851376
0.918129
0.989801
1.06674
1.1493
1.23789
1.3329
1.43477
1.54396
1.66095
1.78627
1.92047
2.06411
2.21783
2.38227
2.55813
2.74613
2.94707
3.16175
3.39105
3.63588
3.89723
4.17612
4.47363
4.79089
5.1291
5.48953
5.87348
6.28232
6.71749
7.18046
7.67277
8.19598
8.75173
9.34165
9.96742
10.6307
11.3333
12.0768
12.8628
13.6931
14.5693
15.4929
16.4656
17.4891
18.5652
19.6959
20.8836
22.1308
23.4403
24.8148
26.257
27.7697
29.3554
31.0166
32.7558
34.5754
36.4778
38.4653
40.54
42.704
44.9592
47.3075
49.7506
52.2897
54.9263
57.6612
60.4953
63.429
66.4627
69.5963
72.8296
76.1619
79.5925
83.1203
86.7438
90.4616
94.2718
98.1723
102.161
106.235
110.392
114.63
118.944
123.332
127.79
132.314
136.9
141.541
146.233
150.97
155.745
160.551
165.38
170.225
175.076
179.928
184.766
189.57
194.332
199.046
203.703
208.297
212.822
217.271
221.638
225.915
230.095
234.171
238.133
241.975
245.686
249.257
252.679
255.941
259.033
261.942
264.656
267.164
269.452
271.508
273.319
274.872
276.157
277.158
277.867
278.273
278.366
278.138
277.583
276.696
275.474
273.916
272.02
269.807
267.29
264.491
261.44
258.169
254.708
251.094
247.364
243.553
239.686
235.784
231.866
227.955
224.077
220.256
216.521
212.901
209.431
206.155
203.159
200.593
0.353165
0.216365
0.188038
0.184528
0.190435
0.201231
0.215167
0.231464
0.249758
0.26989
0.291811
0.315537
0.341121
0.368646
0.398216
0.429955
0.464007
0.500533
0.539713
0.581745
0.626842
0.675236
0.727173
0.782913
0.842733
0.906927
0.975804
1.04969
1.12895
1.21393
1.30503
1.40268
1.5073
1.61938
1.73941
1.86792
2.00547
2.15266
2.31012
2.47851
2.65856
2.85101
3.05665
3.27633
3.51094
3.7614
4.02873
4.31395
4.61818
4.94256
5.28831
5.6567
6.04906
6.46679
6.91133
7.38417
7.88689
8.42107
8.98838
9.5905
10.2292
10.9062
11.6234
12.3825
13.1856
14.0344
14.931
15.8773
16.8755
17.9279
19.0366
20.2043
21.4335
22.7272
24.0882
25.5195
27.0242
28.6051
30.2651
32.0072
33.8343
35.7491
37.7544
39.8529
42.0472
44.3397
46.7328
49.2285
51.8287
54.5353
57.3496
60.2729
63.306
66.4495
69.7037
73.0685
76.5436
80.1282
83.8213
87.6216
91.5275
95.5369
99.6477
103.858
108.164
112.563
117.053
121.63
126.291
131.031
135.847
140.734
145.687
150.699
155.764
160.875
166.023
171.199
176.394
181.597
186.799
191.99
197.14
202.237
207.273
212.24
217.13
221.936
226.651
231.268
235.779
240.179
244.458
248.608
252.623
256.493
260.211
263.766
267.151
270.356
273.37
276.184
278.786
281.165
283.311
285.212
286.859
288.24
289.344
290.162
290.685
290.904
290.812
290.401
289.666
288.604
287.209
285.492
283.456
281.117
278.494
275.607
272.482
269.144
265.622
261.946
258.147
254.257
250.3
246.3
242.281
238.267
234.284
230.361
226.524
222.805
219.238
215.864
212.755
210.017
0.419223
0.252206
0.216787
0.210945
0.216183
0.227081
0.241519
0.258532
0.277651
0.298655
0.321459
0.346061
0.372508
0.400886
0.431308
0.46391
0.498849
0.536298
0.576447
0.619501
0.66568
0.715213
0.768347
0.825339
0.886463
0.952007
1.02228
1.0976
1.17833
1.26482
1.35748
1.45672
1.56298
1.67675
1.79852
1.92883
2.06826
2.21741
2.37692
2.54748
2.7298
2.92465
3.13284
3.35522
3.59271
3.84625
4.11685
4.40559
4.71357
5.04198
5.39206
5.76512
6.16251
6.58567
7.03608
7.5153
8.02495
8.5667
9.14231
9.75357
10.4024
11.0906
11.8203
12.5935
13.4124
14.2792
15.1963
16.1659
17.1907
18.2733
19.4165
20.6233
21.8966
23.2397
24.6558
26.1484
27.7206
29.376
31.1179
32.9497
34.8747
36.8962
39.0175
41.2418
43.5721
46.0113
48.5622
51.2273
54.0088
56.909
59.9294
63.0715
66.3364
69.7247
73.2367
76.8724
80.6313
84.5125
88.5147
92.6364
96.8755
101.23
105.697
110.273
114.956
119.742
124.628
129.61
134.684
139.846
145.091
150.413
155.807
161.266
166.782
172.347
177.949
183.578
189.222
194.867
200.501
206.105
211.643
217.107
222.488
227.778
232.967
238.049
243.014
247.856
252.567
257.138
261.561
265.828
269.931
273.861
277.61
281.17
284.532
287.687
290.627
293.342
295.823
298.06
300.043
301.764
303.216
304.391
305.278
305.871
306.166
306.152
305.827
305.185
304.222
302.941
301.344
299.44
297.238
294.754
292.005
289.009
285.786
282.361
278.757
275
271.118
267.138
263.085
258.983
254.857
250.734
246.64
242.602
238.649
234.812
231.122
227.618
224.358
221.423
0.478971
0.284595
0.242777
0.234764
0.239286
0.25014
0.264885
0.282388
0.302085
0.323701
0.347115
0.372309
0.399324
0.428247
0.459199
0.492326
0.527795
0.56579
0.606508
0.650158
0.696959
0.74714
0.800941
0.858615
0.920427
0.98666
1.05761
1.13361
1.21498
1.3021
1.39535
1.49516
1.60197
1.71625
1.83851
1.9693
2.10918
2.25877
2.41871
2.5897
2.77247
2.96779
3.17648
3.39941
3.6375
3.89173
4.16311
4.45275
4.76178
5.09141
5.44293
5.81768
6.21707
6.64259
7.0958
7.57833
8.09191
8.63832
9.21945
9.83724
10.4938
11.1911
11.9316
12.7175
13.5513
14.4356
15.373
16.3664
17.4187
18.533
19.7126
20.9609
22.2814
23.6777
25.1536
26.713
28.3596
30.0974
31.9304
33.8624
35.8975
38.0394
40.292
42.6591
45.1443
47.751
50.4824
53.3415
56.3312
59.4537
62.7112
66.1053
69.6373
73.3079
77.1175
81.0657
85.1521
89.3756
93.7346
98.2272
102.851
107.603
112.481
117.48
122.598
127.83
133.173
138.621
144.171
149.818
155.557
161.382
167.286
173.262
179.3
185.39
191.52
197.676
203.843
210.006
216.149
222.222
228.211
234.103
239.888
245.557
251.101
256.509
261.773
266.885
271.836
276.616
281.217
285.629
289.842
293.849
297.641
301.21
304.548
307.647
310.498
313.095
315.427
317.487
319.267
320.762
321.969
322.881
323.49
323.794
323.791
323.476
322.85
321.912
320.666
319.117
317.272
315.143
312.74
310.076
307.168
304.032
300.685
297.147
293.439
289.584
285.605
281.526
277.371
273.163
268.929
264.693
260.482
256.324
252.245
248.276
244.446
240.791
237.357
234.214
0.532355
0.3135
0.265871
0.25581
0.259552
0.270208
0.285055
0.302816
0.322843
0.344807
0.368562
0.39407
0.421368
0.450546
0.481728
0.51507
0.550747
0.588949
0.629875
0.673733
0.720739
0.771114
0.82509
0.882911
0.944831
1.01112
1.08208
1.15801
1.23924
1.32615
1.4191
1.51851
1.62483
1.73853
1.86011
1.99011
2.12912
2.27775
2.43664
2.60649
2.78805
2.98209
3.18945
3.411
3.64769
3.9005
4.17049
4.45877
4.76653
5.09501
5.44555
5.81954
6.21848
6.64392
7.09753
7.58106
8.09635
8.64534
9.23009
9.85276
10.5156
11.2211
11.9717
12.77
13.619
14.5215
15.4806
16.4996
17.5821
18.7314
19.9516
21.2464
22.6199
24.0765
25.6204
27.256
28.9879
30.8205
32.7586
34.8066
36.9692
39.2509
41.6562
44.1895
46.8548
49.6564
52.5978
55.6827
58.9142
62.2952
65.8279
69.5144
73.3559
77.3533
81.5068
85.8159
90.2796
94.8968
99.6653
104.583
109.647
114.853
120.199
125.68
131.291
137.028
142.887
148.862
154.949
161.143
167.437
173.825
180.302
186.857
193.481
200.161
206.884
213.632
220.387
227.131
233.828
240.424
246.911
253.276
259.51
265.601
271.537
277.309
282.906
288.319
293.538
298.552
303.351
307.922
312.256
316.344
320.178
323.749
327.048
330.07
332.805
335.25
337.392
339.224
340.744
341.95
342.84
343.413
343.662
343.593
343.207
342.508
341.502
340.195
338.597
336.716
334.563
332.15
329.491
326.597
323.482
320.163
316.653
312.969
309.13
305.153
301.06
296.87
292.605
288.287
283.94
279.588
275.257
270.973
266.763
262.653
258.672
254.852
251.231
247.877
0.578791
0.338802
0.285996
0.274027
0.276938
0.28725
0.302001
0.31979
0.339897
0.36195
0.385777
0.411328
0.438635
0.467789
0.498923
0.532198
0.567794
0.6059
0.646714
0.690437
0.737274
0.787436
0.841142
0.898624
0.960124
1.0259
1.09624
1.17144
1.25182
1.33774
1.42957
1.52771
1.63262
1.74474
1.8646
1.99273
2.1297
2.27614
2.4327
2.60007
2.77901
2.97032
3.17482
3.39343
3.62709
3.87684
4.14374
4.42896
4.73372
5.05934
5.40721
5.77882
6.17573
6.59965
7.05234
7.53571
8.05178
8.6027
9.19074
9.81832
10.488
11.2025
11.9648
12.7777
13.6447
14.5691
15.5545
16.6046
17.7236
18.9157
20.1851
21.5365
22.9748
24.5047
26.1314
27.86
29.6958
31.6442
33.7103
35.8995
38.2171
40.6683
43.2584
45.9923
48.8748
51.9106
55.1038
58.4586
61.9783
65.6661
69.5248
73.5563
77.7621
82.1429
86.6984
91.4276
96.3291
101.401
106.641
112.046
117.612
123.336
129.212
135.236
141.402
147.706
154.141
160.702
167.383
174.18
181.085
188.093
195.196
202.385
209.648
216.971
224.338
231.73
239.125
246.496
253.76
260.904
267.914
274.777
281.482
288.014
294.362
300.514
306.458
312.183
317.678
322.933
327.932
332.66
337.109
341.267
345.126
348.676
351.91
354.819
357.397
359.64
361.536
363.077
364.267
365.106
365.595
365.738
365.538
365.005
364.146
362.973
361.499
359.737
357.701
355.406
352.865
350.092
347.102
343.909
340.526
336.966
333.243
329.371
325.363
321.235
317.004
312.686
308.299
303.863
299.398
294.927
290.473
286.06
281.714
277.459
273.322
269.33
265.517
261.952
0.618268
0.360543
0.303198
0.289478
0.291527
0.301371
0.315846
0.333449
0.353401
0.375295
0.398938
0.424272
0.451328
0.480204
0.511038
0.543997
0.57926
0.617012
0.657442
0.700736
0.747084
0.796684
0.849738
0.906464
0.967091
1.03187
1.10106
1.17496
1.25388
1.33816
1.42818
1.52433
1.62704
1.73679
1.85408
1.97945
2.11348
2.25678
2.41003
2.57392
2.74923
2.93677
3.13738
3.35201
3.58164
3.82732
4.09019
4.37146
4.67243
4.9945
5.33916
5.70801
6.10276
6.52525
6.97745
7.46146
7.97954
8.5341
9.12773
9.76318
10.4434
11.1715
11.9509
12.7851
13.6778
14.6331
15.6551
16.7484
17.9176
19.1676
20.5037
21.9311
23.4557
25.083
26.8191
28.6701
30.6421
32.7413
34.9738
37.3454
39.8623
42.5304
45.3556
48.3434
51.4993
54.8283
58.3349
62.0235
65.8977
69.9607
74.2154
78.6637
83.3071
88.1459
93.1793
98.4044
103.819
109.42
115.206
121.171
127.311
133.622
140.098
146.732
153.518
160.449
167.519
174.722
182.052
189.503
197.067
204.739
212.51
220.373
228.315
236.315
244.357
252.423
260.481
268.448
276.28
283.966
291.493
298.846
306.011
312.974
319.72
326.238
332.512
338.531
344.281
349.756
354.932
359.79
364.321
368.516
372.362
375.85
378.97
381.715
384.077
386.05
387.628
388.808
389.591
389.983
389.988
389.616
388.877
387.787
386.361
384.618
382.578
380.262
377.69
374.882
371.857
368.631
365.223
361.648
357.92
354.051
350.054
345.94
341.719
337.404
333.006
328.538
324.014
319.448
314.859
310.264
305.684
301.142
296.659
292.258
287.962
283.797
279.793
276.021
0.651362
0.378953
0.317649
0.302338
0.303523
0.312808
0.326864
0.344103
0.363698
0.385215
0.408448
0.433335
0.459913
0.48829
0.518614
0.551054
0.585786
0.622983
0.662815
0.705452
0.751065
0.799831
0.851939
0.907589
0.966996
1.0304
1.09804
1.17022
1.24723
1.3294
1.41711
1.51076
1.61076
1.7176
1.83178
1.95385
2.08439
2.22404
2.37347
2.53343
2.70468
2.88808
3.08452
3.29497
3.52048
3.76217
4.02124
4.299
4.59687
4.91636
5.25913
5.62695
6.02174
6.44557
6.90065
7.3894
7.91441
8.47846
9.08458
9.73599
10.4362
11.1888
11.998
12.8678
13.8029
14.8078
15.8877
17.0477
18.2935
19.6311
21.0664
22.606
24.2564
26.0245
27.9173
29.9421
32.1061
34.4165
36.88
39.5029
42.2919
45.2536
48.3943
51.72
55.2365
58.9488
62.8616
66.9788
71.304
75.8401
80.5893
85.5533
90.7333
96.1298
101.741
107.559
113.58
119.802
126.221
132.831
139.627
146.603
153.751
161.063
168.533
176.151
183.911
191.804
199.826
207.969
216.225
224.588
233.049
241.603
250.237
258.918
267.636
276.363
285.012
293.517
301.866
310.043
318.033
325.821
333.392
340.73
347.818
354.643
361.189
367.441
373.384
379.005
384.285
389.206
393.756
397.92
401.687
405.044
407.981
410.49
412.563
414.194
415.38
416.12
416.418
416.281
415.719
414.746
413.379
411.64
409.551
407.139
404.431
401.457
398.244
394.819
391.206
387.428
383.505
379.457
375.3
371.045
366.706
362.29
357.806
353.261
348.663
344.021
339.341
334.634
329.913
325.191
320.485
315.814
311.196
306.651
302.2
297.867
293.674
289.701
0.679148
0.394424
0.329647
0.312907
0.313264
0.321955
0.335511
0.352271
0.37137
0.392352
0.415004
0.439268
0.465197
0.492915
0.522586
0.55438
0.588461
0.624983
0.664093
0.705937
0.750668
0.798443
0.849436
0.903832
0.961833
1.02366
1.08957
1.15982
1.23471
1.31459
1.39981
1.49077
1.58793
1.69176
1.80277
1.92154
2.04867
2.18483
2.33072
2.48713
2.65488
2.83488
3.02809
3.23557
3.45846
3.69799
3.95551
4.23247
4.53048
4.85127
5.19674
5.56897
5.97018
6.40282
6.86951
7.37311
7.91673
8.50374
9.1378
9.82286
10.5632
11.3634
12.2283
13.1633
14.174
15.266
16.4453
17.7183
19.0918
20.5731
22.1693
23.8883
25.7377
27.7258
29.8607
32.151
34.6051
37.2318
40.0384
43.0293
46.2119
49.5932
53.1796
56.977
60.9907
65.2252
69.6842
74.3708
79.2873
84.4353
89.8159
95.4297
101.277
107.359
113.679
120.207
126.948
133.895
141.045
148.391
155.926
163.643
171.533
179.586
187.792
196.142
204.628
213.241
221.975
230.824
239.778
248.828
257.963
267.173
276.445
285.753
295.079
304.323
313.419
322.352
331.103
339.658
347.998
356.108
363.971
371.569
378.886
385.904
392.607
398.978
405.001
410.658
415.933
420.807
425.265
429.291
432.871
435.993
438.644
440.816
442.502
443.697
444.398
444.608
444.33
443.576
442.359
440.698
438.615
436.137
433.294
430.118
426.647
422.916
418.963
414.823
410.525
406.097
401.567
396.957
392.286
387.57
382.819
378.041
373.241
368.424
363.593
358.75
353.898
349.038
344.179
339.328
334.498
329.702
324.955
320.275
315.676
311.182
306.81
302.643
0.703156
0.407475
0.339612
0.321635
0.321266
0.329417
0.342491
0.358766
0.37734
0.397736
0.419734
0.443291
0.468491
0.495494
0.524485
0.555627
0.589062
0.624917
0.663311
0.704371
0.74823
0.795034
0.844943
0.898133
0.954797
1.01515
1.07944
1.14792
1.22092
1.29875
1.38181
1.47052
1.56535
1.66679
1.77542
1.89183
2.01668
2.15071
2.29469
2.44948
2.61601
2.79531
2.98848
3.19673
3.42139
3.6639
3.92585
4.20898
4.51523
4.84672
5.20579
5.59503
6.01726
6.47558
6.9733
7.51402
8.10171
8.74074
9.43583
10.1921
11.0152
11.9109
12.8859
13.9471
15.1019
16.3577
17.7212
19.2004
20.8039
22.5403
24.4186
26.4478
28.6369
30.9951
33.5315
36.2555
39.1768
42.3068
45.6552
49.2146
52.9954
57.0043
61.2467
65.7273
70.4493
75.4152
80.6265
86.0838
91.787
97.7351
103.927
110.36
117.032
123.941
131.08
138.437
146.004
153.774
161.74
169.895
178.23
186.738
195.409
204.23
213.189
222.276
231.479
240.792
250.209
259.726
269.329
279.002
288.733
298.51
308.308
318.096
327.761
337.284
346.639
355.808
364.772
373.513
382.014
390.256
398.223
405.895
413.254
420.281
426.959
433.269
439.193
444.713
449.81
454.467
458.665
462.389
465.624
468.355
470.571
472.264
473.426
474.053
474.146
473.707
472.743
471.267
469.297
466.855
463.967
460.665
456.984
452.964
448.647
444.078
439.306
434.373
429.312
424.158
418.944
413.699
408.447
403.203
397.982
392.79
387.63
382.503
377.41
372.348
367.309
362.29
357.291
352.315
347.366
342.454
337.59
332.786
328.053
323.41
318.873
314.526
0.72477
0.418715
0.348157
0.32922
0.328349
0.336157
0.348932
0.364892
0.383093
0.403031
0.424468
0.447382
0.471929
0.498347
0.526838
0.557536
0.590541
0.625945
0.66385
0.704371
0.747637
0.793793
0.843
0.895433
0.951286
1.01078
1.07415
1.1417
1.21374
1.29064
1.37282
1.46076
1.55499
1.65607
1.76466
1.88145
2.00721
2.14279
2.28913
2.44726
2.61832
2.80357
3.00442
3.22241
3.45926
3.71684
3.99722
4.30271
4.63593
4.99975
5.39742
5.83256
6.3092
6.83181
7.40514
8.03398
8.72405
9.48162
10.3135
11.2269
12.2297
13.3304
14.5379
15.8621
17.3141
18.9061
20.6401
22.5282
24.5812
26.8095
29.2229
31.831
34.643
37.6677
40.9134
44.3883
48.1
52.0554
56.2594
60.7118
65.4155
70.3727
75.5851
81.0533
86.7769
92.7544
98.9829
105.459
112.178
119.137
126.329
133.751
141.397
149.261
157.336
165.609
174.071
182.713
191.523
200.496
209.626
218.908
228.326
237.867
247.516
257.26
267.087
276.988
286.966
297.022
307.132
317.262
327.392
337.506
347.504
357.32
366.959
376.419
385.688
394.749
403.586
412.179
420.512
428.566
436.322
443.76
450.862
457.606
463.974
469.945
475.501
480.623
485.291
489.486
493.19
496.387
499.061
501.197
502.786
503.818
504.287
504.193
503.534
502.318
500.553
498.255
495.445
492.147
488.392
484.216
479.657
474.76
469.572
464.142
458.52
452.756
446.892
440.972
435.036
429.117
423.244
417.438
411.713
406.076
400.53
395.073
389.704
384.415
379.188
374.013
368.882
363.79
358.738
353.726
348.764
343.855
339.008
334.237
329.553
325.045
0.74702
0.429018
0.356251
0.336839
0.33591
0.343816
0.356739
0.372835
0.391119
0.411034
0.43229
0.454889
0.479193
0.505577
0.534173
0.56502
0.598172
0.633712
0.67175
0.712424
0.755891
0.802323
0.851907
0.904838
0.961331
1.02163
1.086
1.15477
1.22833
1.30713
1.39169
1.48261
1.58056
1.68629
1.80062
1.92448
2.0589
2.20502
2.36412
2.53763
2.72719
2.93464
3.16206
3.41184
3.68663
3.98945
4.32339
4.69218
5.10005
5.55175
6.05263
6.60876
7.22708
7.91573
8.68358
9.53633
10.4843
11.5381
12.7088
14.0078
15.4473
17.0395
18.797
20.7327
22.8594
25.1891
27.7307
30.4945
33.4903
36.7266
40.2103
43.9474
47.9423
52.1984
56.7181
61.5031
66.5543
71.8711
77.4511
83.2899
89.3826
95.7239
102.309
109.132
116.19
123.474
130.977
138.69
146.605
154.714
163.01
171.488
180.143
188.971
197.961
207.101
216.379
225.785
235.31
244.947
254.705
264.587
274.564
284.617
294.731
304.887
315.068
325.27
335.474
345.657
355.818
365.901
375.828
385.53
395.031
404.33
413.434
422.34
431.042
439.524
447.772
455.769
463.494
470.931
478.058
484.855
491.302
497.376
503.059
508.327
513.162
517.542
521.448
524.861
527.762
530.133
531.961
533.231
533.935
534.063
533.614
532.587
530.985
528.819
526.1
522.848
519.087
514.846
510.159
505.065
499.607
493.831
487.788
481.528
475.104
468.567
461.967
455.349
448.756
442.227
435.793
429.478
423.298
417.261
411.369
405.619
400.002
394.506
389.111
383.801
378.562
373.381
368.25
363.167
358.136
353.154
348.221
343.35
338.546
333.903
0.765045
0.437615
0.364083
0.345094
0.344887
0.353642
0.367451
0.384421
0.403536
0.424219
0.446159
0.469505
0.494796
0.522314
0.552065
0.584071
0.618405
0.655188
0.694589
0.736819
0.782116
0.830737
0.882943
0.938992
0.999148
1.0637
1.13298
1.20744
1.2876
1.37411
1.46775
1.5694
1.68006
1.80089
1.93319
2.07843
2.23826
2.41459
2.60959
2.82565
3.06569
3.33311
3.63184
3.96647
4.34242
4.76637
5.2436
5.78205
6.39059
7.07906
7.85846
8.74108
9.74052
10.8717
12.1501
13.5912
15.2118
17.0292
19.0606
21.3221
23.8289
26.5949
29.6319
32.9503
36.5579
40.4601
44.6594
49.156
53.9485
59.0331
64.4036
70.0521
75.9691
82.1448
88.5691
95.2325
102.127
109.243
116.569
124.093
131.804
139.688
147.738
155.946
164.313
172.828
181.477
190.251
199.141
208.14
217.242
226.444
235.761
245.194
254.72
264.328
274.008
283.748
293.54
303.382
313.271
323.2
333.15
343.111
353.075
363.007
372.875
382.688
392.406
401.975
411.311
420.416
429.305
437.977
446.444
454.714
462.79
470.67
478.347
485.808
493.037
500.018
506.731
513.157
519.274
525.061
530.496
535.556
540.218
544.462
548.264
551.603
554.46
556.814
558.646
559.941
560.684
560.863
560.469
559.498
557.95
555.827
553.139
549.898
546.122
541.836
537.069
531.855
526.234
520.248
513.944
507.372
500.584
493.631
486.565
479.437
472.295
465.183
458.144
451.212
444.419
437.787
431.332
425.062
418.978
413.074
407.339
401.756
396.304
390.962
385.71
380.529
375.405
370.328
365.294
360.297
355.335
350.417
345.541
340.816
0.78129
0.445513
0.372233
0.354336
0.355476
0.365684
0.38096
0.399371
0.419891
0.441987
0.465515
0.49074
0.518051
0.547607
0.579441
0.613597
0.650182
0.689389
0.731492
0.776842
0.825846
0.878936
0.936531
0.999023
1.06677
1.14015
1.21962
1.30584
1.39969
1.50228
1.61494
1.7392
1.87682
2.02992
2.20095
2.39276
2.60864
2.85253
3.12917
3.44334
3.80169
4.21199
4.68346
5.22697
5.85529
6.5831
7.4263
8.40347
9.53526
10.8441
12.3538
14.0896
16.0773
18.3428
20.9108
23.8037
27.0416
30.6408
34.6135
38.9665
43.701
48.8133
54.2947
60.133
66.3125
72.8147
79.6189
86.703
94.0451
101.624
109.414
117.393
125.536
133.823
142.237
150.763
159.396
168.129
176.946
185.831
194.772
203.757
212.779
221.842
230.983
240.169
249.385
258.624
267.882
277.156
286.444
295.744
305.061
314.397
323.754
333.128
342.507
351.881
361.241
370.596
379.939
389.244
398.485
407.657
416.771
425.755
434.571
443.151
451.487
459.6
467.49
475.163
482.632
489.908
496.997
503.906
510.635
517.179
523.532
529.679
535.607
541.296
546.728
551.881
556.733
561.261
565.442
569.251
572.666
575.661
578.215
580.305
581.91
583.011
583.588
583.626
583.113
582.038
580.395
578.183
575.404
572.068
568.187
563.78
558.872
553.494
547.682
541.478
534.926
528.077
520.983
513.698
506.277
498.773
491.237
483.719
476.261
468.905
461.683
454.625
447.752
441.082
434.622
428.376
422.341
416.508
410.861
405.381
400.045
394.828
389.706
384.656
379.658
374.698
369.763
364.847
359.942
355.055
350.183
345.438
0.797969
0.454214
0.382908
0.367529
0.371385
0.384352
0.402361
0.423479
0.446733
0.471707
0.498411
0.527132
0.558155
0.591599
0.627492
0.665896
0.706982
0.751082
0.798696
0.850485
0.90725
0.969856
1.03914
1.11585
1.20066
1.29414
1.39699
1.51056
1.63677
1.77812
1.93781
2.11935
2.32708
2.56642
2.84396
3.16775
3.5473
3.99404
4.52189
5.14752
5.89154
6.77859
7.83784
9.10312
10.6127
12.4084
14.534
17.0349
19.9552
23.3353
27.2094
31.6046
36.5396
42.0239
48.057
54.6285
61.7183
69.2979
77.3314
85.7783
94.5923
103.723
113.119
122.731
132.511
142.416
152.405
162.442
172.504
182.573
192.62
202.617
212.543
222.382
232.125
241.771
251.356
260.89
270.341
279.692
288.937
298.071
307.096
316.02
324.857
333.613
342.294
350.907
359.458
367.948
376.374
384.738
393.041
401.294
409.525
417.72
425.858
433.92
441.899
449.821
457.667
465.387
472.956
480.337
487.469
494.392
501.117
507.638
513.959
520.089
526.038
531.813
537.423
542.874
548.171
553.313
558.3
563.125
567.778
572.247
576.514
580.56
584.367
587.91
591.167
594.113
596.723
598.972
600.836
602.288
603.305
603.865
603.945
603.526
602.591
601.125
599.116
596.557
593.446
589.783
585.579
580.844
575.6
569.871
563.69
557.096
550.132
542.85
535.302
527.548
519.647
511.66
503.648
495.668
487.773
480.013
472.427
465.049
457.903
451.006
444.366
437.984
431.856
425.97
420.312
414.861
409.596
404.492
399.521
394.656
389.869
385.134
380.429
375.734
371.035
366.32
361.582
356.826
352.045
347.361
0.815402
0.466306
0.400252
0.390178
0.399282
0.417326
0.440309
0.466442
0.494916
0.525507
0.558375
0.593847
0.632209
0.673578
0.717938
0.765326
0.816027
0.870688
0.930336
0.996408
1.07078
1.15561
1.25307
1.36522
1.49407
1.64138
1.80855
1.99977
2.2213
2.48164
2.79171
3.16509
3.6189
4.175
4.86143
5.71351
6.77334
8.09083
9.7255
11.7469
14.2332
17.2686
20.9389
25.3263
30.5034
36.526
43.4289
51.2263
59.9098
69.4448
79.7716
90.8133
102.482
114.681
127.313
140.276
153.475
166.816
180.215
193.613
206.943
220.136
233.13
245.875
258.333
270.475
282.28
293.738
304.884
315.775
326.356
336.607
346.526
356.122
365.404
374.386
383.089
391.533
399.728
407.683
415.408
422.915
430.217
437.329
444.271
451.061
457.735
464.31
470.784
477.155
483.421
489.58
495.634
501.595
507.527
513.369
519.096
524.698
530.166
535.442
540.52
545.437
550.208
554.834
559.312
563.646
567.841
571.901
575.83
579.63
583.307
586.861
590.297
593.616
596.817
599.897
602.851
605.67
608.342
610.854
613.186
615.32
617.234
618.904
620.305
621.413
622.2
622.642
622.71
622.38
621.627
620.428
618.761
616.607
613.95
610.776
607.077
602.849
598.091
592.811
587.021
580.74
573.995
566.818
559.25
551.336
543.131
534.694
526.088
517.38
508.64
499.939
491.345
482.922
474.731
466.823
459.239
452.011
445.156
438.679
432.574
426.822
421.396
416.263
411.385
406.721
402.232
397.88
393.627
389.439
385.284
381.133
376.962
372.749
368.479
364.141
359.725
355.237
350.672
346.159
0.831806
0.489509
0.436095
0.437124
0.456213
0.483563
0.515938
0.552242
0.592078
0.635375
0.68238
0.733536
0.78948
0.850546
0.91655
0.987375
1.06358
1.1468
1.23971
1.34626
1.47227
1.62534
1.81389
2.04711
2.33619
2.69026
3.12029
3.64783
4.30631
5.14359
6.22377
7.63029
9.47008
11.8771
15.0133
19.0614
24.201
30.5923
38.3713
47.6405
58.457
70.8255
84.6955
99.9647
116.486
134.074
152.527
171.647
191.253
211.16
231.151
251.028
270.621
289.788
308.414
326.411
343.71
360.264
376.052
391.195
405.681
419.431
432.418
444.64
456.111
466.855
476.901
486.282
495.044
503.24
510.905
518.074
524.801
531.113
537.03
542.575
547.773
552.652
557.238
561.557
565.632
569.488
573.148
576.631
579.957
583.147
586.256
589.285
592.211
595.033
597.756
600.386
602.93
605.386
607.667
609.832
611.91
613.916
615.858
617.737
619.554
621.313
623.019
624.672
626.274
627.823
629.318
630.756
632.133
633.448
634.697
635.877
636.986
638.02
638.972
639.837
640.605
641.265
641.803
642.202
642.444
642.508
642.371
642.009
641.397
640.507
639.313
637.788
635.906
633.639
630.965
627.859
624.301
620.272
615.759
610.751
605.241
599.228
592.718
585.722
578.257
570.35
562.032
553.345
544.335
535.058
525.574
515.952
506.264
496.587
486.998
477.578
468.403
459.549
451.084
443.066
435.545
428.555
422.115
416.227
410.875
406.023
401.625
397.619
393.935
390.502
387.25
384.112
381.029
377.948
374.828
371.632
368.333
364.907
361.34
357.622
353.746
349.72
345.543
341.356
0.835398
0.557052
0.533882
0.558222
0.598476
0.64773
0.705436
0.772053
0.847513
0.931476
1.02473
1.12856
1.24652
1.38123
1.53229
1.69913
1.88362
2.09261
2.33701
2.63442
3.01451
3.51911
4.20613
5.15503
6.47256
8.26213
10.646
13.8273
18.081
23.7622
31.2811
41.0684
53.5267
68.9747
87.5954
109.395
134.191
161.585
191.048
222.031
253.987
286.398
318.79
350.743
381.9
411.968
440.784
468.238
494.444
519.405
542.814
564.528
584.501
602.742
619.298
634.239
647.647
659.613
670.236
679.634
687.912
695.153
701.433
706.825
711.401
715.231
718.379
720.91
722.885
724.362
725.394
726.036
726.371
726.396
726.128
725.593
724.823
723.852
722.711
721.43
720.036
718.552
717.001
715.4
713.763
712.1
710.363
708.556
706.718
704.875
703.044
701.238
699.466
697.735
696.044
694.398
692.8
691.253
689.758
688.317
686.932
685.599
684.314
683.072
681.866
680.691
679.537
678.398
677.263
676.125
674.975
673.805
672.605
671.367
670.081
668.735
667.318
665.815
664.209
662.483
660.616
658.587
656.372
653.946
651.283
648.357
645.141
641.608
637.731
633.485
628.846
623.792
618.304
612.367
605.969
599.101
591.762
583.955
575.689
566.983
557.859
548.349
538.492
528.334
517.932
507.345
496.643
485.9
475.194
464.609
454.23
444.142
434.431
425.179
416.462
408.349
400.899
394.157
388.15
382.89
378.361
374.53
371.336
368.7
366.524
364.701
363.118
361.668
360.251
358.782
357.19
355.42
353.433
351.201
348.706
345.94
342.902
339.604
336.052
332.4
0.800011
0.883019
0.954272
1.06235
1.18568
1.33051
1.50721
1.72478
1.98547
2.28817
2.64283
3.05956
3.57506
4.2251
5.02208
5.97517
7.10666
8.46565
10.1471
12.322
15.2774
19.4678
25.574
34.5507
47.5812
65.5699
89.0637
118.807
154.936
197.199
244.96
297.252
352.873
410.482
468.714
526.305
583.165
638.146
689.854
737.552
780.888
819.758
854.221
884.443
910.648
933.11
952.332
968.54
981.84
992.451
1000.61
1006.55
1010.51
1012.73
1013.42
1012.77
1010.96
1008.15
1004.47
1000.06
995.017
989.443
983.419
977.018
970.302
963.327
956.142
948.793
941.319
933.754
926.127
918.455
910.691
902.888
895.083
887.305
879.578
871.924
864.359
856.899
849.557
842.344
835.27
828.34
821.562
814.938
808.474
802.171
796.028
790.048
784.23
778.575
773.083
767.756
762.597
757.606
752.78
748.115
743.606
739.245
735.028
730.947
726.994
723.159
719.43
715.797
712.248
708.769
705.347
701.97
698.625
695.297
691.973
688.641
685.285
681.892
678.444
674.926
671.318
667.601
663.753
659.752
655.574
651.193
646.585
641.722
636.579
631.129
625.348
619.212
612.699
605.79
598.469
590.722
582.543
573.927
564.878
555.403
545.52
535.25
524.623
513.678
502.458
491.017
479.416
467.719
456.001
444.339
432.815
421.514
410.524
399.932
389.825
380.288
371.402
363.241
355.872
349.351
343.722
339.01
335.218
332.328
330.29
329.027
328.433
328.379
328.717
329.295
329.959
330.572
331.015
331.191
331.03
330.484
329.524
328.138
326.326
324.105
321.493
318.658
0.790978
4.05852
4.93216
5.62451
6.34025
7.17617
8.24318
9.66107
11.4761
13.6881
16.3617
19.7559
24.5
31.3797
41.05
54.2369
71.8709
95.0774
125.151
163.509
211.609
270.783
342.002
425.538
520.576
629.349
744.974
864.447
980.497
1088.35
1185.1
1269.25
1340.34
1398.7
1445.15
1480.83
1507.1
1525.29
1536.58
1542.04
1542.62
1539.14
1532.34
1522.83
1511.12
1497.64
1482.46
1465.82
1448.12
1429.68
1410.73
1391.48
1372.08
1352.65
1333.27
1314.01
1294.93
1276.08
1257.48
1239.16
1221.15
1203.45
1186.08
1169.05
1152.35
1136
1119.99
1104.33
1089
1074.01
1059.36
1045.04
1031.05
1017.39
1004.05
991.017
978.293
965.872
953.749
941.92
930.382
919.133
908.168
897.486
887.083
876.959
867.114
857.547
848.258
839.24
830.488
821.996
813.757
805.767
798.018
790.507
783.228
776.174
769.338
762.71
756.279
750.036
743.969
738.066
732.314
726.699
721.206
715.819
710.523
705.302
700.14
695.02
689.925
684.839
679.743
674.622
669.455
664.223
658.907
653.485
647.936
642.235
636.359
630.284
623.985
617.437
610.615
603.496
596.058
588.279
580.142
571.63
562.732
553.44
543.752
533.669
523.201
512.363
501.176
489.67
477.88
465.849
453.629
441.277
428.855
416.433
404.083
391.885
379.918
368.264
357.007
346.23
336.014
326.439
317.582
309.516
302.308
296.022
290.71
286.415
283.164
280.966
279.802
279.625
280.354
281.871
284.025
286.636
289.511
292.454
295.282
297.833
299.978
301.623
302.704
303.19
303.069
302.357
301.079
299.418
4.83265
60.3928
68.6015
78.3118
95.4524
120.929
154.967
198.112
251.205
315.325
391.743
481.834
586.906
712.346
856.029
1010.53
1170
1329.46
1484.53
1631.41
1766.86
1888.31
1993.9
2082.5
2153.73
2208.2
2246.53
2266.92
2271.74
2263.64
2245.28
2219.12
2187.27
2151.48
2113.15
2073.37
2032.93
1992.42
1952.24
1912.67
1873.89
1836.01
1799.09
1763.16
1728.23
1694.28
1661.35
1629.42
1598.46
1568.42
1539.25
1510.91
1483.35
1456.55
1430.46
1405.07
1380.34
1356.27
1332.82
1309.98
1287.74
1266.07
1244.97
1224.42
1204.4
1184.89
1165.89
1147.38
1129.34
1111.76
1094.62
1077.93
1061.66
1045.81
1030.37
1015.33
1000.67
986.393
972.477
958.913
945.693
932.807
920.247
908.004
896.073
884.448
873.123
862.093
851.355
840.904
830.736
820.843
811.221
801.862
792.758
783.902
775.286
766.905
758.749
750.809
743.075
735.537
728.182
720.998
713.972
707.09
700.336
693.695
687.151
680.687
674.285
667.928
661.598
655.277
648.946
642.586
636.178
629.701
623.134
616.457
609.648
602.683
595.541
588.199
580.633
572.822
564.745
556.381
547.712
538.721
529.395
519.725
509.703
499.33
488.607
477.545
466.16
454.472
442.512
430.313
417.917
405.372
392.732
380.055
367.405
354.85
342.46
330.307
318.466
307.009
296.01
285.539
275.666
266.457
257.976
250.286
243.444
237.509
232.533
228.569
225.66
223.841
223.133
223.535
225.017
227.513
230.915
235.069
239.783
244.834
249.987
255.011
259.697
263.874
267.411
270.223
272.264
273.526
274.029
273.961
263.249
433.402
629.057
836.751
1044.42
1242.31
1423.53
1583.79
1720.83
1833.98
1923.69
1991.19
2038.29
2067.24
2080.55
2080.69
2070.09
2051.06
2025.7
1995.89
1963.24
1929.12
1894.63
1860.62
1827.71
1796.29
1766.61
1739
1713.42
1689.68
1667.52
1646.65
1626.78
1607.69
1589.16
1571.02
1553.15
1535.44
1517.81
1500.24
1482.7
1465.19
1447.68
1430.19
1412.72
1395.28
1377.9
1360.58
1343.36
1326.26
1309.28
1292.45
1275.77
1259.24
1242.86
1226.63
1210.56
1194.64
1178.88
1163.28
1147.83
1132.55
1117.45
1102.51
1087.76
1073.2
1058.82
1044.64
1030.65
1016.86
1003.28
989.892
976.714
963.743
950.981
938.429
926.087
913.955
902.032
890.317
878.807
867.5
856.395
845.49
834.783
824.273
813.958
803.837
793.909
784.174
774.631
765.279
756.116
747.14
738.347
729.735
721.298
713.033
704.934
696.995
689.21
681.57
674.066
666.69
659.429
652.274
645.21
638.225
631.305
624.434
617.598
610.78
603.965
597.135
590.272
583.36
576.38
569.313
562.14
554.842
547.399
539.792
532.001
524.006
515.789
507.332
498.618
489.632
480.361
470.796
460.929
450.757
440.281
429.506
418.445
407.113
395.533
383.735
371.751
359.621
347.39
335.107
322.826
310.604
298.502
286.581
274.903
263.531
252.526
241.948
231.855
222.3
213.333
205.002
197.352
190.425
184.264
178.91
174.406
170.797
168.131
166.455
165.814
166.247
167.782
170.421
174.136
178.852
184.443
190.73
197.483
204.444
211.343
217.923
223.964
229.289
233.778
237.366
240.036
241.954
253.277
268.774
286.913
307.866
331.52
357.486
385.179
413.908
442.945
471.593
499.234
525.362
549.598
571.691
591.513
609.04
624.452
638.197
650.29
660.805
669.862
677.61
684.22
689.87
694.734
698.984
702.78
706.269
709.584
712.842
716.138
719.545
723.115
726.88
730.855
735.04
739.422
743.976
748.672
753.664
758.964
764.468
770.077
775.701
781.256
786.663
791.852
796.758
801.324
805.503
809.254
812.545
815.349
817.647
819.428
820.683
821.41
821.614
821.302
820.485
819.179
817.412
815.21
812.601
809.609
806.258
802.573
798.574
794.284
789.723
784.912
779.868
774.609
769.153
763.515
757.713
751.76
745.671
739.46
733.14
726.725
720.226
713.654
707.021
700.338
693.615
686.862
680.089
673.305
666.518
659.737
652.97
646.224
639.503
632.814
626.16
619.543
612.967
606.431
599.938
593.484
587.069
580.689
574.341
568.018
561.716
555.425
549.139
542.848
536.542
530.21
523.84
517.422
510.942
504.387
497.744
490.998
484.135
477.141
470.001
462.699
455.221
447.553
439.68
431.59
423.271
414.712
405.905
396.845
387.529
377.956
368.131
358.062
347.761
337.247
326.544
315.68
304.686
293.599
282.46
271.312
260.201
249.178
238.293
227.596
217.141
206.976
197.149
187.706
178.693
170.145
162.098
154.581
147.62
141.239
135.46
130.305
125.797
121.96
118.825
116.427
114.809
114.016
114.104
115.13
117.15
120.208
124.328
129.494
135.635
142.619
150.247
158.264
166.382
174.308
181.773
188.552
194.48
199.462
203.593
86.6903
89.4286
92.5345
96.0542
100.023
104.456
109.342
114.649
120.322
126.29
132.472
138.781
145.131
151.443
157.643
163.672
169.484
175.054
180.364
185.402
190.165
194.655
198.884
202.867
206.627
210.189
213.582
216.835
219.981
223.053
226.084
229.106
232.153
235.256
238.445
241.749
245.194
248.804
252.601
256.61
260.853
265.347
270.105
275.133
280.436
286.012
291.856
297.961
304.312
310.895
317.69
324.673
331.821
339.104
346.493
353.955
361.457
368.963
376.437
383.843
391.148
398.415
405.605
412.667
419.554
426.224
432.638
438.763
444.571
450.037
455.14
459.865
464.198
468.132
471.662
474.784
477.502
479.818
481.74
483.275
484.434
485.228
485.672
485.777
485.56
485.034
484.219
483.131
481.788
480.205
478.395
476.372
474.149
471.737
469.149
466.393
463.481
460.42
457.22
453.887
450.428
446.847
443.15
439.339
435.417
431.384
427.242
422.988
418.622
414.139
409.538
404.814
399.961
394.974
389.848
384.575
379.148
373.561
367.805
361.874
355.758
349.451
342.946
336.236
329.316
322.182
314.831
307.263
299.479
291.483
283.283
274.888
266.314
257.577
248.701
239.717
230.652
221.538
212.408
203.297
194.242
185.284
176.462
167.814
159.381
151.198
143.302
135.723
128.491
121.64
115.185
109.139
103.514
98.3198
93.563
89.25
85.3866
81.979
79.0355
76.5692
74.6027
73.1609
72.2738
71.9827
72.3413
73.4149
75.2783
78.0097
81.6821
86.3483
92.0149
98.626
106.052
114.088
122.47
130.9
139.078
146.735
153.666
159.843
44.6877
45.4157
46.2007
47.0532
47.9834
48.9994
50.1065
51.3064
52.5971
53.9728
55.4242
56.9397
58.5053
60.1062
61.7267
63.3518
64.9674
66.5611
68.1221
69.6416
71.1123
72.5288
73.8874
75.186
76.424
77.6023
78.723
79.7895
80.8058
81.7772
82.7096
83.6094
84.484
85.3409
86.1882
87.0342
87.8876
88.7572
89.6519
90.5811
91.5542
92.581
93.6709
94.8335
96.0782
97.4145
98.8513
100.398
102.062
103.852
105.777
107.844
110.06
112.431
114.964
117.663
120.533
123.577
126.798
130.196
133.771
137.524
141.455
145.561
149.836
154.271
158.856
163.578
168.423
173.374
178.413
183.521
188.677
193.859
199.044
204.21
209.333
214.389
219.356
224.212
228.936
233.508
237.909
242.122
246.133
249.928
253.525
256.918
260.091
263.033
265.733
268.186
270.387
272.334
274.025
275.463
276.648
277.584
278.274
278.723
278.934
278.913
278.664
278.191
277.498
276.59
275.469
274.14
272.603
270.861
268.916
266.77
264.422
261.874
259.125
256.176
253.027
249.676
246.124
242.37
238.413
234.254
229.892
225.329
220.565
215.605
210.452
205.111
199.59
193.898
188.047
182.05
175.923
169.686
163.366
157.001
150.607
144.206
137.822
131.481
125.211
119.039
112.994
107.102
101.388
95.8755
90.5857
85.5368
80.7439
76.2202
71.9748
68.0136
64.3398
60.9543
57.8566
55.0449
52.5169
50.2705
48.3047
46.6207
45.2232
44.1209
43.3279
42.8656
42.7649
43.0684
43.8325
45.1283
47.0432
49.6864
53.1463
57.4923
62.7538
68.8987
75.8184
83.3283
91.1782
99.082
106.764
114.074
30.1288
30.384
30.6502
30.9301
31.2261
31.5408
31.8763
32.2344
32.6158
33.0209
33.4489
33.8985
34.3673
34.8525
35.3509
35.8588
36.3722
36.8874
37.4006
37.9084
38.4075
38.895
39.3686
39.826
40.2656
40.6861
41.0867
41.4669
41.8264
42.1656
42.4848
42.785
43.0671
43.3324
43.5826
43.8193
44.0445
44.26
44.4681
44.6711
44.8714
45.0714
45.2737
45.4811
45.6961
45.9215
46.1602
46.415
46.6887
46.9843
47.3047
47.6528
48.0316
48.4443
48.8938
49.3834
49.9162
50.4954
51.1244
51.8063
52.5447
53.3429
54.2046
55.1332
56.1323
57.2052
58.3551
59.5849
60.8974
62.2951
63.7797
65.353
67.016
68.7692
70.6123
72.5445
74.5642
76.6688
78.8551
81.1188
83.4549
85.8572
88.319
90.8323
93.3887
95.9787
98.5937
101.224
103.86
106.49
109.102
111.684
114.225
116.712
119.134
121.478
123.735
125.892
127.941
129.872
131.676
133.345
134.872
136.251
137.475
138.54
139.44
140.171
140.729
141.113
141.318
141.343
141.186
140.846
140.322
139.613
138.72
137.642
136.381
134.937
133.312
131.507
129.527
127.372
125.049
122.561
119.914
117.115
114.172
111.094
107.893
104.579
101.166
97.669
94.1052
90.493
86.8508
83.197
79.5502
75.9289
72.3514
68.8357
65.3988
62.0566
58.8236
55.7128
52.7352
49.9
47.2145
44.6838
42.3115
40.0992
38.0471
36.154
34.4178
32.8358
31.4048
30.1217
28.9837
27.9892
27.1376
26.4305
25.872
25.4697
25.2361
25.19
25.3584
25.7791
26.5031
27.5977
29.1442
31.2348
33.9649
37.418
41.6464
46.6564
52.3756
58.6491
65.2699
72.0667
23.3728
23.4777
23.5841
23.6927
23.8046
23.9204
24.0412
24.1676
24.3004
24.4401
24.587
24.741
24.9021
25.0697
25.2433
25.4219
25.6046
25.7902
25.9775
26.1654
26.3524
26.5375
26.7195
26.8974
27.0701
27.2368
27.3968
27.5495
27.6942
27.8308
27.9588
28.078
28.1886
28.2904
28.3837
28.4686
28.5456
28.615
28.6772
28.7329
28.7826
28.827
28.8667
28.9024
28.9351
28.9654
28.9942
29.0224
29.0508
29.0804
29.112
29.1465
29.185
29.2283
29.2773
29.3331
29.3966
29.4688
29.5507
29.6433
29.7476
29.8647
29.9956
30.1414
30.3032
30.4822
30.6794
30.896
31.1331
31.3919
31.6734
31.9789
32.3093
32.6657
33.0493
33.4608
33.9014
34.3718
34.8728
35.4052
35.9696
36.5664
37.196
37.8585
38.5539
39.282
40.0425
40.8347
41.6577
42.5103
43.3911
44.2981
45.229
46.1813
47.1519
48.1374
49.1341
50.1377
51.144
52.1479
53.1446
54.1287
55.0945
56.0365
56.9487
57.8252
58.6599
59.4468
60.1799
60.8535
61.4617
61.9991
62.4605
62.8409
63.1358
63.3409
63.4526
63.4675
63.383
63.1966
62.9069
62.5126
62.0132
61.4091
60.701
59.8907
58.9804
57.9734
56.8736
55.6861
54.4164
53.071
51.6575
50.1837
48.6585
47.0914
45.4923
43.8712
42.2384
40.604
38.9778
37.3693
35.7876
34.2408
32.7365
31.2814
29.8811
28.5405
27.2634
26.0526
24.9101
23.8373
22.8345
21.9017
21.0383
20.2432
19.5155
18.8537
18.2567
17.7235
17.2535
16.8468
16.5044
16.2286
16.0233
15.895
15.8533
15.9125
16.0929
16.4229
16.9413
17.6988
18.7596
20.1997
22.1018
24.5449
27.5852
31.2372
35.4611
40.2039
19.5623
19.6097
19.6553
19.6998
19.7438
19.7876
19.8319
19.8771
19.9237
19.9718
20.022
20.0742
20.1287
20.1855
20.2445
20.3057
20.3688
20.4336
20.4997
20.5667
20.6343
20.7019
20.7692
20.8356
20.9007
20.9641
21.0254
21.0841
21.1401
21.1928
21.2421
21.2876
21.3293
21.367
21.4004
21.4297
21.4547
21.4754
21.492
21.5044
21.5128
21.5173
21.5181
21.5154
21.5095
21.5004
21.4886
21.4743
21.4578
21.4394
21.4193
21.3981
21.3758
21.353
21.33
21.3071
21.2846
21.263
21.2426
21.2237
21.2067
21.192
21.1799
21.1709
21.1652
21.1633
21.1655
21.1722
21.1838
21.2006
21.2229
21.2512
21.2858
21.327
21.3752
21.4306
21.4937
21.5647
21.6439
21.7316
21.828
21.9335
22.0482
22.1723
22.3061
22.4497
22.6033
22.7668
22.9404
23.1241
23.3179
23.5216
23.7351
23.9582
24.1904
24.4314
24.6807
24.9377
25.2015
25.4715
25.7465
26.0255
26.3073
26.5905
26.8735
27.1548
27.4326
27.705
27.9699
28.2252
28.4688
28.6982
28.9111
29.1051
29.2777
29.4266
29.5492
29.6434
29.7068
29.7374
29.7331
29.6923
29.6133
29.4949
29.3361
29.1362
28.895
28.6124
28.2889
27.9254
27.5232
27.084
26.6099
26.1034
25.5674
25.0051
24.4201
23.816
23.1969
22.5666
21.9293
21.289
20.6494
20.0145
19.3876
18.7722
18.1711
17.5872
17.0226
16.4794
15.9593
15.4636
14.9933
14.5491
14.1315
13.7407
13.3769
13.0399
12.7296
12.4459
12.1887
11.9582
11.7545
11.5784
11.4312
11.3148
11.2322
11.1882
11.1894
11.2454
11.3701
11.5825
11.9086
12.383
13.0496
13.9615
15.1774
16.7545
18.7368
21.1709
17.5047
17.5276
17.5486
17.5678
17.5853
17.6012
17.6161
17.6303
17.6443
17.6581
17.6721
17.6864
17.7011
17.7164
17.7323
17.749
17.7663
17.7842
17.8028
17.8217
17.841
17.8603
17.8796
17.8987
17.9172
17.9351
17.9521
17.968
17.9827
17.9958
18.0073
18.0169
18.0246
18.0301
18.0334
18.0344
18.033
18.0291
18.0227
18.0138
18.0024
17.9885
17.9721
17.9533
17.9321
17.9086
17.8829
17.8551
17.8253
17.7936
17.7602
17.7252
17.6887
17.6509
17.6119
17.5719
17.5311
17.4896
17.4476
17.4052
17.3626
17.32
17.2776
17.2354
17.1938
17.1528
17.1126
17.0734
17.0353
16.9985
16.9632
16.9294
16.8974
16.8673
16.8392
16.8132
16.7895
16.7681
16.7493
16.733
16.7194
16.7086
16.7007
16.6956
16.6935
16.6945
16.6985
16.7057
16.7159
16.7293
16.7458
16.7653
16.788
16.8136
16.8421
16.8735
16.9075
16.944
16.9829
17.0239
17.0668
17.1113
17.157
17.2037
17.2508
17.2981
17.3449
17.3908
17.4352
17.4775
17.5171
17.5533
17.5854
17.6126
17.6341
17.6493
17.6572
17.657
17.6481
17.6294
17.6004
17.5601
17.508
17.4433
17.3655
17.274
17.1685
17.0485
16.914
16.7648
16.6011
16.4229
16.2307
16.0249
15.8063
15.5757
15.334
15.0823
14.8218
14.5539
14.2801
14.0016
13.7202
13.4372
13.1543
12.8729
12.5944
12.3203
12.0516
11.7896
11.5353
11.2894
11.0529
10.8261
10.6097
10.4039
10.209
10.0251
9.85236
9.69072
9.54021
9.40086
9.27272
9.15595
9.05086
8.95798
8.87816
8.81271
8.76361
8.73375
8.72727
8.75011
8.81051
8.91985
9.09343
9.35129
9.71864
10.2256
10.905
11.8021
16.135
16.1462
16.1557
16.1634
16.1693
16.1733
16.1756
16.1764
16.1759
16.1742
16.1716
16.1682
16.1641
16.1597
16.1549
16.1501
16.1451
16.1401
16.1351
16.1301
16.125
16.1198
16.1146
16.1091
16.1033
16.0971
16.0905
16.0833
16.0754
16.0667
16.0571
16.0466
16.035
16.0222
16.0082
15.9928
15.976
15.9578
15.938
15.9167
15.8938
15.8693
15.8432
15.8155
15.7861
15.7552
15.7226
15.6885
15.6529
15.6159
15.5774
15.5375
15.4964
15.454
15.4105
15.3658
15.3201
15.2735
15.2261
15.1778
15.1289
15.0794
15.0293
14.9789
14.928
14.877
14.8257
14.7744
14.7231
14.6718
14.6208
14.5699
14.5194
14.4693
14.4197
14.3705
14.322
14.2742
14.227
14.1807
14.1352
14.0905
14.0468
14.004
13.9622
13.9215
13.8818
13.8431
13.8056
13.7691
13.7338
13.6996
13.6665
13.6345
13.6035
13.5737
13.5448
13.5168
13.4898
13.4636
13.4381
13.4133
13.3889
13.365
13.3414
13.3178
13.2942
13.2704
13.2461
13.2212
13.1954
13.1685
13.1403
13.1105
13.0787
13.0448
13.0084
12.9693
12.927
12.8814
12.8321
12.7788
12.7212
12.659
12.5921
12.52
12.4427
12.36
12.2716
12.1775
12.0776
11.9719
11.8605
11.7435
11.6211
11.4935
11.361
11.224
11.083
10.9385
10.7911
10.6413
10.4899
10.3375
10.1847
10.0323
9.88082
9.73101
9.58343
9.4386
9.29703
9.15912
9.02524
8.89568
8.77065
8.65033
8.5348
8.42411
8.31828
8.21726
8.12101
8.02947
7.94257
7.86027
7.78259
7.70959
7.64147
7.57854
7.52137
7.47078
7.42806
7.39503
7.37428
7.36944
7.38543
7.42887
7.50842
7.63528
7.82285
8.09248
15.0385
15.0399
15.0402
15.0394
15.0373
15.0339
15.0291
15.023
15.0156
15.0068
14.9967
14.9855
14.9732
14.9599
14.9456
14.9306
14.9148
14.8984
14.8814
14.8639
14.8459
14.8275
14.8087
14.7895
14.77
14.7501
14.7298
14.7091
14.6879
14.6663
14.6442
14.6216
14.5984
14.5745
14.5499
14.5245
14.4984
14.4713
14.4434
14.4146
14.3848
14.354
14.3223
14.2895
14.2557
14.2208
14.1849
14.1479
14.1099
14.0708
14.0307
13.9897
13.9476
13.9045
13.8606
13.8157
13.7699
13.7233
13.6759
13.6277
13.5789
13.5293
13.4791
13.4283
13.3769
13.3251
13.2728
13.2201
13.167
13.1137
13.06
13.0061
12.9521
12.8979
12.8436
12.7893
12.7349
12.6806
12.6263
12.5722
12.5182
12.4643
12.4107
12.3573
12.3042
12.2514
12.1989
12.1468
12.0951
12.0438
11.9929
11.9425
11.8926
11.8432
11.7943
11.7459
11.698
11.6506
11.6036
11.557
11.5108
11.465
11.4195
11.3743
11.3293
11.2844
11.2396
11.1948
11.1499
11.1049
11.0595
11.0138
10.9676
10.9208
10.8733
10.8249
10.7755
10.7251
10.6734
10.6203
10.5657
10.5095
10.4516
10.3918
10.33
10.2661
10.2
10.1317
10.061
9.98806
9.9127
9.83498
9.75493
9.67261
9.58813
9.5016
9.41319
9.32308
9.23149
9.13867
9.04489
8.95043
8.85559
8.76067
8.66599
8.57184
8.47852
8.38631
8.29545
8.20617
8.11866
8.03309
7.94957
7.8682
7.78903
7.71208
7.63733
7.56473
7.49421
7.42568
7.35903
7.29415
7.23092
7.16922
7.10896
7.05007
6.99254
6.93639
6.88177
6.82892
6.77827
6.73046
6.68645
6.64761
6.61584
6.59371
6.58468
6.59335
6.62505
6.69034
14.2081
14.1991
14.1896
14.1794
14.1686
14.157
14.1447
14.1315
14.1175
14.1027
14.0869
14.0703
14.0528
14.0344
14.0152
13.9951
13.9742
13.9525
13.93
13.9068
13.8829
13.8584
13.8332
13.8073
13.781
13.7541
13.7266
13.6987
13.6702
13.6412
13.6118
13.582
13.5518
13.5211
13.4899
13.4582
13.426
13.3933
13.3601
13.3263
13.292
13.2571
13.2216
13.1855
13.1487
13.1113
13.0733
13.0345
12.9951
12.955
12.9142
12.8727
12.8305
12.7877
12.7441
12.6999
12.6551
12.6096
12.5634
12.5167
12.4693
12.4214
12.3729
12.3239
12.2743
12.2243
12.1738
12.1228
12.0714
12.0197
11.9675
11.915
11.8621
11.809
11.7556
11.7019
11.648
11.5939
11.5396
11.4852
11.4306
11.376
11.3213
11.2665
11.2117
11.157
11.1023
11.0478
10.9933
10.9391
10.885
10.8312
10.7777
10.7243
10.6713
10.6185
10.566
10.5137
10.4617
10.4099
10.3583
10.307
10.2558
10.2049
10.154
10.1033
10.0527
10.0022
9.95164
9.90109
9.85049
9.79978
9.74893
9.69787
9.64656
9.59495
9.54299
9.49061
9.43777
9.38441
9.33049
9.27595
9.22076
9.16486
9.10822
9.05082
8.99263
8.93362
8.8738
8.81318
8.75175
8.68956
8.62664
8.56305
8.49886
8.43414
8.369
8.30354
8.23787
8.17213
8.10645
8.04096
7.97581
7.91114
7.84707
7.78374
7.72127
7.65974
7.59925
7.53987
7.48164
7.42458
7.3687
7.31398
7.26037
7.2078
7.15619
7.10543
7.0554
7.00596
6.95697
6.90827
6.85971
6.81114
6.76244
6.71346
6.66414
6.6144
6.56424
6.51374
6.46305
6.41247
6.36247
6.31376
6.2674
6.22487
6.18813
6.15956
6.14155
6.13769
13.6291
13.6096
13.5899
13.5699
13.5496
13.529
13.5081
13.4867
13.465
13.4428
13.4201
13.397
13.3733
13.3491
13.3244
13.2992
13.2734
13.2471
13.2202
13.1927
13.1648
13.1363
13.1072
13.0777
13.0476
13.017
12.986
12.9543
12.9222
12.8896
12.8564
12.8228
12.7888
12.7543
12.7194
12.684
12.6483
12.6121
12.5756
12.5386
12.5013
12.4635
12.4254
12.3868
12.3479
12.3085
12.2687
12.2285
12.1879
12.1468
12.1053
12.0633
12.0209
11.9781
11.9348
11.8911
11.8469
11.8022
11.7572
11.7116
11.6657
11.6193
11.5725
11.5253
11.4777
11.4297
11.3813
11.3325
11.2833
11.2338
11.184
11.1338
11.0833
11.0325
10.9814
10.93
10.8784
10.8265
10.7744
10.7221
10.6696
10.6169
10.564
10.511
10.458
10.4049
10.3518
10.2987
10.2457
10.1928
10.1399
10.0871
10.0344
9.98185
9.92936
9.87699
9.82474
9.77262
9.72063
9.66878
9.61705
9.56546
9.51401
9.46268
9.41148
9.36039
9.30942
9.25855
9.20778
9.15708
9.10646
9.05589
9.00537
8.95487
8.90439
8.8539
8.8034
8.75287
8.7023
8.65167
8.60098
8.55021
8.49935
8.44842
8.3974
8.3463
8.29513
8.2439
8.19262
8.14133
8.09004
8.0388
7.98764
7.93661
7.88577
7.83516
7.78485
7.73491
7.68539
7.63638
7.58793
7.54012
7.493
7.44663
7.40107
7.35635
7.31249
7.26953
7.22746
7.18628
7.14594
7.10641
7.06763
7.02951
6.99195
6.95484
6.91806
6.88145
6.84485
6.80811
6.77105
6.73348
6.69524
6.65616
6.61606
6.57481
6.53229
6.48841
6.44312
6.39643
6.34844
6.29934
6.24947
6.19937
6.14987
6.10216
6.05776
6.01828
5.98515
5.95965
13.2667
13.2377
13.2087
13.1796
13.1504
13.1211
13.0917
13.0622
13.0325
13.0027
12.9726
12.9424
12.9119
12.8812
12.8502
12.819
12.7874
12.7556
12.7235
12.6911
12.6584
12.6254
12.592
12.5583
12.5243
12.4899
12.4552
12.4202
12.3849
12.3492
12.3132
12.2768
12.2401
12.2031
12.1657
12.128
12.09
12.0517
12.013
11.9739
11.9346
11.8949
11.8549
11.8147
11.7741
11.7332
11.6921
11.6506
11.6089
11.5669
11.5246
11.482
11.4392
11.3961
11.3526
11.3089
11.265
11.2207
11.1761
11.1313
11.0862
11.0408
10.9951
10.9491
10.9029
10.8563
10.8096
10.7625
10.7152
10.6676
10.6197
10.5717
10.5233
10.4748
10.426
10.377
10.3277
10.2783
10.2287
10.1789
10.129
10.0789
10.0287
9.97833
9.9279
9.87738
9.82682
9.77622
9.7256
9.67497
9.62436
9.57378
9.52323
9.47272
9.42228
9.3719
9.3216
9.27139
9.22128
9.17127
9.12137
9.0716
9.02196
8.97246
8.92309
8.87388
8.82482
8.77591
8.72717
8.6786
8.6302
8.58197
8.53393
8.48607
8.4384
8.39092
8.34364
8.29657
8.2497
8.20306
8.15666
8.11049
8.06458
8.01894
7.9736
7.92856
7.88385
7.8395
7.79554
7.75198
7.70888
7.66627
7.62417
7.58264
7.5417
7.50142
7.46182
7.42296
7.38486
7.34757
7.31113
7.27555
7.24088
7.20711
7.17427
7.14235
7.11133
7.0812
7.0519
7.0234
6.99563
6.96849
6.9419
6.91573
6.88986
6.86415
6.83842
6.81252
6.78625
6.75942
6.73184
6.70332
6.67364
6.64263
6.6101
6.5759
6.5399
6.502
6.46217
6.42041
6.37685
6.33168
6.28531
6.23834
6.19168
6.14659
6.10463
6.06744
6.03656
6.01279
13.0676
13.0313
12.9951
12.9589
12.9226
12.8863
12.85
12.8136
12.7772
12.7407
12.7041
12.6675
12.6308
12.594
12.5571
12.52
12.4829
12.4456
12.4082
12.3706
12.3329
12.2951
12.2571
12.2189
12.1806
12.1421
12.1034
12.0645
12.0255
11.9862
11.9468
11.9072
11.8674
11.8274
11.7873
11.7469
11.7064
11.6656
11.6247
11.5835
11.5422
11.5007
11.459
11.4171
11.375
11.3327
11.2903
11.2476
11.2048
11.1618
11.1187
11.0753
11.0318
10.9881
10.9443
10.9002
10.8561
10.8117
10.7672
10.7225
10.6776
10.6326
10.5875
10.5421
10.4966
10.451
10.4051
10.3591
10.313
10.2667
10.2203
10.1737
10.1269
10.08
10.033
9.98584
9.93855
9.89113
9.84361
9.79597
9.74823
9.70041
9.6525
9.60452
9.55648
9.5084
9.46028
9.41214
9.364
9.31586
9.26773
9.21964
9.1716
9.1236
9.07568
9.02784
8.98009
8.93244
8.88491
8.83751
8.79024
8.74313
8.69618
8.6494
8.60281
8.55642
8.51024
8.46428
8.41856
8.37308
8.32787
8.28293
8.23828
8.19393
8.14989
8.10619
8.06284
8.01985
7.97725
7.93506
7.89329
7.85197
7.81112
7.77076
7.73094
7.69166
7.65296
7.61488
7.57745
7.5407
7.50466
7.46938
7.43489
7.40123
7.36843
7.33652
7.30555
7.27555
7.24653
7.21854
7.19157
7.16566
7.1408
7.11699
7.09422
7.07246
7.05169
7.03186
7.01291
6.99476
6.97733
6.9605
6.94417
6.9282
6.91242
6.89668
6.88079
6.86455
6.84776
6.8302
6.81165
6.79189
6.7707
6.74788
6.72325
6.69663
6.66791
6.63702
6.60394
6.56876
6.53168
6.49306
6.45349
6.41382
6.37528
6.33939
6.30796
6.28296
6.26641
6.25938
12.9722
12.9314
12.8906
12.8498
12.8089
12.768
12.727
12.6859
12.6448
12.6037
12.5624
12.5212
12.4798
12.4384
12.3969
12.3554
12.3138
12.2721
12.2304
12.1886
12.1467
12.1047
12.0626
12.0205
11.9783
11.936
11.8937
11.8512
11.8087
11.7661
11.7234
11.6806
11.6377
11.5947
11.5517
11.5086
11.4654
11.4221
11.3787
11.3353
11.2917
11.2481
11.2044
11.1607
11.1168
11.0729
11.0289
10.9848
10.9406
10.8964
10.8521
10.8077
10.7633
10.7188
10.6742
10.6296
10.5849
10.5401
10.4952
10.4503
10.4054
10.3603
10.3152
10.27
10.2248
10.1795
10.1341
10.0887
10.0432
9.99771
9.95211
9.90646
9.86076
9.815
9.7692
9.72335
9.67747
9.63154
9.58559
9.53962
9.49362
9.44762
9.40161
9.35561
9.30961
9.26364
9.2177
9.1718
9.12596
9.08017
9.03446
8.98883
8.94329
8.89786
8.85255
8.80737
8.76233
8.71745
8.67273
8.6282
8.58385
8.53972
8.4958
8.45212
8.40869
8.36552
8.32263
8.28004
8.23776
8.19581
8.1542
8.11297
8.07212
8.03167
7.99165
7.95208
7.91298
7.87437
7.83628
7.79874
7.76177
7.7254
7.68967
7.6546
7.62022
7.58658
7.5537
7.52163
7.49039
7.46004
7.4306
7.40212
7.37463
7.34817
7.32278
7.29849
7.27534
7.25335
7.23256
7.21297
7.1946
7.17747
7.16157
7.14689
7.13342
7.12112
7.10995
7.09986
7.09078
7.08263
7.0753
7.06867
7.06261
7.05697
7.05157
7.04623
7.04073
7.03487
7.0284
7.02109
7.01269
7.00296
6.99167
6.97859
6.96354
6.94636
6.92697
6.90535
6.88159
6.85591
6.82871
6.80062
6.77255
6.74574
6.72182
6.70275
6.69089
6.68895
6.70013
6.7265
12.9308
12.8878
12.8447
12.8015
12.7582
12.7148
12.6713
12.6277
12.584
12.5403
12.4964
12.4524
12.4084
12.3643
12.3201
12.2758
12.2314
12.187
12.1425
12.0979
12.0533
12.0086
11.9638
11.919
11.8741
11.8292
11.7843
11.7393
11.6942
11.6491
11.604
11.5589
11.5137
11.4685
11.4233
11.378
11.3328
11.2875
11.2422
11.1969
11.1516
11.1063
11.0609
11.0156
10.9703
10.925
10.8797
10.8344
10.7891
10.7438
10.6985
10.6533
10.608
10.5628
10.5175
10.4723
10.4271
10.3819
10.3368
10.2916
10.2465
10.2014
10.1563
10.1112
10.0661
10.0211
9.97606
9.93107
9.8861
9.84116
9.79624
9.75136
9.7065
9.66169
9.61691
9.57218
9.52749
9.48286
9.43828
9.39377
9.34933
9.30496
9.26068
9.21648
9.17239
9.12839
9.08452
9.04077
8.99714
8.95367
8.91034
8.86717
8.82418
8.78137
8.73875
8.69634
8.65414
8.61217
8.57045
8.52898
8.48778
8.44686
8.40624
8.36594
8.32596
8.28633
8.24706
8.20818
8.16969
8.13163
8.094
8.05684
8.02017
7.984
7.94837
7.91329
7.87881
7.84494
7.81171
7.77916
7.74732
7.71622
7.68591
7.6564
7.62776
7.6
7.57319
7.54735
7.52253
7.49878
7.47613
7.45464
7.43435
7.4153
7.39753
7.38108
7.366
7.35231
7.34004
7.32922
7.31988
7.31201
7.30563
7.30073
7.29729
7.2953
7.29469
7.29544
7.29745
7.30064
7.30491
7.31013
7.31616
7.32281
7.32992
7.33726
7.34461
7.35172
7.35834
7.36419
7.36902
7.37254
7.37453
7.37476
7.37307
7.36936
7.36362
7.35597
7.34667
7.3362
7.32528
7.31493
7.30653
7.30186
7.30316
7.31327
7.33567
7.37479
7.43628
7.52483
12.913
12.8691
12.8251
12.781
12.7367
12.6923
12.6479
12.6033
12.5585
12.5137
12.4688
12.4237
12.3786
12.3334
12.2881
12.2427
12.1972
12.1516
12.106
12.0603
12.0146
11.9687
11.9229
11.877
11.831
11.7851
11.7391
11.6931
11.647
11.601
11.5549
11.5089
11.4628
11.4168
11.3707
11.3247
11.2787
11.2328
11.1868
11.1409
11.0951
11.0493
11.0035
10.9578
10.9121
10.8665
10.8209
10.7754
10.7299
10.6845
10.6392
10.5939
10.5487
10.5036
10.4586
10.4136
10.3686
10.3238
10.279
10.2343
10.1897
10.1451
10.1007
10.0563
10.012
9.96775
9.92362
9.87957
9.83561
9.79175
9.74799
9.70433
9.66078
9.61734
9.57401
9.5308
9.48773
9.44478
9.40198
9.35932
9.31681
9.27447
9.23229
9.19029
9.14848
9.10686
9.06545
9.02424
8.98326
8.94251
8.902
8.86174
8.82173
8.78201
8.74256
8.70341
8.66456
8.62604
8.58784
8.55
8.51251
8.47539
8.43867
8.40235
8.36645
8.331
8.29601
8.26149
8.22748
8.19399
8.16105
8.12867
8.0969
8.06574
8.03524
8.00542
7.97631
7.94795
7.92037
7.89361
7.8677
7.8427
7.81863
7.79555
7.7735
7.75253
7.73269
7.71402
7.6966
7.68046
7.66566
7.65226
7.64032
7.62989
7.62103
7.61379
7.60822
7.60437
7.60229
7.60202
7.60359
7.60704
7.61238
7.61962
7.62877
7.63981
7.65272
7.66744
7.68393
7.70209
7.72183
7.74301
7.76549
7.78908
7.8136
7.8388
7.86444
7.89025
7.91596
7.94127
7.96592
7.98963
8.01218
8.0334
8.05322
8.07165
8.08886
8.10521
8.12127
8.13792
8.15633
8.17813
8.20538
8.2408
8.28787
8.35115
8.43669
8.55254
8.70963
8.91886
12.9077
12.8638
12.8198
12.7757
12.7315
12.6872
12.6428
12.5983
12.5537
12.5091
12.4644
12.4197
12.3749
12.33
12.2851
12.2401
12.1951
12.1501
12.105
12.06
12.0149
11.9698
11.9247
11.8796
11.8345
11.7894
11.7443
11.6993
11.6543
11.6093
11.5644
11.5195
11.4746
11.4298
11.3851
11.3404
11.2957
11.2512
11.2067
11.1622
11.1178
11.0735
11.0293
10.9852
10.9411
10.8971
10.8532
10.8094
10.7656
10.722
10.6784
10.6349
10.5915
10.5482
10.505
10.4619
10.4189
10.376
10.3332
10.2904
10.2478
10.2054
10.163
10.1207
10.0786
10.0366
9.99474
9.95301
9.91142
9.86999
9.82871
9.7876
9.74665
9.70588
9.6653
9.62491
9.58472
9.54475
9.50499
9.46545
9.42616
9.38711
9.34831
9.30977
9.27151
9.23354
9.19585
9.15847
9.1214
9.08465
9.04824
9.01217
8.97646
8.94112
8.90615
8.87158
8.83741
8.80366
8.77034
8.73746
8.70505
8.67311
8.64166
8.61073
8.58032
8.55046
8.52118
8.49248
8.4644
8.43697
8.4102
8.38413
8.35878
8.33419
8.3104
8.28744
8.26534
8.24416
8.22393
8.20469
8.18651
8.16943
8.1535
8.13878
8.12534
8.11324
8.10254
8.09331
8.08564
8.07958
8.07522
8.07264
8.07193
8.07316
8.07642
8.08179
8.08936
8.09922
8.11144
8.12611
8.1433
8.16307
8.18549
8.21062
8.23849
8.26913
8.30256
8.33876
8.37772
8.41939
8.46368
8.51049
8.5597
8.61115
8.66463
8.71994
8.77683
8.83506
8.89434
8.95443
9.01509
9.07612
9.1374
9.19889
9.2607
9.32307
9.3865
9.4517
9.51976
9.59214
9.6708
9.75835
9.85823
9.97499
10.1147
10.2858
10.4996
10.7722
11.1259
11.5858
12.9186
12.8759
12.8332
12.7904
12.7477
12.705
12.6623
12.6195
12.5769
12.5342
12.4916
12.449
12.4064
12.3639
12.3215
12.2791
12.2367
12.1944
12.1522
12.11
12.0679
12.0259
11.9839
11.942
11.9002
11.8584
11.8168
11.7752
11.7336
11.6922
11.6508
11.6096
11.5684
11.5272
11.4862
11.4452
11.4043
11.3635
11.3228
11.2821
11.2415
11.201
11.1606
11.1202
11.0799
11.0398
10.9996
10.9596
10.9197
10.8798
10.84
10.8003
10.7608
10.7213
10.6819
10.6426
10.6035
10.5644
10.5255
10.4868
10.4481
10.4097
10.3714
10.3332
10.2953
10.2575
10.2199
10.1826
10.1454
10.1085
10.0718
10.0354
9.99917
9.96325
9.92761
9.89225
9.85719
9.82244
9.78801
9.75391
9.72014
9.68672
9.65367
9.62098
9.58867
9.55674
9.52522
9.49411
9.46342
9.43317
9.40335
9.37399
9.34509
9.31667
9.28874
9.26131
9.2344
9.20802
9.18218
9.1569
9.1322
9.10809
9.0846
9.06175
9.03955
9.01803
8.99722
8.97714
8.95783
8.93932
8.92164
8.90483
8.88893
8.87398
8.86004
8.84714
8.83536
8.82474
8.81534
8.80724
8.8005
8.79521
8.79144
8.78928
8.78883
8.79018
8.79344
8.79871
8.80612
8.81579
8.82785
8.84243
8.85968
8.87975
8.90279
8.92895
8.95841
8.99133
9.02789
9.06826
9.11261
9.16112
9.21396
9.2713
9.3333
9.40011
9.47186
9.54867
9.63064
9.71784
9.81033
9.90812
10.0112
10.1195
10.2331
10.3517
10.4752
10.6036
10.7367
10.8743
11.0165
11.1631
11.3144
11.4705
11.6319
11.7993
11.9737
12.1565
12.3499
12.5566
12.7801
13.0255
13.2993
13.6104
13.9711
14.3981
14.9154
15.5572
16.3723
17.4179
12.9682
12.9293
12.8904
12.8517
12.8132
12.7748
12.7366
12.6985
12.6606
12.6228
12.5852
12.5477
12.5104
12.4731
12.4361
12.3991
12.3623
12.3256
12.289
12.2525
12.2162
12.1799
12.1437
12.1076
12.0716
12.0357
11.9998
11.964
11.9283
11.8926
11.857
11.8215
11.786
11.7505
11.7151
11.6798
11.6445
11.6092
11.574
11.5388
11.5036
11.4685
11.4335
11.3985
11.3636
11.3287
11.2939
11.2592
11.2246
11.1901
11.1558
11.1215
11.0874
11.0534
11.0196
10.9859
10.9525
10.9192
10.8862
10.8534
10.8208
10.7885
10.7565
10.7247
10.6933
10.6622
10.6313
10.6009
10.5707
10.541
10.5116
10.4826
10.454
10.4258
10.3981
10.3707
10.3438
10.3174
10.2914
10.2659
10.2409
10.2164
10.1923
10.1688
10.1458
10.1233
10.1014
10.08
10.0591
10.0388
10.0191
9.99992
9.98136
9.96339
9.94604
9.92932
9.91323
9.8978
9.88304
9.86897
9.85561
9.84299
9.83112
9.82005
9.80978
9.80037
9.79184
9.78424
9.77761
9.772
9.76746
9.76404
9.76181
9.76084
9.76121
9.76298
9.76625
9.77111
9.77766
9.78602
9.79629
9.80861
9.82312
9.83997
9.8593
9.8813
9.90614
9.93403
9.96518
9.9998
10.0381
10.0805
10.127
10.1781
10.2341
10.2952
10.3619
10.4344
10.5132
10.5986
10.691
10.791
10.8988
11.015
11.1401
11.2743
11.4183
11.5725
11.7372
11.9129
12.1
12.2988
12.5097
12.733
12.9688
13.2174
13.4789
13.7536
14.0415
14.3428
14.6577
14.9865
15.3296
15.6877
16.0619
16.4535
16.8647
17.2981
17.7577
18.2484
18.7772
19.3532
19.9882
20.6987
21.5066
22.4426
23.5504
24.894
26.5674
28.6817
13.1131
13.0822
13.0517
13.0214
12.9913
12.9615
12.9319
12.9025
12.8733
12.8442
12.8153
12.7865
12.7579
12.7293
12.7009
12.6725
12.6442
12.6159
12.5876
12.5594
12.5312
12.503
12.4748
12.4466
12.4183
12.3901
12.3618
12.3334
12.3051
12.2767
12.2482
12.2197
12.1912
12.1627
12.1341
12.1056
12.077
12.0485
12.02
11.9915
11.9631
11.9348
11.9066
11.8785
11.8505
11.8226
11.795
11.7675
11.7402
11.7132
11.6864
11.6599
11.6337
11.6079
11.5824
11.5572
11.5324
11.5081
11.4841
11.4606
11.4376
11.4151
11.3931
11.3716
11.3506
11.3302
11.3103
11.2911
11.2724
11.2544
11.2369
11.2201
11.2039
11.1884
11.1736
11.1594
11.1458
11.133
11.1208
11.1093
11.0985
11.0884
11.079
11.0703
11.0623
11.055
11.0484
11.0425
11.0373
11.0328
11.0291
11.0261
11.0238
11.0223
11.0216
11.0217
11.0225
11.0242
11.0267
11.0301
11.0343
11.0396
11.0457
11.053
11.0613
11.0707
11.0813
11.0932
11.1064
11.121
11.1371
11.1548
11.1743
11.1956
11.2189
11.2443
11.2719
11.302
11.3348
11.3704
11.409
11.451
11.4965
11.5458
11.5992
11.6572
11.7199
11.7879
11.8615
11.9412
12.0274
12.1208
12.2218
12.331
12.4491
12.5769
12.7149
12.8641
13.0253
13.1993
13.3871
13.5896
13.8079
14.0431
14.2961
14.5681
14.8603
15.1736
15.5093
15.8684
16.252
16.6609
17.0962
17.5586
18.0488
18.5675
19.1151
19.6923
20.2994
20.9367
21.6049
22.3044
23.0362
23.8014
24.6017
25.4395
26.318
27.2416
28.2164
29.25
30.3528
31.5378
32.8224
34.2297
35.7906
37.548
39.5637
41.9362
44.8169
48.401
13.4553
13.4378
13.4204
13.4031
13.3859
13.3688
13.3516
13.3344
13.3172
13.2999
13.2825
13.265
13.2474
13.2297
13.2117
13.1936
13.1754
13.1569
13.1382
13.1193
13.1003
13.081
13.0616
13.042
13.0222
13.0023
12.9823
12.9622
12.9419
12.9216
12.9012
12.8809
12.8605
12.8402
12.8199
12.7998
12.7798
12.7599
12.7403
12.7208
12.7017
12.6828
12.6643
12.6462
12.6285
12.6112
12.5944
12.5782
12.5625
12.5473
12.5328
12.519
12.5058
12.4934
12.4817
12.4708
12.4607
12.4515
12.4431
12.4356
12.429
12.4233
12.4186
12.4148
12.4121
12.4103
12.4096
12.4099
12.4112
12.4135
12.4169
12.4213
12.4268
12.4333
12.4408
12.4494
12.4589
12.4696
12.4812
12.4938
12.5075
12.5221
12.5377
12.5543
12.5719
12.5904
12.6099
12.6303
12.6517
12.6741
12.6974
12.7218
12.7471
12.7734
12.8007
12.8291
12.8586
12.8892
12.921
12.954
12.9883
13.024
13.0611
13.0997
13.14
13.182
13.2258
13.2717
13.3197
13.37
13.4229
13.4784
13.5369
13.5986
13.6637
13.7326
13.8055
13.8828
13.965
14.0523
14.1452
14.2443
14.3501
14.4631
14.584
14.7134
14.8522
15.001
15.1608
15.3326
15.5172
15.7159
15.9298
16.1602
16.4085
16.676
16.9644
17.2754
17.6106
17.9719
18.3611
18.7804
19.2318
19.7173
20.239
20.7992
21.4
22.0433
22.7312
23.4656
24.2482
25.0805
25.9638
26.8994
27.8879
28.9301
30.0263
31.1766
32.3808
33.6389
34.9504
36.315
37.7325
39.2029
40.7265
42.3045
43.9386
45.6314
47.3876
49.2131
51.1158
53.106
55.1989
57.4175
59.7913
62.3618
65.1949
68.4526
72.3398
77.2366
14.1368
14.1355
14.1337
14.1315
14.1289
14.1257
14.1221
14.1179
14.1133
14.1081
14.1025
14.0964
14.0897
14.0827
14.0752
14.0672
14.0589
14.0503
14.0413
14.032
14.0225
14.0128
14.0029
13.9929
13.9829
13.9728
13.9628
13.9528
13.943
13.9335
13.9241
13.9151
13.9064
13.8982
13.8905
13.8833
13.8767
13.8708
13.8656
13.8612
13.8576
13.855
13.8533
13.8526
13.853
13.8546
13.8573
13.8613
13.8666
13.8733
13.8814
13.891
13.902
13.9146
13.9288
13.9446
13.9621
13.9813
14.0023
14.0249
14.0494
14.0756
14.1037
14.1335
14.1652
14.1987
14.2341
14.2712
14.3102
14.3509
14.3934
14.4377
14.4838
14.5315
14.581
14.6322
14.6849
14.7394
14.7954
14.8529
14.9121
14.9727
15.0349
15.0985
15.1636
15.2301
15.2981
15.3676
15.4385
15.5109
15.5848
15.6601
15.7371
15.8156
15.8958
15.9777
16.0615
16.1471
16.2348
16.3246
16.4168
16.5113
16.6086
16.7086
16.8118
16.9183
17.0283
17.1423
17.2606
17.3834
17.5113
17.6447
17.784
17.9298
18.0827
18.2432
18.4121
18.5901
18.7781
18.9768
19.1873
19.4105
19.6476
19.8998
20.1684
20.4548
20.7605
21.0872
21.4366
21.8106
22.2113
22.6407
23.1013
23.5954
24.1256
24.6947
25.3055
25.961
26.6641
27.4181
28.2261
29.0913
30.0169
31.0061
32.0618
33.187
34.3842
35.6557
37.0037
38.4295
39.9343
41.5186
43.1823
44.9245
46.7438
48.6379
50.6038
52.6376
54.7349
56.8904
59.0983
61.3523
63.6456
65.9713
68.3224
70.6925
73.0758
75.4676
77.8683
80.2767
82.6916
85.1137
87.5613
90.0754
92.6648
95.3604
98.2286
101.427
105.21
110.282
15.319
15.3325
15.3449
15.3563
15.3668
15.3763
15.3849
15.3927
15.3997
15.4061
15.4117
15.4168
15.4214
15.4256
15.4294
15.433
15.4363
15.4396
15.4429
15.4462
15.4497
15.4534
15.4575
15.4621
15.4671
15.4728
15.4792
15.4865
15.4947
15.5039
15.5142
15.5258
15.5387
15.553
15.5689
15.5865
15.6058
15.627
15.6502
15.6755
15.703
15.7328
15.7649
15.7996
15.8369
15.877
15.9198
15.9654
16.0141
16.0658
16.1207
16.1787
16.2401
16.3047
16.3727
16.4442
16.5191
16.5976
16.6795
16.765
16.8541
16.9467
17.0429
17.1426
17.2459
17.3526
17.4628
17.5765
17.6935
17.8139
17.9376
18.0645
18.1945
18.3277
18.464
18.6033
18.7455
18.8905
19.0385
19.1891
19.3425
19.4987
19.6574
19.8188
19.9829
20.1496
20.3189
20.4909
20.6656
20.843
21.0234
21.2066
21.393
21.5825
21.7755
21.972
22.1723
22.3767
22.5854
22.7987
23.0171
23.2409
23.4705
23.7065
23.9493
24.1995
24.4578
24.7249
25.0014
25.2883
25.5863
25.8966
26.2199
26.5576
26.9108
27.2808
27.669
28.0769
28.5061
28.9583
29.4355
29.9395
30.4726
31.037
31.635
32.2693
32.9426
33.6578
34.4178
35.2258
36.0851
36.9992
37.9717
39.0062
40.1064
41.2761
42.519
43.839
45.2396
46.7242
48.2961
49.9583
51.7132
53.5629
55.5087
57.5514
59.6909
61.9261
64.2549
66.6742
69.1794
71.7649
74.4235
77.1469
79.9252
82.7472
85.6008
88.4723
91.3476
94.2115
97.0487
99.8437
102.581
105.246
107.825
110.312
112.698
114.981
117.195
119.321
121.344
123.261
125.076
126.808
128.485
130.159
131.919
133.98
136.669
141.209
17.2142
17.2412
17.267
17.2918
17.3156
17.3387
17.3611
17.383
17.4044
17.4256
17.4467
17.4677
17.489
17.5105
17.5326
17.5552
17.5787
17.6031
17.6287
17.6555
17.6839
17.7138
17.7456
17.7794
17.8154
17.8538
17.8948
17.9385
17.9852
18.0351
18.0883
18.1452
18.2058
18.2704
18.3393
18.4126
18.4905
18.5732
18.661
18.7541
18.8526
18.9568
19.0669
19.1831
19.3055
19.4343
19.5698
19.712
19.8611
20.0174
20.1808
20.3515
20.5296
20.7153
20.9085
21.1094
21.318
21.5344
21.7584
21.9903
22.2298
22.477
22.7319
22.9943
23.2642
23.5415
23.8261
24.1179
24.4167
24.7224
25.0349
25.354
25.6796
26.0116
26.3497
26.6939
27.044
27.3998
27.7614
28.1284
28.501
28.879
29.2623
29.651
30.045
30.4444
30.8493
31.2596
31.6757
32.0976
32.5256
32.96
33.401
33.8489
34.3044
34.7676
35.2393
35.72
36.2104
36.711
37.2229
37.7467
38.2834
38.834
39.3997
39.9816
40.5809
41.199
41.8374
42.4976
43.1812
43.8901
44.6261
45.3911
46.1873
47.0169
47.8822
48.7858
49.73
50.7178
51.7519
52.8353
53.9709
55.1621
56.4119
57.7238
59.1011
60.5473
62.0658
63.6599
65.3331
67.0886
68.9294
70.8586
72.8785
74.9914
77.199
79.5025
81.9025
84.3986
86.99
89.6744
92.4487
95.3086
98.2483
101.261
104.338
107.47
110.644
113.849
117.069
120.29
123.494
126.663
129.78
132.825
135.779
138.623
141.339
143.91
146.32
148.556
150.606
152.461
154.116
155.614
156.935
158.071
159.024
159.8
160.409
160.867
161.194
161.42
161.586
161.754
162.025
162.656
164.038
168.175
20.2445
20.2903
20.3359
20.3816
20.4274
20.4738
20.5208
20.5688
20.6182
20.6691
20.7218
20.7767
20.8341
20.8943
20.9576
21.0243
21.0948
21.1694
21.2486
21.3325
21.4216
21.5164
21.6171
21.7241
21.838
21.959
22.0877
22.2244
22.3696
22.5238
22.6873
22.8608
23.0446
23.2393
23.4453
23.6631
23.8932
24.136
24.3922
24.6621
24.9463
25.2451
25.5591
25.8887
26.2343
26.5963
26.9751
27.371
27.7843
28.2155
28.6646
29.1319
29.6176
30.1218
30.6447
31.1861
31.7463
32.325
32.9222
33.5378
34.1716
34.8232
35.4925
36.1791
36.8826
37.6026
38.3388
39.0905
39.8573
40.6388
41.4343
42.2434
43.0655
43.9001
44.7466
45.6045
46.4734
47.3527
48.2421
49.1412
50.0495
50.9669
51.8931
52.8279
53.7712
54.723
55.6833
56.6522
57.63
58.6169
59.6133
60.6197
61.6367
62.6648
63.7048
64.7576
65.8241
66.9053
68.0024
69.1166
70.2493
71.4018
72.5757
73.7725
74.9941
76.2422
77.5187
78.8256
80.1648
81.5386
82.9491
84.3986
85.8895
87.424
89.0047
90.634
92.3143
94.0482
95.8381
97.6865
99.5959
101.568
103.606
105.712
107.887
110.133
112.452
114.844
117.311
119.853
122.47
125.162
127.926
130.762
133.666
136.635
139.665
142.75
145.884
149.059
152.266
155.496
158.737
161.977
165.202
168.398
171.549
174.637
177.646
180.557
183.352
186.013
188.521
190.86
193.012
194.962
196.697
198.205
199.477
200.506
201.29
201.828
202.122
202.179
202.009
201.629
201.057
200.31
199.408
198.371
197.223
195.989
194.698
193.381
192.08
190.851
189.782
189.118
189.293
193.472
25.45
25.5412
25.6362
25.7354
25.8393
25.9484
26.0632
26.1845
26.3128
26.4487
26.593
26.7464
26.9095
27.0831
27.2679
27.4648
27.6745
27.8978
28.1358
28.3891
28.6589
28.9459
29.2513
29.5761
29.9213
30.288
30.6773
31.0904
31.5285
31.9928
32.4846
33.005
33.5554
34.137
34.7511
35.3991
36.0822
36.8017
37.5587
38.3546
39.1904
40.0674
40.9865
41.9487
42.9548
44.0058
45.1022
46.2445
47.4333
48.6688
49.951
51.28
52.6555
54.0772
55.5445
57.0567
58.6128
60.2118
61.8524
63.5332
65.2525
67.0088
68.8
70.6242
72.4793
74.3631
76.2734
78.2078
80.1641
82.1398
84.1327
86.1405
88.1609
90.1917
92.231
94.2767
96.3271
98.3803
100.435
102.489
104.543
106.594
108.642
110.686
112.726
114.762
116.793
118.82
120.843
122.862
124.878
126.893
128.906
130.919
132.934
134.951
136.973
139
141.034
143.078
145.133
147.201
149.284
151.383
153.502
155.64
157.802
159.988
162.2
164.44
166.709
169.01
171.344
173.712
176.115
178.554
181.03
183.544
186.096
188.687
191.316
193.982
196.685
199.424
202.196
205.001
207.834
210.694
213.576
216.476
219.389
222.31
225.231
228.146
231.047
233.923
236.767
239.566
242.31
244.986
247.58
250.079
252.467
254.729
256.85
258.813
260.603
262.202
263.597
264.772
265.713
266.41
266.851
267.028
266.936
266.572
265.935
265.029
263.86
262.439
260.777
258.891
256.8
254.525
252.089
249.519
246.842
244.083
241.271
238.432
235.591
232.775
230.007
227.314
224.726
222.284
220.05
218.257
217.303
221.619
36.2645
36.5258
36.8047
37.1022
37.4198
37.7591
38.1218
38.5096
38.9241
39.3672
39.8407
40.3465
40.8866
41.4631
42.0781
42.7338
43.4326
44.1769
44.9691
45.8119
46.7079
47.6601
48.6711
49.744
50.8818
52.0877
53.3647
54.716
56.1449
57.6547
59.2485
60.9294
62.7007
64.5653
66.5262
68.5862
70.7476
73.013
75.3843
77.8633
80.4515
83.1497
85.9588
88.8788
91.9093
95.0497
98.2983
101.653
105.112
108.672
112.329
116.078
119.916
123.836
127.833
131.901
136.032
140.22
144.457
148.737
153.05
157.389
161.746
166.114
170.484
174.849
179.201
183.534
187.84
192.114
196.349
200.54
204.682
208.771
212.803
216.775
220.685
224.529
228.306
232.016
235.658
239.232
242.738
246.177
249.55
252.859
256.107
259.294
262.424
265.499
268.522
271.495
274.423
277.308
280.153
282.961
285.736
288.48
291.196
293.887
296.557
299.206
301.838
304.456
307.06
309.652
312.235
314.809
317.375
319.933
322.485
325.029
327.567
330.096
332.617
335.127
337.625
340.109
342.576
345.024
347.448
349.846
352.212
354.541
356.828
359.068
361.253
363.376
365.429
367.405
369.293
371.085
372.77
374.336
375.773
377.068
378.208
379.18
379.97
380.566
380.953
381.116
381.043
380.721
380.136
379.277
378.135
376.7
374.967
372.93
370.589
367.943
364.998
361.76
358.242
354.457
350.423
346.162
341.699
337.06
332.275
327.377
322.396
317.367
312.322
307.294
302.312
297.406
292.6
287.916
283.372
278.982
274.756
270.701
266.821
263.125
259.619
256.494
253.906
258.642
68.4732
69.465
70.5344
71.6849
72.9221
74.2508
75.6752
77.1997
78.829
80.568
82.4217
84.3955
86.4947
88.7252
91.0928
93.6034
96.2635
99.0792
102.057
105.204
108.526
112.03
115.722
119.609
123.697
127.992
132.5
137.226
142.175
147.351
152.758
158.399
164.275
170.388
176.738
183.323
190.141
197.189
204.461
211.952
219.653
227.555
235.647
243.918
252.353
260.938
269.656
278.49
287.422
296.433
305.501
314.608
323.732
332.853
341.948
350.998
359.981
368.879
377.672
386.342
394.872
403.247
411.452
419.474
427.302
434.926
442.338
449.531
456.5
463.241
469.752
476.032
482.083
487.906
493.504
498.881
504.042
508.993
513.74
518.291
522.654
526.836
530.845
534.69
538.38
541.922
545.326
548.6
551.751
554.788
557.718
560.548
563.285
565.934
568.501
570.992
573.411
575.762
578.048
580.273
582.439
584.548
586.6
588.596
590.537
592.421
594.248
596.016
597.723
599.365
600.941
602.445
603.874
605.222
606.485
607.657
608.73
609.699
610.556
611.294
611.903
612.376
612.702
612.873
612.878
612.707
612.349
611.793
611.026
610.038
608.815
607.346
605.618
603.62
601.337
598.759
595.873
592.668
589.133
585.26
581.04
576.465
571.531
566.235
560.575
554.554
548.175
541.448
534.382
526.993
519.3
511.324
503.093
494.636
485.988
477.184
468.267
459.276
450.256
441.253
432.31
423.471
414.778
406.269
397.98
389.942
382.18
374.712
367.55
360.698
354.152
347.897
341.911
336.158
330.588
325.141
319.714
314.346
308.634
310.899
82.265
80.9416
79.7159
78.5859
77.5492
76.6038
75.7482
74.9812
74.3017
73.7089
73.2022
72.781
72.4452
72.1946
72.0293
71.9497
71.9561
72.0491
72.2293
72.4977
72.8552
73.3028
73.8416
74.4731
75.1983
76.0186
76.9355
77.9501
79.0638
80.2779
81.5935
83.0115
84.5328
86.1581
87.8878
89.722
91.6604
93.7027
95.8477
98.0943
100.44
102.884
105.422
108.052
110.768
113.568
116.446
119.396
122.413
125.49
128.621
131.797
135.012
138.257
141.524
144.806
148.094
151.379
154.653
157.909
161.139
164.334
167.488
170.595
173.648
176.642
179.571
182.431
185.219
187.932
190.566
193.12
195.593
197.984
200.294
202.522
204.671
206.741
208.735
210.654
212.503
214.283
215.999
217.653
219.25
220.794
222.287
223.735
225.142
226.51
227.846
229.151
230.43
231.687
232.925
234.147
235.357
236.558
237.752
238.943
240.131
241.321
242.512
243.708
244.91
246.118
247.334
248.559
249.793
251.036
252.289
253.551
254.823
256.103
257.391
258.685
259.986
261.291
262.598
263.907
265.214
266.519
267.818
269.11
270.391
271.658
272.909
274.141
275.349
276.531
277.682
278.799
279.878
280.915
281.905
282.843
283.727
284.55
285.309
286
286.617
287.157
287.616
287.99
288.275
288.47
288.572
288.58
288.492
288.308
288.031
287.662
287.205
286.664
286.044
285.354
284.601
283.794
282.944
282.061
281.156
280.242
279.327
278.422
277.535
276.674
275.843
275.042
274.27
273.519
272.778
272.031
271.255
270.42
269.489
268.408
267.139
265.479
264.292
261.913
515.714
537.197
556.902
573.326
588.976
604.993
621.816
639.646
658.56
678.557
699.579
721.53
744.298
767.737
791.785
816.249
841.402
866.72
893.935
920.34
953.998
980.73
1037.35
1056.53
1226.62
259.885
264.968
271.472
277.718
283.855
290.14
296.713
303.639
310.925
318.542
326.43
334.506
342.676
350.827
358.86
366.656
374.184
381.296
388.241
394.587
401.633
407.406
417.27
423.049
446.87
209.966
212.246
215.874
219.809
223.887
228.144
232.621
237.334
242.268
247.384
252.621
257.9
263.131
268.213
273.049
277.534
281.603
285.159
288.255
290.742
293.037
294.619
297.043
298.528
303.898
194.17
195.376
197.69
200.48
203.538
206.814
210.298
213.977
217.822
221.784
225.8
229.793
233.674
237.347
240.718
243.692
246.197
248.156
249.568
250.372
250.734
250.526
250.26
249.736
249.467
190.548
191.229
192.775
194.823
197.189
199.797
202.61
205.597
208.717
211.916
215.126
218.268
221.254
223.99
226.382
228.342
229.795
230.677
230.967
230.64
229.767
228.368
226.554
224.665
221.751
193.169
193.53
194.551
196.037
197.849
199.91
202.172
204.592
207.121
209.7
212.258
214.712
216.974
218.951
220.549
221.681
222.276
222.275
221.65
220.396
218.537
216.167
213.205
210.222
205.716
199.702
199.814
200.422
201.434
202.754
204.315
206.067
207.961
209.945
211.953
213.912
215.739
217.341
218.626
219.502
219.883
219.698
218.895
217.442
215.348
212.612
209.37
205.435
201.497
195.853
208.956
208.828
209.067
209.643
210.493
211.566
212.814
214.188
215.63
217.075
218.446
219.657
220.618
221.233
221.41
221.068
220.134
218.562
216.321
213.428
209.87
205.806
200.988
196.177
189.623
220.16
219.772
219.649
219.798
220.18
220.76
221.494
222.333
223.222
224.092
224.866
225.456
225.772
225.717
225.201
224.143
222.474
220.15
217.141
213.473
209.124
204.273
198.628
193.003
185.673
232.719
232.035
231.539
231.254
231.16
231.233
231.436
231.723
232.039
232.317
232.477
232.435
232.096
231.367
230.158
228.387
225.99
222.926
219.167
214.745
209.634
204.025
197.6
191.209
183.199
246.12
245.104
244.214
243.481
242.898
242.448
242.101
241.818
241.543
241.211
240.744
240.057
239.057
237.651
235.749
233.273
230.16
226.372
221.884
216.734
210.891
204.558
197.398
190.294
181.681
259.907
258.524
257.217
256.021
254.934
253.947
253.037
252.167
251.287
250.333
249.229
247.891
246.227
244.146
241.559
238.391
234.58
230.093
224.904
219.059
212.522
205.508
197.665
189.903
180.761
273.666
271.888
270.145
268.471
266.869
265.336
263.853
262.387
260.894
259.311
257.566
255.577
253.254
250.507
247.251
243.411
238.929
233.774
227.923
221.425
214.243
206.598
198.132
189.776
180.177
287.022
284.829
282.637
280.476
278.354
276.27
274.209
272.146
270.038
267.827
265.445
262.812
259.842
256.447
252.544
248.061
242.942
237.161
230.694
223.596
215.825
207.61
198.591
189.71
179.731
299.634
297.015
294.368
291.72
289.078
286.445
283.813
281.157
278.441
275.612
272.604
269.343
265.745
261.726
257.206
252.117
246.404
240.045
233.018
225.379
217.085
208.371
198.875
189.549
179.271
311.186
308.143
305.045
301.915
298.763
295.594
292.402
289.168
285.861
282.431
278.817
274.951
270.753
266.143
261.044
255.391
249.135
242.254
234.728
226.618
217.874
208.74
198.852
189.166
178.675
321.384
317.928
314.393
310.799
307.156
303.471
299.743
295.956
292.083
288.08
283.891
279.451
274.689
269.528
263.894
257.73
250.986
243.647
235.691
227.184
218.07
208.603
198.415
188.46
177.848
329.941
326.097
322.152
318.121
314.019
309.852
305.621
301.317
296.916
292.378
287.652
282.679
277.392
271.722
265.604
258.983
251.817
244.092
235.789
226.973
217.577
207.869
197.48
187.354
176.714
336.599
332.414
328.108
323.693
319.183
314.586
309.905
305.131
300.245
295.212
289.988
284.521
278.75
272.614
266.057
259.032
251.499
243.45
234.867
225.814
216.22
206.351
195.837
185.618
175.031
341.027
336.563
331.959
327.22
322.362
317.393
312.317
307.127
301.806
296.327
290.651
284.733
278.521
271.964
265.011
257.624
249.771
241.447
232.636
223.402
213.675
203.708
193.138
182.894
172.411
342.836
338.178
333.357
328.376
323.248
317.984
312.588
307.055
301.372
295.518
289.459
283.159
276.575
269.662
262.382
254.702
246.597
238.068
229.102
219.761
209.98
199.995
189.456
179.272
168.954
341.639
336.909
331.986
326.874
321.586
316.132
310.516
304.738
298.789
292.651
286.299
279.703
272.829
265.644
258.115
250.22
241.942
233.284
224.24
214.869
205.113
195.189
184.77
174.725
164.638
337.008
332.372
327.508
322.416
317.111
311.603
305.899
300.001
293.904
287.597
281.061
274.274
267.212
259.851
252.167
244.148
235.783
227.081
218.041
208.72
199.069
189.286
179.074
169.24
159.455
328.457
324.142
319.547
314.673
309.537
304.151
298.524
292.663
286.567
280.23
273.643
266.792
259.661
252.237
244.507
236.465
228.11
219.456
210.509
201.323
191.86
182.298
172.379
162.826
153.41
315.429
311.735
307.685
303.286
298.557
293.514
288.171
282.538
276.623
270.426
263.946
257.179
250.12
242.765
235.111
227.163
218.927
210.425
201.666
192.705
183.514
174.254
164.711
155.509
146.527
297.309
294.619
291.466
287.866
283.841
279.415
274.608
269.438
263.92
258.063
251.878
245.369
238.543
231.407
223.971
216.247
208.252
200.012
191.545
182.906
174.077
165.201
156.113
147.327
138.839
273.463
272.246
270.419
268.012
265.053
261.574
257.605
253.175
248.308
243.026
237.35
231.299
224.891
218.146
211.084
203.73
196.109
188.254
180.191
171.975
163.601
155.192
146.633
138.33
130.393
243.596
244.364
244.348
243.582
242.105
239.955
237.176
233.807
229.887
225.452
220.536
215.174
209.397
203.239
196.734
189.918
182.824
175.495
167.964
160.286
152.469
144.619
136.664
128.912
121.584
207.769
210.964
213.21
214.532
214.963
214.546
213.333
211.374
208.724
205.432
201.551
197.13
192.218
186.864
181.114
175.017
168.619
161.968
155.104
148.087
140.939
133.742
126.462
119.338
112.668
166.567
172.341
177.1
180.82
183.501
185.17
185.871
185.66
184.598
182.749
180.181
176.959
173.15
168.817
164.023
158.83
153.292
147.468
141.406
135.163
128.778
122.318
115.783
109.354
103.388
122.57
130.43
137.452
143.503
148.501
152.411
155.238
157.015
157.796
157.646
156.64
154.857
152.376
149.277
145.635
141.524
137.007
132.148
127.007
121.645
116.111
110.47
104.743
99.0682
93.8443
80.6013
89.1383
97.3566
104.988
111.819
117.698
122.537
126.302
129.001
130.674
131.386
131.213
130.236
128.545
126.22
123.338
119.973
116.199
112.085
107.698
103.096
98.3409
93.4787
88.6068
84.1558
46.7699
53.9911
61.5901
69.263
76.7025
83.6288
89.8248
95.1424
99.498
102.863
105.252
106.714
107.306
107.102
106.179
104.617
102.495
99.8929
96.8845
93.5412
89.9315
86.1131
82.1544
78.1204
74.4619
24.959
29.5791
34.9648
40.9637
47.345
53.8331
60.1499
66.0489
71.3357
75.875
79.5894
82.451
84.4666
85.672
86.1207
85.8783
85.0169
83.6112
81.7374
79.4668
76.8739
74.0142
70.9744
67.7918
64.9315
13.3687
15.4869
18.2444
21.6922
25.81
30.4932
35.563
40.7935
45.9474
50.8066
55.1941
58.983
62.0956
64.4977
66.1903
67.2007
67.5749
67.3702
66.6526
65.4869
63.9476
62.0866
60.0023
57.7115
55.6775
8.64004
9.42413
10.5174
12.0057
13.9681
16.456
19.4716
22.954
26.7808
30.7853
34.7823
38.5943
42.0708
45.0985
47.6045
49.5527
50.9385
51.7804
52.1165
51.9916
51.4686
50.5897
49.4545
48.0647
46.8586
6.87273
7.14848
7.54949
8.12168
8.92075
10.0078
11.4403
13.258
15.4674
18.0306
20.8646
23.8506
26.8521
29.7341
32.3789
34.6956
36.6244
38.1339
39.2203
39.8953
40.197
40.1495
39.8405
39.2577
38.7901
6.18012
6.26132
6.39448
6.6003
6.90621
7.3464
7.96061
8.79073
9.87455
11.2371
12.8809
14.7783
16.8703
19.0731
21.2899
23.4241
25.3909
27.124
28.5815
29.7395
30.6043
31.1741
31.5149
31.5943
31.7416
5.94024
5.93819
5.95864
6.0108
6.10769
6.26687
6.51074
6.86617
7.3626
8.0285
8.88645
9.94787
11.2083
12.6443
14.213
15.8556
17.5058
19.0981
20.5776
21.8997
23.0454
23.9872
24.7672
25.3244
25.9341
5.96398
5.92311
5.89217
5.87511
5.87753
5.90772
5.97743
6.10256
6.30297
6.60124
7.02039
7.58057
8.29505
9.1664
10.1844
11.3264
12.5593
13.8431
15.1364
16.3959
17.5945
18.6888
19.7052
20.5492
21.4619
6.19344
6.13295
6.07674
6.02689
5.9864
5.95834
5.94754
5.96142
6.01075
6.11027
6.27857
6.53671
6.90517
7.39999
8.02958
8.79285
9.67879
10.6671
11.732
12.8417
13.973
15.0813
16.1865
17.1705
18.2529
6.6443
6.56824
6.49638
6.42779
6.36448
6.30916
6.26336
6.22976
6.21275
6.21907
6.25861
6.34514
6.49639
6.73294
7.0756
7.54139
8.13939
8.86833
9.71771
10.6676
11.6988
12.7728
13.8972
14.9604
16.128
7.4188
7.32192
7.23095
7.1457
7.06437
6.98978
6.92521
6.87173
6.83125
6.80678
6.80285
6.82616
6.88625
6.99623
7.17301
7.43669
7.80838
8.30642
8.94233
9.71684
10.6213
11.6309
12.7336
13.8544
15.0429
8.76567
8.63054
8.50687
8.39426
8.29266
8.19778
8.11571
8.05239
8.00928
7.98881
7.99453
8.03123
8.10522
8.22456
8.39935
8.64186
8.96652
9.38912
9.92519
10.5874
11.3812
12.3041
13.3347
14.4519
15.5429
11.3595
11.1634
10.9873
10.8322
10.6992
10.5885
10.4936
10.4296
10.4075
10.4312
10.5058
10.6376
10.8338
11.1019
11.4492
11.8826
12.407
13.0256
13.7384
14.5434
15.4337
16.4032
17.4202
18.4914
19.3778
16.9896
16.6457
16.3614
16.1373
15.974
15.8716
15.8316
15.8381
15.9247
16.111
16.4027
16.8047
17.3208
17.9521
18.6963
19.5468
20.4923
21.5175
22.604
23.7324
24.8818
26.0362
27.1578
28.2426
29.0225
27.9219
27.3504
26.9172
26.623
26.4657
26.4403
26.5463
26.784
27.111
27.5649
28.1664
28.9023
29.7551
30.7036
31.7238
32.7911
33.8816
34.9752
36.057
37.1186
38.157
39.1763
40.1613
41.1076
41.7574
47.1726
46.2524
45.5818
45.1577
44.9587
44.9561
45.1295
45.4603
45.9248
46.4347
46.9868
47.5997
48.2464
48.9038
49.5558
50.1936
50.8166
51.4311
52.05
52.6909
53.374
54.122
54.933
55.7938
56.3969
75.4287
73.9426
72.7047
71.7711
71.0856
70.583
70.2181
69.9499
69.7438
69.5788
69.3757
69.1324
68.9113
68.7194
68.571
68.4858
68.4868
68.5983
68.8457
69.2547
69.8504
70.6591
71.6752
72.8656
73.7787
107.81
105.485
103.316
101.418
99.6918
98.0577
96.4864
94.9646
93.4956
92.1325
90.8768
89.6903
88.6309
87.7527
87.0864
86.6589
86.4946
86.6158
87.0449
87.8057
88.9231
90.4281
92.3099
94.5197
96.3287
138.473
135.361
132.148
129.067
126.035
123.037
120.148
117.436
114.926
112.665
110.709
109.092
107.818
106.951
106.509
106.504
106.951
107.866
109.269
111.189
113.661
116.739
120.413
124.651
128.234
165.635
161.824
157.547
153.263
149.073
145.073
141.355
138.023
135.161
132.835
131.091
129.968
129.475
129.619
130.395
131.805
133.858
136.574
139.988
144.15
149.128
155.024
161.848
169.677
176.447
191.192
186.463
181.096
175.865
170.933
166.511
162.781
159.864
157.827
156.699
156.481
157.169
158.764
161.212
164.502
168.638
173.646
179.568
186.473
194.461
203.66
214.282
226.364
240.335
252.386
219.191
213.183
206.574
200.62
195.696
192.025
189.733
188.858
189.38
191.252
194.394
198.743
204.257
210.846
218.525
227.33
237.322
248.594
261.278
275.567
291.698
310.095
330.859
355.264
376.31
256.145
248.114
240.212
234.602
231.484
230.783
232.407
236.217
242.061
249.779
259.176
270.093
282.36
295.997
311.078
327.698
345.987
366.125
388.366
413.077
440.71
472.07
507.49
549.828
587.51
313.885
303.883
296.261
294.334
297.147
303.961
314.328
327.846
344.154
362.933
383.679
405.958
429.808
455.446
483.063
512.87
545.13
580.206
618.601
661.011
708.362
762.036
823.53
896.995
970.523
330.745
327.289
318.864
310.614
304.875
302.418
302.88
305.692
310.379
316.601
324.302
332.94
342.294
352.462
363.611
375.923
389.612
404.937
422.228
441.887
464.466
490.571
521.313
557.697
607.516
)
;

boundaryField
{
    inlet
    {
        type            fixedValue;
        value           uniform 14.855;
    }
    outlet
    {
        type            zeroGradient;
    }
    upperWall
    {
        type            zeroGradient;
    }
    lowerWall
    {
        type            zeroGradient;
    }
    frontAndBack
    {
        type            empty;
    }
}


// ************************************************************************* //
