/*--------------------------------*- C++ -*----------------------------------*\
| =========                 |                                                 |
| \\      /  F ield         | OpenFOAM: The Open Source CFD Toolbox           |
|  \\    /   O peration     | Version:  1.4.2                                 |
|   \\  /    A nd           | Web:      http://www.openfoam.org               |
|    \\/     M anipulation  |                                                 |
\*---------------------------------------------------------------------------*/
FoamFile
{
    version     2.0;
    format      ascii;
    class       volScalarField;
    object      epsilon;
    location    "450";
}
// * * * * * * * * * * * * * * * * * * * * * * * * * * * * * * * * * * * * * //

dimensions      [0 2 -3 0 0 0 0];

internalField   nonuniform List<scalar> 
12225
(
443.026
353.451
290.585
245.344
212.186
187.59
169.239
155.565
145.477
138.201
133.172
129.974
128.288
127.867
128.514
130.068
132.393
135.655
60.166
73.616
79.5693
83.6975
87.7182
92.3598
97.9767
104.751
112.781
122.119
132.786
144.772
158.045
172.538
188.157
204.766
222.119
240.273
26.2961
33.7101
37.8449
40.6835
42.9307
44.9545
46.9672
49.097
51.4237
53.9984
56.8532
60.0067
63.4653
67.2238
71.262
75.5374
79.9612
84.3704
18.7357
22.724
25.4809
27.3755
28.8172
30.0122
31.0724
32.0714
33.0585
34.0666
35.1173
36.2244
37.3952
38.6317
39.9304
41.2811
42.6644
44.0369
16.1688
18.164
19.9334
21.2927
22.3449
23.1848
23.8868
24.5043
25.0713
25.6095
26.1339
26.6548
27.179
27.7102
28.2498
28.7969
29.3477
29.8841
15.2354
16.0868
17.0491
17.9379
18.6903
19.3126
19.8315
20.273
20.6585
21.0048
21.3243
21.6256
21.9149
22.1961
22.4717
22.7427
23.0085
23.2592
14.8943
15.1702
15.5868
16.0529
16.5073
16.9232
17.2913
17.6118
17.8907
18.1359
18.3548
18.5533
18.7363
18.9072
19.0689
19.2227
19.3686
19.5003
14.7876
14.838
14.9917
15.2096
15.4544
15.702
15.9383
16.156
16.353
16.5298
16.6884
16.8313
16.9611
17.0801
17.1904
17.2932
17.389
17.474
14.7441
14.6884
14.7003
14.7664
14.8679
14.9888
15.1173
15.2452
15.3678
15.4825
15.5884
15.6854
15.7742
15.8556
15.9305
15.9998
16.064
16.1213
14.7239
14.6134
14.5425
14.5091
14.5063
14.5263
14.5617
14.6065
14.6559
14.7069
14.7573
14.8058
14.8517
14.8946
14.9347
14.972
15.0067
15.0378
14.7149
14.579
14.4657
14.3757
14.3075
14.2584
14.2248
14.2034
14.1911
14.1855
14.1845
14.1866
14.1906
14.1957
14.2013
14.2072
14.213
14.2182
14.7109
14.5642
14.4318
14.314
14.2108
14.1214
14.0445
13.9786
13.9222
13.8739
13.8322
13.7959
13.7642
13.7361
13.711
13.6883
13.6677
13.6489
14.7089
14.5577
14.4176
14.288
14.1688
14.0596
13.96
13.8691
13.7864
13.7111
13.6425
13.5797
13.5222
13.4693
13.4205
13.3753
13.3334
13.295
14.7077
14.5544
14.4112
14.277
14.1515
14.0341
13.9244
13.822
13.7263
13.6371
13.5537
13.4758
13.403
13.3348
13.2709
13.2109
13.1546
13.1026
14.7067
14.5523
14.4076
14.2716
14.1437
14.0232
13.9097
13.8027
13.7017
13.6065
13.5166
13.4316
13.3514
13.2755
13.2038
13.1358
13.0717
13.012
14.706
14.5508
14.4052
14.2683
14.1394
14.0177
13.9027
13.794
13.691
13.5935
13.5011
13.4134
13.3302
13.2511
13.176
13.1047
13.037
12.9739
14.7055
14.5497
14.4036
14.2662
14.1367
14.0144
13.8988
13.7893
13.6856
13.5872
13.4939
13.4052
13.3209
13.2407
13.1644
13.0918
13.0229
12.9586
14.7053
14.5494
14.4031
14.2654
14.1357
14.0131
13.8972
13.7875
13.6836
13.5849
13.4913
13.4024
13.3179
13.2375
13.1611
13.0884
13.0194
12.955
14.7055
14.5497
14.4035
14.266
14.1364
14.0141
13.8985
13.7891
13.6856
13.5875
13.4946
13.4065
13.3228
13.2435
13.1682
13.0967
13.029
12.966
14.7059
14.5507
14.4052
14.2685
14.1399
14.0189
13.905
13.7978
13.6968
13.6016
13.5119
13.4273
13.3476
13.2723
13.2012
13.134
13.0708
13.0122
14.7068
14.5529
14.4094
14.2757
14.1512
14.0357
13.9285
13.8291
13.7369
13.6514
13.572
13.4981
13.4293
13.3651
13.3051
13.2489
13.1964
13.1482
14.7086
14.5589
14.4228
14.3003
14.1908
14.0935
14.0073
13.9308
13.8629
13.8022
13.7476
13.6983
13.6533
13.612
13.5738
13.5384
13.5053
13.4751
14.7142
14.5802
14.4709
14.3854
14.3211
14.2741
14.2406
14.2172
14.201
14.1896
14.1813
14.1746
14.1689
14.1633
14.1575
14.1513
14.1445
14.1378
14.7358
14.6588
14.6349
14.6533
14.7002
14.7636
14.8343
14.906
14.9745
15.0373
15.0932
15.1419
15.1835
15.2183
15.2471
15.2705
15.2893
15.3043
14.8205
14.9297
15.1378
15.3942
15.6595
15.9114
16.1388
16.3371
16.506
16.6481
16.7666
16.8651
16.9468
17.0143
17.0702
17.1165
17.1549
17.1869
15.1412
15.7852
16.5164
17.2059
17.7951
18.2803
18.6734
18.9891
19.2421
19.4454
19.6096
19.7434
19.8535
19.9453
20.0228
20.0892
20.1471
20.1981
16.3188
18.299
19.9614
21.2343
22.1808
22.882
23.4046
23.8002
24.1055
24.3459
24.5396
24.6998
24.8362
24.9561
25.0649
25.1664
25.2636
25.358
20.7542
25.6369
28.6919
30.5982
31.8392
32.6627
33.2214
33.6173
33.9158
34.1589
34.3741
34.5793
34.7859
35.0013
35.2297
35.4735
35.7333
36.0082
43.9609
54.4817
58.7069
60.4197
60.9746
60.9891
60.8443
60.7534
60.7835
60.9637
61.3033
61.8005
62.448
63.2357
64.1517
65.1838
66.3171
67.5442
332.627
280.253
240.732
210.193
186.154
166.943
151.389
138.656
128.134
119.367
112.013
105.807
100.545
96.0648
92.2382
88.9616
86.1518
83.7394
0.361923
0.514803
0.709863
0.894637
1.07007
1.25335
1.49468
1.82514
2.2477
2.78012
3.4599
4.36367
5.44541
6.6832
8.10041
9.71453
11.5485
13.6381
16.0397
18.8428
22.1902
26.312
31.5851
35.8624
40.2552
44.9196
49.8818
55.1507
60.7323
66.6324
72.8564
79.4097
86.2973
93.5239
101.094
109.012
117.283
125.91
134.896
144.246
153.964
164.053
174.517
185.359
196.584
208.195
220.198
232.598
245.401
258.614
272.244
286.301
300.797
315.744
331.156
347.053
363.452
380.378
397.857
415.919
434.598
453.932
473.965
494.743
516.322
538.759
562.121
586.477
611.906
638.492
666.324
695.499
726.12
758.296
792.141
827.774
865.318
904.9
946.648
990.69
1037.16
1086.17
1137.84
1192.29
1249.61
1309.88
1373.19
1439.56
1509.06
1581.69
1657.49
1736.53
1818.97
1905.17
1994.53
2084.95
2175.5
2265
2352.04
2435
2512.02
2581.09
2640.13
2687.06
2719.93
2737.09
2737.3
2719.86
2684.71
2632.48
2564.43
2482.41
2388.7
2285.86
2176.62
2064
1950.91
1838.87
1732.91
1639.77
1558.5
1482.19
1409.77
1341.11
1276.17
1214.9
1157.22
1102.98
1052.04
1004.22
959.334
917.2
877.637
840.47
805.535
772.674
741.74
712.595
685.112
659.174
634.671
611.505
589.582
568.819
549.138
530.468
512.743
495.903
479.892
464.659
450.156
436.34
423.172
410.614
398.631
387.193
376.27
365.833
355.859
346.322
337.2
328.473
320.118
312.118
304.453
297.105
290.055
283.285
276.773
270.499
264.438
258.561
252.83
247.215
241.725
236.263
230.689
224.733
218.028
208.316
1.29431
1.09694
1.13804
1.26557
1.48279
1.80131
2.22573
2.76622
3.41268
4.17961
5.08032
6.12477
7.31284
8.6438
10.12
11.7463
13.5304
15.4832
17.618
19.9481
22.4821
25.2135
28.0999
31.0211
34.0447
37.2039
40.511
43.9718
47.5896
51.3675
55.3081
59.414
63.6877
68.1315
72.7478
77.5389
82.5068
87.6538
92.9819
98.4932
104.19
110.074
116.147
122.413
128.872
135.53
142.387
149.448
156.716
164.197
171.894
179.814
187.964
196.351
204.984
213.873
223.028
232.462
242.191
252.228
262.593
273.304
284.383
295.854
307.742
320.075
332.883
346.198
360.053
374.485
389.532
405.231
421.623
438.748
456.648
475.362
494.929
515.388
536.772
559.114
582.438
606.765
632.11
658.479
685.868
714.267
743.654
773.999
805.264
837.406
870.378
904.137
938.638
973.822
1010.01
1046.13
1081.72
1116.32
1149.44
1180.49
1208.85
1233.84
1254.77
1270.94
1281.72
1286.57
1285.08
1277.02
1262.35
1241.28
1214.21
1181.75
1144.65
1103.78
1060.03
1014.25
967.151
918.869
871.839
827.723
786.8
748.189
711.594
676.915
644.101
613.102
583.859
556.302
530.354
505.931
482.949
461.322
440.965
421.798
403.741
386.72
370.667
355.515
341.202
327.672
314.872
302.752
291.268
280.378
270.042
260.226
250.897
242.024
233.58
225.538
217.874
210.568
203.597
196.945
190.592
184.522
178.722
173.175
167.87
162.795
157.936
153.285
148.83
144.561
140.471
136.55
132.79
129.183
125.721
122.397
119.203
116.132
113.177
110.346
107.674
105.164
102.857
100.875
99.5914
100.209
2.58748
1.91147
1.94466
2.17964
2.55663
3.02819
3.5984
4.27932
5.07886
6.00334
7.0574
8.24432
9.5655
11.0209
12.6103
14.3342
16.1941
18.1918
20.3286
22.6043
25.0152
27.5533
30.2064
32.9638
35.8342
38.8268
41.9474
45.1999
48.5873
52.112
55.7764
59.5825
63.5326
67.6286
71.8725
76.266
80.8111
85.5094
90.3628
95.3728
100.541
105.87
111.36
117.014
122.834
128.822
134.98
141.311
147.818
154.505
161.374
168.43
175.679
183.125
190.776
198.636
206.716
215.023
223.566
232.358
241.409
250.732
260.341
270.251
280.48
291.042
301.958
313.245
324.924
337.014
349.538
362.514
375.963
389.905
404.359
419.342
434.867
450.949
467.596
484.814
502.604
520.963
539.884
559.352
579.351
599.856
620.84
642.27
664.112
686.327
708.875
731.716
754.797
778.116
801.547
824.725
847.395
869.301
890.152
909.611
927.298
942.801
955.684
965.507
971.85
974.333
972.652
966.599
956.092
941.188
922.096
899.167
872.869
843.738
812.32
779.229
744.915
710.809
677.744
646.12
616.037
587.342
559.953
533.842
508.995
485.395
463.016
441.823
421.773
402.817
384.905
367.981
351.992
336.883
322.602
309.099
296.325
284.233
272.782
261.929
251.637
241.871
232.597
223.785
215.406
207.433
199.843
192.612
185.719
179.146
172.873
166.883
161.162
155.695
150.468
145.469
140.685
136.106
131.722
127.522
123.499
119.643
115.946
112.401
109.001
105.739
102.609
99.6051
96.7211
93.9521
91.2934
88.7408
86.2915
83.9476
81.7304
79.6556
77.7614
76.1363
74.9965
74.8096
4.52331
3.06905
3.03959
3.33935
3.77734
4.33104
4.9994
5.78594
6.6944
7.72763
8.88757
10.1754
11.5917
13.1362
14.8084
16.6078
18.534
20.5867
22.765
25.0677
27.4926
30.037
32.6986
35.4773
38.3761
41.3988
44.549
47.8295
51.2428
54.7914
58.4772
62.3023
66.2686
70.378
74.6323
79.0331
83.5819
88.2803
93.1297
98.1315
103.287
108.597
114.064
119.689
125.472
131.416
137.522
143.791
150.226
156.828
163.6
170.545
177.665
184.963
192.444
200.111
207.97
216.025
224.281
232.747
241.427
250.33
259.463
268.836
278.457
288.335
298.481
308.903
319.613
330.62
341.933
353.562
365.516
377.801
390.423
403.387
416.696
430.349
444.345
458.678
473.341
488.324
503.613
519.192
535.043
551.148
567.484
584.031
600.767
617.672
634.726
651.909
669.195
686.617
704.017
721.253
738.193
754.685
770.545
785.545
799.414
811.843
822.486
830.977
836.939
840.005
839.84
836.167
828.795
817.655
802.812
784.493
763.056
738.94
712.687
684.889
656.667
628.575
601.057
574.397
548.724
524.063
500.421
477.806
456.22
435.658
416.104
397.533
379.916
363.215
347.39
332.401
318.203
304.755
292.014
279.939
268.491
257.633
247.328
237.544
228.249
219.413
211.008
203.009
195.392
188.135
181.215
174.615
168.316
162.302
156.556
151.065
145.814
140.791
135.985
131.384
126.979
122.758
118.714
114.838
111.122
107.558
104.139
100.859
97.7107
94.6892
91.7885
89.0036
86.3295
83.7619
81.297
78.9318
76.6644
74.4961
72.4387
70.5083
68.7334
67.1712
65.9398
65.2178
6.9081
4.41147
4.21706
4.47472
4.94119
5.55465
6.29608
7.15985
8.14501
9.25206
10.4818
11.8349
13.3119
14.9131
16.6385
18.488
20.4617
22.5594
24.7809
27.1258
29.594
32.1853
34.9003
37.7403
40.7076
43.8049
47.0348
50.3999
53.9026
57.545
61.3292
65.2572
69.3309
73.5521
77.9222
82.443
87.1156
91.9414
96.9216
102.057
107.349
112.797
118.404
124.169
130.093
136.176
142.42
148.824
155.389
162.116
169.006
176.059
183.276
190.658
198.206
205.922
213.807
221.863
230.092
238.495
247.076
255.837
264.78
273.908
283.224
292.731
302.431
312.328
322.423
332.719
343.216
353.917
364.819
375.924
387.228
398.728
410.418
422.294
434.346
446.566
458.943
471.465
484.12
496.896
509.779
522.759
535.827
548.975
562.201
575.505
588.892
602.373
615.958
629.672
643.445
657.227
670.964
684.578
697.957
710.944
723.335
734.878
745.273
754.181
761.226
766.011
768.129
767.191
762.859
754.914
743.256
728.013
709.496
688.17
664.768
640.198
615.093
589.922
565.067
540.798
517.274
494.583
472.772
451.868
431.881
412.811
394.646
377.367
360.946
345.352
330.552
316.508
303.183
290.54
278.541
267.152
256.337
246.062
236.298
227.012
218.179
209.77
201.762
194.131
186.856
179.916
173.293
166.97
160.929
155.155
149.635
144.355
139.303
134.466
129.835
125.399
121.149
117.075
113.169
109.424
105.831
102.384
99.0764
95.9015
92.8536
89.9272
87.1172
84.4187
81.8273
79.3391
76.9508
74.6597
72.4645
70.3663
68.3722
66.496
64.759
63.1993
61.8843
60.8882
9.3279
5.70482
5.26981
5.48212
5.96703
6.62397
7.41785
8.33532
9.37159
10.5255
11.7972
13.1877
14.6982
16.3298
18.0835
19.9605
21.9617
24.0879
26.34
28.7189
31.2254
33.8609
36.6268
39.5251
42.5581
45.7283
49.0381
52.49
56.0863
59.8294
63.7213
67.7641
71.9595
76.3093
80.8149
85.4779
90.2992
95.2801
100.421
105.723
111.187
116.812
122.599
128.548
134.658
140.93
147.363
153.956
160.708
167.619
174.687
181.912
189.292
196.827
204.514
212.353
220.342
228.48
236.764
245.194
253.767
262.482
271.336
280.327
289.452
298.71
308.096
317.607
327.24
336.989
346.85
356.816
366.882
377.04
387.281
397.598
407.98
418.418
428.899
439.413
449.949
460.496
471.044
481.587
492.118
502.635
513.142
523.646
534.162
544.71
555.319
566.026
576.88
587.909
599.113
610.505
622.091
633.854
645.743
657.664
669.469
680.956
691.868
701.89
710.652
717.727
722.634
724.85
723.833
719.2
710.578
697.997
681.742
662.556
641.263
618.571
595.167
571.517
548.016
524.957
502.526
480.84
459.965
439.937
420.773
402.472
385.024
368.409
352.604
337.578
323.299
309.734
296.848
284.606
272.974
261.919
251.409
241.412
231.9
222.844
214.22
206.002
198.167
190.694
183.563
176.755
170.251
164.037
158.096
152.414
146.977
141.774
136.792
132.021
127.449
123.068
118.869
114.842
110.98
107.275
103.719
100.307
97.0321
93.8877
90.8684
87.9688
85.1841
82.5097
79.9414
77.4754
75.1087
72.8389
70.6648
68.5874
66.6113
64.7479
63.013
61.4327
60.0465
58.8871
11.3442
6.74238
6.13683
6.31423
6.80935
7.49409
8.32142
9.27201
10.338
11.517
12.8089
14.215
15.7373
17.378
19.1392
21.0231
23.0319
25.1672
27.4311
29.8253
32.3517
35.0123
37.8094
40.7452
43.8224
47.0434
50.411
53.9276
57.5959
61.418
65.3962
69.5327
73.8291
78.2874
82.9089
87.6949
92.6464
97.7644
103.049
108.502
114.121
119.909
125.863
131.983
138.268
144.718
151.331
158.105
165.038
172.129
179.374
186.771
194.317
202.009
209.843
217.815
225.922
234.159
242.522
251.004
259.602
268.308
277.117
286.023
295.017
304.093
313.243
322.457
331.726
341.041
350.391
359.765
369.151
378.537
387.91
397.256
406.564
415.817
425.005
434.113
443.131
452.049
460.86
469.559
478.149
486.634
495.027
503.349
511.629
519.905
528.224
536.645
545.248
554.071
563.164
572.589
582.4
592.638
603.312
614.388
625.781
637.347
648.887
660.138
670.766
680.352
688.376
694.2
696.886
695.672
690.143
680.244
666.493
649.55
630.125
608.925
586.625
563.797
540.973
518.506
496.614
475.427
455.022
435.439
416.693
398.784
381.701
365.424
349.929
335.186
321.164
307.832
295.154
283.099
271.633
260.725
250.344
240.46
231.047
222.078
213.527
205.372
197.591
190.163
183.07
176.292
169.813
163.618
157.692
152.021
146.591
141.392
136.412
131.64
127.066
122.681
118.476
114.442
110.572
106.859
103.295
99.8733
96.5884
93.4341
90.4047
87.4952
84.7007
82.0168
79.4392
76.9646
74.5899
72.313
70.1326
68.0494
66.067
64.1937
62.4417
60.8289
59.3787
58.1057
12.8849
7.54584
6.8101
6.95403
7.44789
8.14391
8.98621
9.9509
11.0277
12.2132
13.5069
14.9107
16.4269
18.0586
19.8088
21.6806
23.677
25.8008
28.0545
30.4409
32.9626
35.6222
38.4226
41.3664
44.4566
47.6961
51.0877
54.6342
58.3382
62.2023
66.2288
70.42
74.7777
79.3038
83.9998
88.867
93.9063
99.1186
104.504
110.063
115.796
121.702
127.78
134.029
140.448
147.035
153.787
160.703
167.78
175.014
182.402
189.94
197.623
205.446
213.405
221.492
229.703
238.031
246.467
255.005
263.636
272.35
281.139
289.992
298.898
307.845
316.822
325.815
334.811
343.795
352.752
361.667
370.523
379.304
387.993
396.573
405.027
413.337
421.49
429.468
437.261
444.858
452.252
459.44
466.428
473.225
479.85
486.332
492.71
499.034
505.368
511.787
518.381
525.207
532.349
539.901
547.959
556.612
565.929
575.941
586.632
597.935
609.732
621.853
634.056
646.007
657.236
666.745
673.246
675.774
673.776
667.223
656.456
642.028
624.619
604.962
583.777
561.718
539.36
517.168
495.525
474.576
454.403
435.043
416.509
398.798
381.898
365.787
350.44
335.829
321.923
308.689
296.095
284.109
272.7
261.835
251.487
241.626
232.227
223.262
214.71
206.547
198.752
191.306
184.189
177.385
170.878
164.651
158.691
152.985
147.52
142.283
137.265
132.455
127.843
123.42
119.177
115.106
111.199
107.45
103.85
100.394
97.0748
93.8874
90.826
87.8854
85.0609
82.3481
79.7429
77.242
74.8423
72.5417
70.3392
68.235
66.2317
64.3353
62.5551
60.9031
59.3929
58.0312
14.0084
8.13041
7.2926
7.401
7.88111
8.57182
9.41118
10.372
11.4423
12.6174
13.8968
15.2822
16.7763
18.3825
20.1045
21.9458
23.9101
26.0008
28.2213
30.5748
33.0646
35.6939
38.4661
41.3843
44.4518
47.6718
51.0475
54.5819
58.278
62.1385
66.166
70.3628
74.7312
79.273
83.99
88.8835
93.9547
99.2043
104.633
110.24
116.027
121.992
128.134
134.453
140.946
147.611
154.446
161.448
168.613
175.938
183.418
191.048
198.822
206.735
214.781
222.95
231.237
239.632
248.126
256.709
265.37
274.099
282.882
291.708
300.561
309.427
318.291
327.136
335.945
344.7
353.383
361.973
370.452
378.798
386.992
395.012
402.839
410.452
417.832
424.962
431.827
438.413
444.713
450.721
456.442
461.886
467.073
472.032
476.809
481.459
486.054
490.68
495.429
500.371
505.601
511.233
517.39
524.198
531.777
540.22
549.588
559.902
571.154
583.31
596.301
609.982
624.006
636.973
647.43
654.185
656.475
654.014
646.899
635.551
620.615
602.853
583.053
561.955
540.213
518.372
496.872
476.058
456.021
436.796
418.39
400.796
383.999
367.977
352.706
338.155
324.296
311.097
298.525
286.55
275.14
264.267
253.9
244.015
234.583
225.581
216.986
208.776
200.931
193.431
186.259
179.397
172.83
166.544
160.523
154.756
149.23
143.933
138.855
133.986
129.316
124.835
120.536
116.41
112.45
108.648
104.997
101.492
98.1252
94.8915
91.7853
88.8015
85.9354
83.1825
80.539
78.0014
75.5668
73.2331
70.999
68.8646
66.8316
64.9042
63.0891
61.3943
59.827
58.3904
14.7138
8.50348
7.59255
7.66482
8.12019
8.79051
9.61051
10.551
11.5987
12.7481
13.9982
15.3504
16.8072
18.3723
20.0492
21.8421
23.7548
25.7912
27.9551
30.2503
32.6805
35.2495
37.961
40.8187
43.8261
46.9868
50.3044
53.7822
57.4234
61.231
65.208
69.3571
73.6806
78.1808
82.8595
87.7185
92.7591
97.9822
103.389
108.979
114.752
120.709
126.848
133.169
139.668
146.345
153.196
160.219
167.409
174.763
182.275
189.941
197.753
205.706
213.791
222.002
230.328
238.759
247.287
255.898
264.582
273.324
282.11
290.927
299.756
308.583
317.388
326.152
334.857
343.481
352.002
360.399
368.649
376.729
384.614
392.282
399.71
406.873
413.751
420.322
426.567
432.469
438.016
443.198
448.015
452.472
456.585
460.38
463.898
467.194
470.338
473.42
476.53
479.733
483.12
486.803
490.911
495.585
500.968
507.203
514.414
522.715
532.223
543.09
555.512
569.697
585.466
601.347
615.681
627.075
634.391
636.892
634.322
626.889
615.158
599.906
581.991
562.249
541.437
520.194
499.04
478.383
458.495
439.414
421.14
403.66
386.96
371.016
355.805
341.299
327.468
314.283
301.714
289.729
278.299
267.396
256.992
247.061
237.579
228.521
219.865
211.591
203.678
196.108
188.864
181.93
175.29
168.929
162.835
156.994
151.395
146.026
140.877
135.938
131.199
126.651
122.286
118.096
114.074
110.211
106.502
102.939
99.5172
96.2301
93.0724
90.0389
87.1248
84.326
81.6383
79.0584
76.5834
74.2111
71.9401
69.7703
67.7025
65.7393
63.8856
62.146
60.5241
59.0217
15.0203
8.67787
7.72369
7.76191
8.18454
8.8223
9.60911
10.5151
11.5261
12.636
13.8431
15.1481
16.5535
18.0623
19.6784
21.4055
23.2479
25.2095
27.2945
29.507
31.851
34.3308
36.9502
39.7135
42.6244
45.6869
48.9049
52.2821
55.8219
59.5279
63.4033
67.4511
71.674
76.0748
80.6556
85.4186
90.3655
95.4976
100.816
106.322
112.014
117.895
123.961
130.214
136.651
143.271
150.07
157.047
164.197
171.516
178.999
186.641
194.435
202.375
210.452
218.658
226.984
235.419
243.952
252.571
261.262
270.012
278.805
287.624
296.454
305.274
314.066
322.809
331.482
340.062
348.526
356.849
365.007
372.975
380.727
388.238
395.482
402.434
409.071
415.368
421.303
426.854
432.003
436.735
441.041
444.92
448.38
451.437
454.124
456.484
458.581
460.496
462.319
464.09
465.876
467.766
469.862
472.284
475.159
478.626
482.836
487.961
494.237
502.035
511.908
524.617
540.393
557.77
575.343
591.438
604.371
612.772
615.839
613.416
605.89
594.009
578.696
560.896
541.485
521.219
500.716
480.461
460.826
441.977
423.907
406.602
390.045
374.217
359.096
344.656
330.872
317.716
305.158
293.17
281.726
270.796
260.357
250.382
240.847
231.732
223.013
214.672
206.689
199.046
191.728
184.717
177.999
171.561
165.389
159.471
153.795
148.35
143.126
138.113
133.301
128.683
124.249
119.992
115.904
111.977
108.206
104.584
101.104
97.7605
94.5485
91.4626
88.4982
85.6508
82.9165
80.2919
77.774
75.3605
73.05
70.8419
68.7366
66.7354
64.8411
63.0565
61.3826
59.8206
14.9599
8.67162
7.70423
7.71337
8.09901
8.69577
9.43907
10.2993
11.2621
12.3206
13.4726
14.7182
16.0591
17.4981
19.0386
20.6845
22.4395
24.3079
26.2939
28.4016
30.6355
32.9999
35.4989
38.137
40.9184
43.8473
46.9279
50.1642
53.5601
57.1196
60.8461
64.7432
68.8142
73.0621
77.4897
82.0996
86.894
91.8749
97.0439
102.402
107.951
113.691
119.621
125.742
132.052
138.55
145.234
152.102
159.15
166.375
173.771
181.334
189.058
196.935
204.958
213.119
221.407
229.812
238.323
246.928
255.613
264.362
273.161
281.993
290.839
299.68
308.497
317.267
325.969
334.578
343.071
351.423
359.607
367.598
375.368
382.893
390.146
397.101
403.734
410.02
415.935
421.454
426.553
431.209
435.407
439.138
442.401
445.203
447.563
449.514
451.105
452.404
453.493
454.38
455.093
455.675
456.175
456.642
457.129
457.691
458.404
459.407
460.976
463.687
468.538
476.879
489.551
505.972
525.112
545.194
563.932
579.081
588.996
592.895
590.822
583.413
571.629
556.531
539.138
520.347
500.899
481.38
462.234
443.781
426.049
409.027
392.705
377.068
362.1
347.781
334.089
320.999
308.487
296.525
285.09
274.155
263.697
253.694
244.121
234.96
226.188
217.789
209.743
202.034
194.646
187.564
180.773
174.261
168.014
162.021
156.271
150.752
145.455
140.37
135.488
130.8
126.298
121.974
117.821
113.832
110
106.318
102.78
99.3814
96.1155
92.9775
89.9627
87.0668
84.2858
81.6162
79.0551
76.6
74.2494
72.0022
69.8585
67.8184
65.8834
64.0545
62.3312
60.715
14.565
8.50512
7.55501
7.54311
7.89159
8.44314
9.1365
9.94323
10.8491
11.8471
12.9342
14.11
15.3757
16.7336
18.1867
19.7384
21.3924
23.1526
25.0231
27.0081
29.1122
31.3397
33.695
36.1827
38.8074
41.5734
44.4852
47.5473
50.7639
54.1394
57.6777
61.383
65.2589
69.3092
73.5372
77.9462
82.539
87.3184
92.2866
97.4458
102.797
108.343
114.083
120.018
126.148
132.471
138.988
145.696
152.592
159.673
166.936
174.376
181.986
189.762
197.695
205.776
213.997
222.348
230.816
239.39
248.057
256.801
265.608
274.459
283.337
292.223
301.095
309.933
318.714
327.414
336.009
344.472
352.779
360.903
368.818
376.497
383.917
391.053
397.883
404.383
410.532
416.305
421.67
426.597
431.066
435.061
438.577
441.609
444.164
446.273
447.976
449.329
450.387
451.136
451.558
451.649
451.388
450.722
449.57
447.814
445.329
442.059
438.147
434.156
431.314
431.652
437.085
448.47
465.859
487.853
511.682
533.993
551.874
563.514
568.331
566.694
559.547
548.065
533.433
516.717
498.811
480.428
462.112
444.273
427.062
410.475
394.513
379.173
364.449
350.329
336.795
323.831
311.414
299.523
288.136
277.231
266.786
256.781
247.195
238.009
229.204
220.764
212.671
204.91
197.465
190.323
183.47
176.894
170.581
164.522
158.704
153.118
147.754
142.603
137.655
132.902
128.337
123.951
119.738
115.689
111.799
108.061
104.469
101.017
97.6996
94.5118
91.4489
88.5065
85.6806
82.9676
80.3645
77.869
75.479
73.1935
71.0118
68.9336
66.9586
65.0872
63.3176
61.6518
13.8634
8.19986
7.29866
7.27655
7.59162
8.09795
8.73894
9.48809
10.3318
11.2631
12.2786
13.3774
14.5604
15.8292
17.1866
18.6361
20.1808
21.823
23.5671
25.4176
27.3787
29.4549
31.6508
33.9711
36.4204
39.0035
41.7251
44.59
47.6029
50.7685
54.0914
57.5762
61.2273
65.0489
69.0452
73.2202
77.5775
82.1208
86.853
91.7773
96.8961
102.212
107.725
113.439
119.353
125.468
131.784
138.298
145.011
151.919
159.019
166.308
173.779
181.429
189.25
197.233
205.372
213.655
222.072
230.611
239.26
248.002
256.824
265.708
274.637
283.591
292.551
301.495
310.4
319.243
328
336.646
345.156
353.503
361.663
369.612
377.326
384.786
391.972
398.87
405.465
411.741
417.654
423.16
428.233
432.854
437.012
440.704
443.933
446.722
449.114
451.158
452.87
454.202
455.109
455.558
455.477
454.69
452.978
449.999
445.352
438.672
429.788
418.974
407.267
396.87
390.757
391.761
402.06
421.753
448.241
477.042
503.486
524.136
537.313
542.854
541.567
534.717
523.671
509.698
493.875
477.071
459.952
443.019
426.554
410.584
395.135
380.222
365.852
352.025
338.734
325.968
313.712
301.948
290.661
279.831
269.44
259.47
249.903
240.723
231.912
223.455
215.338
207.545
200.062
192.877
185.977
179.351
172.986
166.872
160.998
155.356
149.934
144.726
139.721
134.912
130.291
125.85
121.582
117.48
113.538
109.749
106.107
102.607
99.2428
96.0094
92.9022
89.9168
87.0492
84.2959
81.6536
79.1199
76.6928
74.3707
72.1526
70.0378
68.0248
66.1134
64.3011
62.59
12.9367
7.79337
6.96399
6.94163
7.2293
7.6938
8.2838
8.97522
9.75555
10.6181
11.5595
12.5785
13.6753
14.8512
16.1084
17.4492
18.8767
20.3938
22.0044
23.7125
25.5223
27.4383
29.465
31.6072
33.8697
36.2576
38.7759
41.4297
44.2242
47.1645
50.2559
53.5035
56.9125
60.4878
64.2344
68.1572
72.2607
76.5494
81.0276
85.6991
90.5675
95.6361
100.908
106.385
112.069
117.962
124.064
130.375
136.894
143.621
150.553
157.686
165.017
172.541
180.252
188.143
196.206
204.431
212.809
221.328
229.975
238.737
247.599
256.543
265.554
274.613
283.7
292.794
301.873
310.915
319.896
328.792
337.579
346.233
354.73
363.047
371.166
379.069
386.747
394.198
401.421
408.369
414.997
421.269
427.161
432.654
437.739
442.415
446.69
450.597
454.188
457.486
460.445
462.994
465.049
466.498
467.18
466.861
465.258
461.789
455.801
446.673
433.964
417.635
398.31
377.601
358.599
345.331
342.504
353.427
377.55
410.125
444.472
474.765
497.505
511.535
517.308
516.107
509.481
498.926
485.737
470.965
455.42
439.708
424.237
409.087
394.319
379.974
366.082
352.656
339.701
327.217
315.196
303.627
292.499
281.798
271.509
261.618
252.111
242.973
234.189
225.747
217.632
209.832
202.335
195.129
188.202
181.543
175.143
168.99
163.075
157.389
151.924
146.67
141.619
136.763
132.096
127.609
123.296
119.149
115.162
111.33
107.645
104.103
100.698
97.4245
94.2782
91.2547
88.3499
85.5603
82.8827
80.3143
77.8531
75.4972
73.2454
71.0964
69.0483
67.0999
65.2487
63.497
11.8782
7.31817
6.57576
6.56133
6.82798
7.25539
7.79752
8.43297
9.15062
9.94438
10.811
11.7492
12.7588
13.8405
14.996
16.2274
17.5373
18.9286
20.4048
21.9697
23.6275
25.3826
27.2396
29.2034
31.279
33.4718
35.787
38.2303
40.8074
43.5239
46.3857
49.3987
52.5688
55.9018
59.4038
63.0803
66.9371
70.9798
75.2136
79.6435
84.2744
89.1106
94.156
99.4143
104.888
110.58
116.492
122.625
128.979
135.554
142.349
149.36
156.586
164.021
171.661
179.499
187.528
195.739
204.123
212.668
221.362
230.193
239.145
248.204
257.352
266.572
275.845
285.151
294.469
303.777
313.053
322.275
331.419
340.464
349.387
358.169
366.795
375.252
383.54
391.668
399.628
407.372
414.86
422.063
428.958
435.531
441.778
447.702
453.323
458.69
463.839
468.744
473.276
477.347
480.827
483.526
485.179
485.43
483.842
479.655
472.067
460.351
444.021
423.012
397.833
369.703
340.747
314.583
296.477
292.798
307.525
338.455
377.91
417.144
449.902
473.315
487.1
492.4
490.911
484.367
474.302
461.971
448.35
434.164
419.932
405.802
391.884
378.254
364.966
352.053
339.536
327.423
315.717
304.416
293.514
283.001
272.87
263.108
253.706
244.651
235.932
227.539
219.459
211.683
204.198
196.996
190.065
183.396
176.98
170.807
164.869
159.156
153.661
148.376
143.292
138.403
133.701
129.179
124.831
120.649
116.627
112.76
109.041
105.464
102.025
98.7187
95.5398
92.4841
89.5477
86.727
84.0187
81.4201
78.9288
76.5429
74.2608
72.0809
70.001
68.0194
66.1334
64.3455
10.7001
6.77479
6.13932
6.14454
6.39952
6.79794
7.29928
7.88497
8.54542
9.27539
10.072
10.9339
11.8609
12.8534
13.9128
15.041
16.2402
17.5135
18.8642
20.2959
21.813
23.4198
25.1212
26.9222
28.8284
30.8451
32.9785
35.2344
37.6192
40.1393
42.8014
45.612
48.5781
51.7064
55.004
58.4777
62.1342
65.9802
70.0223
74.2666
78.7191
83.3853
88.2703
93.3787
98.7145
104.281
110.081
116.116
122.388
128.897
135.641
142.62
149.831
157.27
164.932
172.812
180.901
189.193
197.677
206.342
215.178
224.171
233.307
242.571
251.948
261.419
270.969
280.576
290.222
299.887
309.549
319.188
328.783
338.315
347.764
357.116
366.357
375.483
384.498
393.42
402.243
410.922
419.426
427.73
435.82
443.689
451.337
458.779
466.051
473.197
480.197
486.865
493.088
498.728
503.575
507.325
509.556
509.753
507.221
501.074
490.49
474.813
453.75
427.505
396.854
363.111
328.059
294.067
264.889
246.829
247.373
270.013
309.511
355.102
397.068
429.941
452.14
464.412
468.502
466.359
459.762
450.178
438.754
426.346
413.563
400.633
387.721
374.944
362.384
350.095
338.115
326.465
315.158
304.201
293.593
283.334
273.418
263.839
254.591
245.666
237.054
228.749
220.74
213.02
205.579
198.409
191.501
184.846
178.437
172.265
166.323
160.602
155.095
149.795
144.694
139.785
135.062
130.518
126.146
121.94
117.894
114.002
110.258
106.656
103.192
99.8597
96.6555
93.5746
90.6131
87.7673
85.0339
82.4102
79.8936
77.4821
75.1738
72.9671
70.8595
68.8487
66.9323
65.1129
9.48575
6.18459
5.66973
5.7079
5.9641
6.34644
6.81993
7.36872
7.98474
8.66362
9.40302
10.2019
11.0602
11.9785
12.9582
14.0013
15.1102
16.288
17.5383
18.865
20.2726
21.7659
23.3501
25.0308
26.8138
28.7054
30.712
32.8404
35.0978
37.4914
40.0288
42.7177
45.566
48.5818
51.7731
55.148
58.7144
62.4804
66.4534
70.6409
75.0499
79.6869
84.5578
89.6681
95.0223
100.625
106.478
112.585
118.946
125.563
132.435
139.559
146.934
154.556
162.418
170.516
178.841
187.385
196.138
205.089
214.226
223.537
233.008
242.624
252.37
262.23
272.186
282.222
292.319
302.458
312.621
322.79
332.948
343.078
353.167
363.204
373.182
383.105
392.986
402.855
412.695
422.475
432.173
441.778
451.285
460.695
470.021
479.291
488.531
497.717
506.59
514.987
522.762
529.678
535.388
539.4
541.067
539.59
534.068
523.622
507.645
485.759
458.103
425.365
388.785
349.995
310.81
273.097
239.051
212.651
200.906
211.722
245.895
293.822
342.813
384.165
414.4
433.536
443.22
445.559
442.545
435.851
426.781
416.316
405.137
393.55
381.776
369.973
358.252
346.692
335.345
324.248
313.423
302.886
292.645
282.704
273.066
263.727
254.686
245.939
237.481
229.305
221.407
213.779
206.415
199.308
192.452
185.839
179.462
173.314
167.39
161.681
156.181
150.884
145.782
140.87
136.141
131.589
127.207
122.99
118.931
115.025
111.266
107.649
104.169
100.82
97.5988
94.5005
91.521
88.6569
85.9048
83.2618
80.7253
78.2933
75.9637
73.7346
71.6037
69.5683
67.6261
65.78
8.59531
5.7114
5.28974
5.36385
5.63497
6.02054
6.48902
7.02621
7.62505
8.28196
8.99529
9.76464
10.5905
11.4742
12.4175
13.4231
14.4939
15.6337
16.8465
18.137
19.5104
20.9721
22.528
24.1846
25.9484
27.8266
29.8264
31.9558
34.2228
36.6359
39.2037
41.9352
44.8395
47.9258
51.2034
54.6815
58.3693
62.2756
66.4088
70.7771
75.3879
80.2481
85.3636
90.7398
96.3811
102.291
108.472
114.925
121.651
128.65
135.92
143.458
151.259
159.319
167.63
176.186
184.976
193.991
203.22
212.651
222.272
232.069
242.029
252.138
262.381
272.744
283.21
293.763
304.387
315.065
325.784
336.529
347.288
358.051
368.809
379.56
390.307
401.066
411.863
422.719
433.613
444.53
455.465
466.416
477.39
488.397
499.459
510.548
521.644
532.364
542.549
552.029
560.525
567.628
572.776
575.232
574.102
568.394
557.143
539.614
515.548
485.272
449.587
409.749
367.468
324.645
283.096
244.376
209.841
181.455
163.978
165.772
192.995
240.141
293.451
341.314
378.192
403.203
417.787
424.127
424.382
420.38
413.557
404.99
395.401
385.163
374.546
363.746
352.9
342.108
331.436
320.934
310.635
300.562
290.731
281.152
271.832
262.774
253.98
245.449
237.179
229.168
221.413
213.909
206.653
199.638
192.86
186.314
179.994
173.895
168.01
162.334
156.862
151.586
146.503
141.604
136.885
132.341
127.964
123.749
119.691
115.784
112.023
108.402
104.917
101.563
98.3343
95.2279
92.2396
89.3656
86.6027
83.948
81.3988
78.9529
76.6082
74.3629
72.2146
70.1605
68.1984
66.3314
7.81906
5.27549
4.95254
5.07787
5.38142
5.78891
6.27215
6.81875
7.42297
8.08241
8.79653
9.566
10.3923
11.2778
12.2252
13.238
14.3204
15.4769
16.7128
18.0339
19.4464
20.957
22.5725
24.3005
26.1488
28.1256
30.2395
32.4997
34.9156
37.4971
40.2542
43.1974
46.3372
49.684
53.2483
57.0404
61.0701
65.347
69.8799
74.6766
79.7444
85.0891
90.7156
96.6279
102.828
109.319
116.099
123.169
130.527
138.169
146.091
154.288
162.753
171.477
180.451
189.664
199.106
208.764
218.626
228.679
238.908
249.301
259.846
270.53
281.338
292.259
303.276
314.376
325.545
336.771
348.042
359.355
370.702
382.081
393.489
404.937
416.439
428.029
439.726
451.529
463.433
475.438
487.552
499.774
512.119
524.574
537.104
549.564
561.541
572.905
583.447
592.842
600.629
606.187
608.726
607.306
600.896
588.506
569.38
543.238
510.524
472.191
429.521
384.263
338.392
293.82
252.154
214.561
181.811
154.717
135.9
132.113
152.058
195.507
250.095
302.237
344.303
374.266
393.151
403.095
406.342
404.835
400.115
393.343
385.263
376.313
366.809
356.98
346.987
336.947
326.943
317.033
307.261
297.658
288.244
279.037
270.048
261.284
252.751
244.45
236.385
228.555
220.959
213.595
206.46
199.553
192.869
186.404
180.154
174.116
168.284
162.654
157.22
151.978
146.922
142.048
137.35
132.822
128.46
124.257
120.208
116.309
112.554
108.937
105.455
102.102
98.8735
95.7659
92.7751
89.8974
87.1296
84.4687
81.912
79.4573
77.1024
74.8453
72.684
70.6162
68.639
66.7557
7.12936
4.86506
4.65432
4.8527
5.21208
5.66599
6.18983
6.77356
7.41352
8.10916
8.86172
9.67354
10.5478
11.4883
12.4997
13.5872
14.7566
16.0148
17.3689
18.827
20.3975
22.0891
23.9108
25.8721
27.9828
30.2532
32.6943
35.3174
38.1343
41.1572
44.3982
47.8699
51.5843
55.5536
59.789
64.3014
69.1005
74.1953
79.5928
85.2986
91.3165
97.6483
104.294
111.254
118.523
126.098
133.974
142.144
150.6
159.335
168.339
177.601
187.109
196.849
206.808
216.972
227.325
237.854
248.545
259.384
270.357
281.453
292.663
303.979
315.39
326.885
338.451
350.079
361.758
373.482
385.248
397.067
408.946
420.886
432.892
445.001
457.236
469.601
482.116
494.793
507.63
520.635
533.832
547.176
560.637
574.137
587.299
599.844
611.617
622.372
631.736
639.193
644.07
645.538
642.634
634.336
619.683
597.966
568.945
533.065
491.567
445.802
397.535
348.773
301.478
257.314
217.486
182.682
153.162
129.049
111.481
105.044
118.56
156.541
209.993
264.586
310.723
345.02
367.885
381.272
387.437
388.398
385.778
380.808
374.253
366.612
358.246
349.414
340.302
331.044
321.736
312.447
303.231
294.124
285.156
276.347
267.715
259.269
251.021
242.975
235.136
227.507
220.089
212.883
205.888
199.104
192.528
186.159
179.993
174.027
168.259
162.684
157.299
152.1
147.081
142.239
137.569
133.066
128.725
124.54
120.508
116.622
112.879
109.272
105.798
102.451
99.2275
96.1234
93.1346
90.2575
87.4888
84.8255
82.265
79.8048
77.4428
75.1771
73.0057
70.9266
68.9374
67.0412
6.5728
4.51965
4.44625
4.75081
5.20314
5.7436
6.35134
7.01996
7.7491
8.54129
9.40072
10.3326
11.3431
12.4391
13.6285
14.9201
16.3241
17.8515
19.5147
21.3268
23.3016
25.4526
27.7935
30.338
33.1005
36.096
39.3398
42.8478
46.6359
50.7195
55.1138
59.8329
64.8895
70.2947
76.0577
82.1851
88.6813
95.5477
102.782
110.378
118.327
126.616
135.232
144.158
153.377
162.872
172.624
182.614
192.828
203.25
213.862
224.646
235.583
246.653
257.84
269.126
280.499
291.943
303.447
315.001
326.596
338.231
349.913
361.64
373.406
385.206
397.031
408.879
420.748
432.638
444.563
456.572
468.694
480.919
493.251
505.704
518.298
531.055
544.023
557.202
570.555
584.051
597.741
611.428
624.796
637.541
649.525
660.523
670.232
678.225
683.936
686.653
685.525
679.602
667.907
649.568
623.988
591.043
551.265
505.982
456.817
405.526
354.101
304.496
258.372
216.923
180.814
150.222
124.961
104.717
89.7747
82.8386
91.4197
123.125
173.433
228.692
277.728
315.683
342.162
358.806
367.797
371.183
370.648
367.474
362.452
356.137
348.93
341.12
332.914
324.463
315.876
307.234
298.598
290.014
281.516
273.13
264.878
256.775
248.833
241.063
233.47
226.061
218.84
211.809
204.97
198.323
191.87
185.608
179.537
173.655
167.96
162.45
157.122
151.972
146.998
142.195
137.559
133.086
128.771
124.611
120.599
116.732
113.005
109.412
105.95
102.614
99.3997
96.3028
93.3196
90.4465
87.6802
85.0176
82.4562
79.9933
77.6269
75.3551
73.1758
71.0876
69.0883
67.1812
6.15555
4.31027
4.43816
4.90711
5.52702
6.2357
7.01604
7.86888
8.80054
9.81987
10.9374
12.1651
13.5162
15.0057
16.6508
18.4709
20.4882
22.7277
25.2171
27.9862
31.065
34.4814
38.2609
42.4282
47.0074
52.0221
57.4946
63.4447
69.889
76.84
84.3052
92.2864
100.78
109.775
119.256
129.199
139.576
150.358
161.502
172.964
184.695
196.646
208.772
221.028
233.372
245.768
258.183
270.588
282.975
295.336
307.649
319.893
332.05
344.107
356.053
367.884
379.597
391.191
402.671
414.043
425.319
436.52
447.708
458.884
470.037
481.166
492.274
503.369
514.461
525.565
536.704
547.927
559.292
570.803
582.453
594.244
606.181
618.278
630.597
643.097
655.641
668.073
680.048
691.451
702.115
711.804
720.244
727.07
731.804
733.84
732.448
726.791
715.969
699.109
675.484
644.674
606.741
562.369
512.964
460.36
406.301
352.724
301.507
254.23
212.009
175.431
144.594
119.218
98.7882
82.748
70.951
64.7618
69.8575
95.0581
140.476
194.592
245.288
286.194
315.925
335.652
347.396
353.183
354.729
353.352
349.88
344.915
338.894
332.132
324.859
317.241
309.401
301.431
293.402
285.364
277.36
269.421
261.573
253.834
246.221
238.747
231.421
224.251
217.244
210.404
203.736
197.241
190.922
184.779
178.813
173.025
167.412
161.974
156.71
151.617
146.692
141.933
137.336
132.898
128.614
124.481
120.495
116.65
112.942
109.367
105.921
102.598
99.3957
96.3089
93.3341
90.4677
87.7063
85.0469
82.4868
80.0234
77.6546
75.3786
73.1934
71.0977
69.09
67.1739
5.70331
4.45026
4.93084
5.72436
6.69399
7.79128
8.98884
10.3121
11.7872
13.4432
15.3127
17.4325
19.8446
22.5964
25.7427
29.3464
33.4789
38.2201
43.6563
49.876
56.9625
64.9757
73.954
83.9202
94.8832
106.836
119.752
133.588
148.279
163.745
179.893
196.615
213.799
231.325
249.07
266.913
284.758
302.525
320.103
337.388
354.291
370.74
386.682
402.079
416.908
431.156
444.821
457.918
470.55
482.782
494.571
505.905
516.793
527.256
537.317
547.006
556.354
565.393
574.157
582.687
591.048
599.274
607.403
615.46
623.461
631.427
639.378
647.336
655.323
663.363
671.484
679.733
688.224
696.887
705.693
714.623
723.654
732.73
741.648
750.284
758.579
766.389
773.508
779.708
784.724
788.217
789.769
788.862
784.878
777.103
764.758
747.052
723.271
692.893
655.734
612.087
562.83
509.459
453.885
397.798
343.021
291.283
244.002
202.138
166.146
136.01
111.355
91.5901
76.0359
64.0676
55.355
50.4496
53.2505
72.1767
111.235
162.32
213.289
256.356
288.959
311.62
326.079
334.277
337.928
338.376
336.491
332.916
328.12
322.443
316.136
309.384
302.321
295.053
287.656
280.192
272.708
265.24
257.819
250.468
243.206
236.049
229.009
222.098
215.323
208.691
202.209
195.88
189.709
183.697
177.847
172.161
166.638
161.28
156.086
151.054
146.184
141.473
136.919
132.519
128.27
124.167
120.208
116.388
112.702
109.147
105.719
102.412
99.2237
96.1491
93.1846
90.3267
87.5721
84.9176
82.3605
79.8982
77.5286
75.2498
73.0601
70.9584
68.9436
67.0199
5.10585
5.78394
7.34345
9.19116
11.3645
13.878
16.7155
20.0017
23.8583
28.4249
33.8627
40.3554
48.1093
57.3512
68.3231
81.2731
96.4402
114.035
134.212
157.047
182.545
210.485
240.497
272.16
305.033
338.67
372.632
406.499
439.884
472.442
503.926
534.098
562.752
589.724
614.9
638.219
659.855
680.043
698.594
715.453
730.643
744.227
756.294
766.947
776.294
784.446
791.514
797.606
802.843
807.34
811.19
814.473
817.26
819.62
821.616
823.307
824.749
825.993
827.084
828.082
829.108
830.133
831.16
832.212
833.314
834.497
835.789
837.217
838.803
840.563
842.508
844.619
846.75
848.956
851.239
853.567
855.879
858.077
860.034
861.592
862.571
862.757
861.887
859.642
855.642
849.437
840.5
828.236
811.999
791.124
764.986
733.091
695.173
651.312
602.042
548.437
492.083
434.762
378.054
323.599
272.894
227.119
187.016
152.856
124.486
101.438
83.0644
68.6538
57.5327
49.1499
43.0882
39.5258
40.9224
54.2323
85.9162
132.057
181.691
225.96
260.981
286.419
303.585
314.245
320.063
322.402
322.174
320.054
316.541
312.003
306.71
300.865
294.618
288.085
281.354
274.494
267.557
260.589
253.621
246.682
239.796
232.979
226.248
219.615
213.092
206.686
200.407
194.259
188.249
182.38
176.657
171.082
165.658
160.387
155.269
150.304
145.493
140.834
136.326
131.967
127.754
123.684
119.754
115.96
112.299
108.765
105.356
102.067
98.8934
95.8322
92.8794
90.0314
87.2848
84.6364
82.0834
79.6233
77.2538
74.9733
72.7801
70.6733
68.6525
66.7224
4.51948
17.5283
26.6502
36.4138
47.6856
61.4177
78.0158
98.0769
122.292
151.371
185.969
226.601
273.572
326.904
386.294
451.104
520.372
592.869
667.172
741.785
816.73
890.185
959.881
1024.42
1082.96
1135.06
1180.55
1219.52
1252.18
1278.91
1300.44
1316.95
1328.83
1336.53
1340.52
1341.27
1339.26
1334.95
1328.72
1320.89
1311.74
1301.53
1290.47
1278.77
1266.58
1254.06
1241.34
1228.52
1215.69
1202.95
1190.36
1177.98
1165.84
1154
1142.47
1131.28
1120.45
1109.99
1099.89
1090.16
1080.66
1071.44
1062.54
1053.97
1045.74
1037.84
1030.28
1023.05
1016.14
1009.53
1003.18
997.064
991.124
985.298
979.513
973.674
967.664
961.343
954.547
947.069
938.665
929.045
917.872
904.76
889.271
870.922
849.195
823.566
793.548
758.742
718.911
674.073
624.574
571.162
515.001
457.763
400.873
345.734
293.731
246.065
203.617
166.868
135.884
110.376
89.802
73.4881
60.7374
50.9042
43.4431
37.8988
33.905
31.4909
32.0967
40.7898
64.7591
104.215
150.673
194.905
231.718
259.71
279.574
292.782
300.882
305.217
306.751
306.183
304.04
300.716
296.503
291.622
286.241
280.488
274.463
268.242
261.888
255.45
248.966
242.468
235.983
229.533
223.134
216.804
210.553
204.394
198.336
192.387
186.553
180.842
175.258
169.806
164.49
159.313
154.277
149.385
144.637
140.034
135.575
131.259
127.084
123.049
119.149
115.383
111.746
108.234
104.845
101.574
98.4163
95.3694
92.4289
89.5914
86.8534
84.2118
81.6636
79.2063
76.8378
74.5561
72.36
70.2488
68.2228
66.2873
9.41918
218.846
326.186
425.119
542.267
679.647
834.287
1001.84
1177.31
1355.42
1530.95
1699.09
1855.63
1997.22
2121.42
2226.76
2312.68
2379.45
2428
2459.78
2476.64
2480.54
2473.39
2457
2433.02
2402.96
2368.15
2329.72
2288.62
2245.65
2201.12
2155.67
2109.84
2064.08
2018.7
1973.98
1930.11
1887.24
1845.5
1804.97
1765.7
1727.73
1691.07
1655.73
1621.7
1588.97
1557.52
1527.33
1498.37
1470.6
1443.98
1418.5
1394.1
1370.75
1348.4
1327.03
1306.57
1287
1268.27
1250.33
1233.15
1216.68
1200.87
1185.66
1171.01
1156.86
1143.16
1129.83
1116.82
1104.07
1091.5
1079.03
1066.57
1054.03
1041.29
1028.2
1014.6
1000.3
985.094
968.729
950.928
931.38
909.741
885.643
858.707
828.559
794.855
757.329
715.85
670.464
621.431
569.336
515.05
459.756
404.889
351.54
300.865
253.931
211.6
174.432
142.643
116.112
94.445
77.0705
63.3424
52.6265
44.355
38.0525
33.3288
29.8302
27.3134
25.7601
25.9592
31.1987
47.904
79.4122
120.723
163.316
200.992
231.147
253.643
269.495
280.035
286.524
289.968
291.09
290.44
288.435
285.393
281.554
277.106
272.191
266.922
261.387
255.657
249.787
243.822
237.798
231.746
225.691
219.654
213.651
207.699
201.81
195.995
190.264
184.625
179.088
173.657
168.341
163.143
158.07
153.125
148.312
143.632
139.088
134.681
130.411
126.276
122.276
118.408
114.669
111.057
107.569
104.2
100.946
97.8053
94.7727
91.8448
89.018
86.289
83.6544
81.1113
78.6572
76.2898
74.0074
71.8088
69.6937
67.663
65.7228
262.892
433.458
629.295
836.604
1043.31
1239.96
1420.19
1580.42
1719.22
1836.78
1934.34
2013.73
2077.09
2126.6
2164.29
2192
2211.32
2223.57
2229.79
2230.84
2227.37
2219.89
2208.79
2194.4
2177.01
2156.87
2134.23
2109.35
2082.5
2053.93
2023.96
1992.88
1960.94
1928.39
1895.45
1862.31
1829.17
1796.18
1763.49
1731.22
1699.46
1668.29
1637.77
1607.95
1578.85
1550.49
1522.9
1496.08
1470.03
1444.76
1420.25
1396.52
1373.54
1351.32
1329.82
1309.04
1288.96
1269.54
1250.76
1232.59
1215
1197.96
1181.41
1165.31
1149.6
1134.22
1119.09
1104.13
1089.26
1074.39
1059.4
1044.19
1028.63
1012.6
995.934
978.479
960.048
940.435
919.419
896.759
872.205
845.497
816.381
784.626
750.046
712.507
671.967
628.516
582.472
534.297
484.597
434.347
384.57
336.085
289.826
246.67
207.359
172.427
142.15
116.529
95.3199
78.0894
64.3016
53.3986
44.86
38.2341
33.1502
29.3036
26.4164
24.2759
22.7342
21.7657
21.779
24.7027
35.3669
58.5781
93.0059
132.069
169.272
200.891
225.779
244.296
257.423
266.257
271.778
274.747
275.729
275.166
273.397
270.687
267.245
263.23
258.771
253.969
248.903
243.637
238.224
232.706
227.116
221.484
215.834
210.185
204.554
198.958
193.407
187.915
182.49
177.143
171.882
166.714
161.647
156.688
151.841
147.113
142.507
138.027
133.675
129.452
125.358
121.394
117.558
113.847
110.26
106.793
103.444
100.208
97.0827
94.0639
91.1481
88.3317
85.6112
82.9834
80.4453
77.9943
75.628
73.3448
71.1439
69.0251
66.99
65.0457
253.502
269.201
287.718
309.278
333.839
361.099
390.585
421.734
453.969
486.746
519.598
552.152
584.136
615.37
645.756
675.261
703.898
731.714
758.771
785.134
810.864
836.01
860.601
884.647
908.135
931.028
953.27
974.786
995.486
1015.27
1034.04
1051.68
1068.09
1083.18
1096.86
1109.07
1119.73
1128.81
1136.3
1142.18
1146.48
1149.23
1150.49
1150.32
1148.81
1146.05
1142.14
1137.18
1131.32
1124.64
1117.26
1109.29
1100.8
1091.88
1082.6
1073.02
1063.19
1053.14
1042.91
1032.52
1021.98
1011.29
1000.45
989.435
978.232
966.803
955.102
943.072
930.647
917.747
904.28
890.145
875.225
859.393
842.51
824.427
804.986
784.023
761.37
736.861
710.345
681.693
650.818
617.712
582.447
545.143
506.015
465.408
424.027
382.425
341.108
300.727
261.98
225.53
191.961
161.724
135.101
112.181
92.8636
76.8837
63.8653
53.3838
45.0219
38.4035
33.2076
29.1706
26.0755
23.7194
21.9421
20.6201
19.6644
19.048
18.9583
20.3884
26.3766
41.5732
67.6745
101.076
136.038
168.078
194.942
216.116
232.035
243.508
251.396
256.467
259.313
260.393
260.071
258.639
256.328
253.32
249.762
245.77
241.436
236.836
232.03
227.065
221.983
216.816
211.591
206.332
201.059
195.787
190.532
185.306
180.121
174.989
169.918
164.919
159.999
155.168
150.432
145.799
141.275
136.864
132.572
128.399
124.35
120.423
116.619
112.936
109.373
105.928
102.598
99.3793
96.2689
93.2633
90.3589
87.5522
84.8398
82.2184
79.6849
77.2366
74.8713
72.5874
70.3841
68.2619
66.2228
64.2752
86.8315
89.5905
92.7332
96.3132
100.374
104.941
110.017
115.584
121.608
128.041
134.829
141.917
149.252
156.787
164.485
172.32
180.273
188.34
196.523
204.835
213.292
221.92
230.746
239.802
249.12
258.731
268.667
278.954
289.616
300.673
312.135
324.01
336.293
348.976
362.039
375.455
389.185
403.184
417.398
431.764
446.214
460.671
475.055
489.283
503.27
516.93
530.181
543.014
555.46
567.414
578.784
589.487
599.453
608.624
616.952
624.399
630.94
636.555
641.234
644.972
647.769
649.626
650.545
650.53
649.579
647.689
644.847
641.038
636.234
630.401
623.495
615.46
606.234
595.744
583.913
570.661
555.908
539.578
521.609
501.953
480.591
457.543
432.876
406.836
379.688
351.59
322.788
293.613
264.481
235.842
208.15
181.845
157.327
134.924
114.865
97.2654
82.1202
69.3115
58.6323
49.8252
42.6226
36.7742
32.0591
28.2899
25.3115
22.9861
21.1842
19.8007
18.7509
17.9676
17.4002
17.0264
16.9202
17.5287
20.4303
28.9598
46.2346
71.8637
102.143
132.727
160.495
183.914
202.647
217.019
227.634
235.153
240.186
243.207
244.599
244.677
243.699
241.872
239.367
236.317
232.831
228.999
224.89
220.562
216.061
211.428
206.692
201.882
197.02
192.124
187.212
182.298
177.394
172.514
167.669
162.868
158.124
153.444
148.84
144.32
139.893
135.564
131.34
127.227
123.226
119.342
115.573
111.922
108.386
104.964
101.654
98.4528
95.358
92.3661
89.4737
86.6774
83.9736
81.3592
78.8309
76.3862
74.0227
71.7388
69.5342
67.4095
65.3679
63.4185
44.744
45.4795
46.2748
47.1414
48.0909
49.133
50.2749
51.5203
52.8699
54.321
55.8683
57.5043
59.2201
61.0062
62.8531
64.752
66.6951
68.676
70.6901
72.7344
74.8078
76.9111
79.0468
81.219
83.4336
85.6978
88.0201
90.4104
92.8796
95.4394
98.1027
100.883
103.794
106.85
110.066
113.457
117.038
120.823
124.825
129.059
133.535
138.263
143.252
148.507
154.03
159.823
165.879
172.194
178.76
185.562
192.582
199.792
207.161
214.65
222.217
229.813
237.387
244.881
252.238
259.395
266.287
272.849
279.015
284.718
289.891
294.467
298.381
301.568
303.964
305.507
306.135
305.791
304.417
301.96
298.373
293.613
287.647
280.456
272.032
262.391
251.571
239.637
226.689
212.867
198.347
183.329
168.038
152.716
137.619
122.999
109.092
96.1022
84.1907
73.4622
63.9604
55.6688
48.519
42.4089
37.2254
32.8582
29.2056
26.1776
23.6927
21.6859
20.081
18.8097
17.8136
17.0429
16.4563
16.0193
15.7042
15.495
15.4159
15.647
16.8883
20.9866
30.7392
47.8198
71.1622
97.7621
124.421
148.827
169.769
186.892
200.36
210.59
218.079
223.317
226.69
228.524
229.099
228.649
227.366
225.408
222.903
219.955
216.648
213.049
209.216
205.193
201.019
196.724
192.335
187.874
183.36
178.809
174.236
169.654
165.075
160.512
155.976
151.48
147.035
142.651
138.339
134.108
129.968
125.924
121.982
118.147
114.42
110.804
107.298
103.902
100.615
97.4337
94.3561
91.3794
88.5003
85.7155
83.0216
80.4153
77.8936
75.4537
73.0933
70.811
68.6064
66.4811
64.4388
62.4899
30.1474
30.4058
30.6759
30.9607
31.2631
31.5861
31.9322
32.3036
32.7017
33.1275
33.5808
34.0613
34.5674
35.0976
35.6494
36.2205
36.8084
37.4103
38.0239
38.647
39.2776
39.9142
40.5556
41.201
41.8499
42.5025
43.1593
43.821
44.4889
45.1646
45.8501
46.5475
47.2595
47.9888
48.7386
49.5122
50.313
51.1449
52.0119
52.9179
53.8672
54.8643
55.9135
57.0195
58.1869
59.42
60.7237
62.1021
63.5598
65.1009
66.729
68.447
70.2571
72.1605
74.1569
76.2446
78.4203
80.6784
83.0113
85.4088
87.8578
90.3423
92.843
95.3372
97.7988
100.198
102.502
104.675
106.676
108.465
109.996
111.225
112.106
112.594
112.647
112.225
111.295
109.832
107.818
105.25
102.136
98.501
94.3849
89.8444
84.9519
79.7927
74.4624
69.0625
63.6944
58.4533
53.4223
48.6696
44.244
40.1717
36.4597
33.1039
30.0947
27.4201
25.0662
23.018
21.2586
19.7725
18.5367
17.521
16.6965
16.0362
15.5156
15.1128
14.8081
14.5844
14.4267
14.3242
14.2812
14.3635
14.8482
16.5706
21.2464
30.9025
46.4157
66.7927
89.8096
113.087
134.798
153.863
169.852
182.768
192.865
200.506
206.081
209.902
212.254
213.387
213.515
212.818
211.443
209.512
207.124
204.362
201.292
197.969
194.437
190.733
186.889
182.929
178.876
174.748
170.561
166.33
162.068
157.789
153.505
149.229
144.976
140.758
136.588
132.478
128.439
124.48
120.609
116.833
113.157
109.583
106.113
102.747
99.4858
96.3274
93.2698
90.3105
87.4468
84.6755
81.9935
79.3973
76.8841
74.4509
72.0956
69.8169
67.6146
65.4909
63.4506
61.5054
23.3738
23.4796
23.5872
23.6976
23.8118
23.9308
24.0556
24.1871
24.3263
24.4738
24.6301
24.7955
24.97
25.1534
25.3454
25.5455
25.7529
25.9669
26.1867
26.4114
26.64
26.8719
27.106
27.3418
27.5785
27.8157
28.0528
28.2896
28.5258
28.7613
28.9962
29.2305
29.4645
29.6984
29.9328
30.1681
30.4048
30.6437
30.8854
31.1308
31.3806
31.6358
31.8972
32.166
32.443
32.7292
33.0258
33.3338
33.6541
33.9879
34.3361
34.6997
35.0794
35.4761
35.8902
36.3221
36.7719
37.2394
37.7239
38.2246
38.7399
39.2677
39.8053
40.3493
40.8954
41.4384
41.9722
42.4896
42.9823
43.4408
43.8549
44.2129
44.5027
44.7112
44.8253
44.8318
44.718
44.4724
44.0852
43.5492
42.8627
42.0258
41.0423
39.9196
38.6688
37.3055
35.8494
34.3243
32.7539
31.1586
29.5561
27.9637
26.3991
24.8797
23.4222
22.0424
20.7542
19.5702
18.4995
17.5501
16.7254
16.0189
15.423
14.9282
14.5244
14.2014
13.949
13.7574
13.6172
13.5196
13.4559
13.4187
13.406
13.4384
13.6169
14.2714
16.2135
20.8238
29.5224
42.8713
60.1849
79.894
100.206
119.613
137.108
152.178
164.69
174.755
182.624
188.59
192.907
195.821
197.551
198.293
198.212
197.448
196.116
194.312
192.116
189.592
186.795
183.768
180.548
177.166
173.646
170.009
166.274
162.455
158.569
154.628
150.646
146.639
142.62
138.605
134.61
130.648
126.734
122.88
119.097
115.395
111.78
108.257
104.83
101.501
98.2714
95.1401
92.1062
89.1678
86.3225
83.5675
80.9
78.3166
75.8144
73.3906
71.0431
68.7706
66.5735
64.4544
62.4195
60.4819
19.5563
19.6029
19.6478
19.6919
19.7358
19.7802
19.8256
19.8726
19.9216
19.9731
20.0273
20.0845
20.145
20.2089
20.2762
20.3469
20.4209
20.498
20.5781
20.6609
20.746
20.8331
20.9219
21.0121
21.1032
21.1949
21.287
21.3791
21.4709
21.5623
21.653
21.7428
21.8316
21.9193
22.0059
22.0912
22.1754
22.2585
22.3406
22.4216
22.5018
22.5813
22.6603
22.7389
22.8173
22.8958
22.9745
23.0537
23.1335
23.2143
23.2961
23.3793
23.4639
23.5502
23.6382
23.7281
23.8198
23.9133
24.0086
24.1054
24.2034
24.3022
24.4012
24.4998
24.597
24.6919
24.7832
24.8693
24.9486
25.019
25.0783
25.124
25.1533
25.1631
25.1501
25.1107
25.041
24.9371
24.7952
24.6126
24.3923
24.1339
23.833
23.4866
23.0925
22.6504
22.1614
21.6285
21.056
20.4498
19.817
19.1659
18.5061
17.848
17.2022
16.5796
15.9903
15.4454
14.9527
14.5142
14.1308
13.8016
13.5245
13.2964
13.1136
12.9717
12.866
12.792
12.7445
12.7184
12.7085
12.7092
12.717
12.7361
12.8003
13.0298
13.751
15.6487
19.7612
27.1143
38.1753
52.5696
69.2368
86.8312
104.102
120.111
134.291
146.401
156.433
164.527
170.891
175.722
179.219
181.573
182.956
183.519
183.392
182.684
181.487
179.878
177.921
175.668
173.164
170.444
167.538
164.471
161.262
157.928
154.485
150.948
147.33
143.646
139.913
136.148
132.368
128.59
124.832
121.109
117.436
113.824
110.285
106.826
103.452
100.169
96.977
93.8787
90.8735
87.9603
85.1374
82.4025
79.7529
77.1857
74.6979
72.2868
69.9504
67.6875
65.499
63.3883
61.3629
59.4378
17.5026
17.5238
17.5428
17.5598
17.5755
17.5902
17.6044
17.6184
17.6328
17.6478
17.6637
17.6806
17.6986
17.7181
17.739
17.7615
17.7854
17.8109
17.8378
17.8662
17.8958
17.9265
17.9583
17.9909
18.0241
18.0579
18.092
18.1263
18.1605
18.1945
18.2282
18.2614
18.2939
18.3257
18.3567
18.3867
18.4156
18.4435
18.4703
18.4959
18.5203
18.5435
18.5655
18.5864
18.606
18.6246
18.642
18.6584
18.6738
18.6882
18.7017
18.7143
18.726
18.7369
18.7471
18.7564
18.765
18.7728
18.7797
18.7857
18.7906
18.7943
18.7967
18.7975
18.7964
18.7931
18.7871
18.778
18.7651
18.7479
18.7257
18.6976
18.6627
18.6198
18.5678
18.505
18.4299
18.3407
18.2356
18.1131
17.9719
17.8112
17.6299
17.4271
17.2021
16.9548
16.686
16.3972
16.0907
15.7696
15.4377
15.099
14.7585
14.4213
14.0934
13.7822
13.4938
13.2309
12.9957
12.7893
12.6121
12.4638
12.3434
12.2494
12.1798
12.1324
12.1044
12.0931
12.0954
12.1077
12.1263
12.1471
12.1664
12.1834
12.2084
12.2845
12.5366
13.2564
14.9879
18.499
24.548
33.5423
45.3228
59.2057
74.2148
89.3505
103.784
116.943
128.513
138.387
146.606
153.296
158.589
162.638
165.596
167.611
168.815
169.326
169.245
168.661
167.647
166.265
164.568
162.597
160.389
157.972
155.368
152.597
149.673
146.613
143.428
140.135
136.75
133.29
129.775
126.225
122.661
119.101
115.564
112.067
108.622
105.241
101.933
98.7036
95.5582
92.4993
89.528
86.6446
83.848
81.1365
78.5081
75.96
73.4895
71.0941
68.7716
66.5214
64.3446
62.2457
60.234
58.3266
16.1382
16.1486
16.1569
16.163
16.1669
16.1688
16.169
16.1677
16.1656
16.1628
16.1597
16.1566
16.1538
16.1515
16.1497
16.1485
16.1479
16.1479
16.1485
16.1498
16.1516
16.154
16.1569
16.1603
16.1641
16.1681
16.1724
16.1768
16.1812
16.1855
16.1897
16.1936
16.1972
16.2003
16.2029
16.2049
16.2062
16.2067
16.2065
16.2053
16.2033
16.2003
16.1963
16.1913
16.1853
16.1782
16.17
16.1608
16.1504
16.139
16.1266
16.113
16.0983
16.0826
16.0658
16.0479
16.0289
16.0088
15.9876
15.9652
15.9415
15.9166
15.8903
15.8625
15.8331
15.8018
15.7685
15.7329
15.6947
15.6536
15.609
15.5606
15.5079
15.4502
15.3869
15.3172
15.2405
15.156
15.0628
14.9605
14.8483
14.726
14.5933
14.4502
14.2969
14.1338
13.9617
13.7815
13.5947
13.403
13.2084
13.0129
12.8194
12.6314
12.4543
12.2905
12.1418
12.0094
11.8944
11.7971
11.7177
11.6559
11.611
11.5819
11.5674
11.5658
11.5754
11.5942
11.6197
11.6493
11.6801
11.7088
11.7321
11.7477
11.7577
11.7764
11.8498
12.0919
12.7409
14.2058
17.0428
21.8174
28.8931
38.2682
49.5525
62.0828
75.0988
87.8997
99.9402
110.861
120.477
128.738
135.693
141.41
145.986
149.538
152.181
154.029
155.186
155.744
155.786
155.383
154.594
153.47
152.052
150.375
148.464
146.341
144.022
141.521
138.85
136.024
133.057
129.969
126.778
123.508
120.182
116.824
113.456
110.099
106.77
103.485
100.256
97.0933
94.0033
90.9913
88.0604
85.212
82.4464
79.7628
77.1597
74.6348
72.1857
69.81
67.5058
65.2727
63.1123
61.0306
59.039
57.157
15.0435
15.045
15.0454
15.0444
15.042
15.0379
15.0322
15.0248
15.0159
15.0055
14.994
14.9815
14.9683
14.9546
14.9406
14.9264
14.9122
14.8979
14.8838
14.8698
14.8559
14.8422
14.8287
14.8153
14.8021
14.7889
14.7759
14.7629
14.7499
14.7369
14.7238
14.7106
14.6972
14.6835
14.6696
14.6553
14.6406
14.6254
14.6098
14.5937
14.5769
14.5595
14.5415
14.5228
14.5034
14.4832
14.4623
14.4405
14.418
14.3946
14.3703
14.3452
14.3192
14.2923
14.2645
14.2357
14.206
14.1753
14.1436
14.1109
14.0771
14.0421
14.0059
13.9684
13.9295
13.8891
13.847
13.8032
13.7573
13.7093
13.6589
13.6058
13.5499
13.4908
13.4283
13.3621
13.292
13.2176
13.1388
13.0553
12.9671
12.8741
12.7765
12.6744
12.5681
12.4581
12.3449
12.2292
12.112
11.994
11.8765
11.7608
11.649
11.545
11.4501
11.3651
11.2911
11.2285
11.1778
11.1391
11.1123
11.097
11.0927
11.0985
11.1135
11.1363
11.1656
11.1997
11.2367
11.2744
11.3105
11.3422
11.3667
11.3816
11.3863
11.3848
11.3929
11.4522
11.6554
12.1802
13.3154
15.4489
18.9955
24.2756
31.3981
40.2051
50.3054
61.1711
72.2488
83.0495
93.1985
102.45
110.677
117.847
123.961
129.06
133.214
136.507
139.027
140.864
142.098
142.804
143.05
142.893
142.38
141.553
140.441
139.07
137.456
135.612
133.551
131.282
128.82
126.18
123.385
120.458
117.425
114.315
111.154
107.969
104.783
101.615
98.4832
95.4006
92.3778
89.4225
86.5403
83.7343
81.0064
78.3568
75.7849
73.2891
70.8674
68.5177
66.2384
64.0292
61.8924
59.8357
57.8733
56.0272
14.2117
14.203
14.1938
14.184
14.1734
14.1621
14.1499
14.1368
14.1228
14.1078
14.0918
14.0747
14.0565
14.0373
14.0173
13.9966
13.9753
13.9535
13.9314
13.909
13.8864
13.8636
13.8407
13.8177
13.7947
13.7715
13.7483
13.7251
13.7017
13.6783
13.6548
13.6312
13.6075
13.5836
13.5595
13.5353
13.5108
13.486
13.461
13.4356
13.4099
13.3839
13.3574
13.3305
13.3031
13.2753
13.247
13.2181
13.1887
13.1587
13.1281
13.0969
13.0651
13.0326
12.9994
12.9656
12.931
12.8956
12.8595
12.8226
12.7848
12.7461
12.7065
12.666
12.6243
12.5816
12.5377
12.4926
12.4462
12.3984
12.349
12.2981
12.2456
12.1912
12.1351
12.077
12.017
11.955
11.891
11.825
11.7571
11.6874
11.6161
11.5433
11.4694
11.3947
11.3196
11.2446
11.1702
11.0969
11.0255
10.9569
10.8942
10.8382
10.7898
10.7492
10.7171
10.6936
10.6788
10.6727
10.6752
10.6857
10.7038
10.7288
10.7597
10.7956
10.8352
10.877
10.9195
10.9608
10.9989
11.0315
11.0564
11.0714
11.0752
11.0684
11.0559
11.0523
11.0912
11.2415
11.626
12.4363
13.9308
16.4029
20.12
25.246
31.7834
39.5607
48.266
57.5112
66.8988
76.0768
84.7712
92.8
100.054
106.466
112.021
116.739
120.667
123.864
126.396
128.332
129.736
130.669
131.184
131.326
131.132
130.628
129.834
128.761
127.419
125.815
123.959
121.863
119.549
117.04
114.366
111.56
108.654
105.68
102.667
99.6431
96.629
93.6436
90.7016
87.8145
84.9904
82.2351
79.5522
76.9435
74.4094
71.9494
69.5619
67.2452
64.9982
62.8208
60.7162
58.6936
56.7713
54.9729
13.63
13.6107
13.5911
13.5713
13.5513
13.5309
13.5102
13.4892
13.4677
13.4457
13.4232
13.4002
13.3766
13.3525
13.3277
13.3023
13.2764
13.2499
13.2229
13.1955
13.1677
13.1396
13.1112
13.0825
13.0535
13.0244
12.9951
12.9656
12.936
12.9062
12.8763
12.8462
12.816
12.7857
12.7553
12.7246
12.6939
12.6629
12.6318
12.6005
12.5689
12.5372
12.5052
12.4729
12.4404
12.4076
12.3745
12.341
12.3072
12.2731
12.2386
12.2037
12.1684
12.1326
12.0965
12.0598
12.0227
11.9852
11.9471
11.9084
11.8693
11.8296
11.7893
11.7484
11.7068
11.6647
11.6218
11.5783
11.5341
11.4892
11.4435
11.3971
11.3499
11.302
11.2533
11.2039
11.1539
11.1032
11.052
11.0003
10.9483
10.8961
10.8439
10.7918
10.7401
10.6891
10.639
10.5902
10.543
10.4977
10.4548
10.4156
10.382
10.3544
10.3331
10.3185
10.3106
10.3097
10.3156
10.3283
10.3474
10.3726
10.4034
10.439
10.4788
10.5217
10.5667
10.6125
10.6576
10.7005
10.7394
10.7725
10.7979
10.8138
10.819
10.8129
10.797
10.7766
10.7638
10.785
10.8846
11.1402
11.6722
12.6459
14.2597
16.7172
20.1866
24.7579
30.4137
37.0253
44.3703
52.1714
60.1419
68.0237
75.6066
82.7208
89.2483
95.1192
100.304
104.805
108.646
111.866
114.514
116.64
118.295
119.526
120.371
120.859
121.01
120.837
120.341
119.526
118.395
116.955
115.223
113.223
110.987
108.552
105.956
103.239
100.438
97.5868
94.7143
91.8451
88.9994
86.1927
83.4372
80.7415
78.1115
75.5511
73.0619
70.6446
68.2986
66.0229
63.8166
61.6803
59.6177
57.6399
55.7705
54.0323
13.2651
13.2361
13.207
13.1779
13.1487
13.1195
13.0902
13.0607
13.0311
13.0014
12.9715
12.9415
12.9112
12.8806
12.8499
12.8189
12.7876
12.756
12.7241
12.692
12.6596
12.627
12.5941
12.561
12.5276
12.4941
12.4604
12.4265
12.3925
12.3583
12.324
12.2895
12.2549
12.2202
12.1853
12.1504
12.1153
12.0801
12.0448
12.0093
11.9737
11.938
11.9021
11.8661
11.8299
11.7936
11.7571
11.7204
11.6836
11.6465
11.6093
11.5718
11.5342
11.4963
11.4582
11.4198
11.3812
11.3424
11.3033
11.264
11.2244
11.1846
11.1445
11.1042
11.0636
11.0227
10.9817
10.9404
10.8989
10.8572
10.8154
10.7734
10.7313
10.6892
10.6471
10.605
10.5631
10.5213
10.4799
10.439
10.3985
10.3588
10.3199
10.282
10.2453
10.21
10.1764
10.1445
10.1147
10.0873
10.0624
10.0413
10.0252
10.0146
10.0095
10.0102
10.0167
10.029
10.0471
10.0707
10.0996
10.1333
10.1714
10.2133
10.2582
10.3052
10.3534
10.4015
10.4484
10.4926
10.5325
10.5667
10.5936
10.6117
10.6199
10.6178
10.6059
10.5866
10.5659
10.5515
10.5578
10.6124
10.762
11.0789
11.664
12.644
14.1619
16.3593
19.3518
23.2046
27.9124
33.3949
39.5071
46.0618
52.8541
59.6814
66.3617
72.7445
78.7164
84.2004
89.1532
93.559
97.4243
100.771
103.631
106.04
108.031
109.631
110.859
111.72
112.212
112.326
112.057
111.403
110.372
108.988
107.282
105.295
103.074
100.666
98.1183
95.4732
92.7684
90.0361
87.3028
84.5898
81.9135
79.2864
76.7174
74.2125
71.7754
69.4081
67.1113
64.8847
62.7285
60.6438
58.6353
56.7152
54.9133
53.2447
13.0645
13.0281
12.9917
12.9553
12.9189
12.8825
12.846
12.8096
12.7731
12.7366
12.7
12.6635
12.6269
12.5902
12.5535
12.5167
12.4799
12.4429
12.4059
12.3688
12.3317
12.2944
12.2571
12.2196
12.1821
12.1445
12.1068
12.069
12.0311
11.9931
11.9551
11.917
11.8788
11.8405
11.8022
11.7638
11.7253
11.6868
11.6482
11.6095
11.5708
11.532
11.4932
11.4542
11.4152
11.3762
11.3371
11.2979
11.2586
11.2193
11.1799
11.1404
11.1009
11.0613
11.0217
10.982
10.9422
10.9024
10.8626
10.8228
10.7829
10.7431
10.7032
10.6634
10.6237
10.584
10.5444
10.505
10.4657
10.4266
10.3878
10.3492
10.3111
10.2733
10.236
10.1993
10.1632
10.1279
10.0934
10.0598
10.0274
9.99612
9.96621
9.9378
9.91103
9.88607
9.86309
9.84227
9.82377
9.80777
9.79449
9.78442
9.77908
9.77872
9.78346
9.79341
9.80859
9.82897
9.85443
9.88477
9.91972
9.9589
10.0018
10.0479
10.0964
10.1466
10.1975
10.2481
10.2972
10.3436
10.3859
10.4228
10.453
10.4753
10.4891
10.494
10.4906
10.4817
10.468
10.4511
10.4354
10.4296
10.4494
10.5215
10.6868
11.0039
11.5496
12.4166
13.7081
15.5273
17.9629
21.0739
24.8757
29.3336
34.3647
39.8465
45.6317
51.5643
57.4939
63.2869
68.8342
74.0537
78.8909
83.3161
87.3202
90.909
94.0957
96.8935
99.3089
101.337
102.962
104.159
104.904
105.181
104.987
104.338
103.265
101.814
100.039
97.9978
95.7484
93.3446
90.8346
88.2599
85.655
83.0481
80.4611
77.911
75.4102
72.9676
70.5893
68.2789
66.0386
63.8696
61.7732
59.7519
57.8121
55.9685
54.2426
52.6422
12.969
12.9281
12.8871
12.846
12.805
12.7638
12.7227
12.6815
12.6403
12.5991
12.5578
12.5166
12.4753
12.434
12.3927
12.3514
12.3101
12.2688
12.2275
12.1862
12.1449
12.1036
12.0623
12.021
11.9797
11.9384
11.897
11.8557
11.8144
11.7731
11.7318
11.6905
11.6491
11.6078
11.5664
11.5251
11.4837
11.4424
11.401
11.3597
11.3183
11.2769
11.2356
11.1942
11.1529
11.1115
11.0702
11.0289
10.9876
10.9464
10.9051
10.8639
10.8228
10.7818
10.7408
10.6998
10.659
10.6183
10.5778
10.5373
10.4971
10.457
10.4172
10.3776
10.3383
10.2993
10.2606
10.2224
10.1846
10.1472
10.1104
10.0742
10.0387
10.0039
9.96989
9.93679
9.90468
9.87365
9.8438
9.81524
9.7881
9.76249
9.73855
9.71641
9.69621
9.6781
9.66222
9.64873
9.63777
9.6295
9.62408
9.6217
9.62313
9.62931
9.64038
9.65641
9.67741
9.70334
9.73407
9.76943
9.80913
9.85283
9.90007
9.95031
10.0029
10.057
10.1119
10.1666
10.2199
10.2708
10.318
10.3606
10.3973
10.4274
10.4505
10.4672
10.4783
10.4833
10.4819
10.4742
10.4612
10.4453
10.4312
10.4274
10.4479
10.5146
10.6597
10.9268
11.3723
12.0637
13.0771
14.4914
16.3804
18.8028
21.7923
25.3497
29.4394
33.9923
38.9117
44.0846
49.3918
54.7193
59.9656
65.0482
69.9056
74.496
78.7935
82.7793
86.4329
89.7242
92.6101
95.0382
96.9554
98.3192
99.1076
99.3237
98.9957
98.1727
96.918
95.3019
93.3957
91.267
88.9769
86.5783
84.1156
81.625
79.1352
76.6684
74.2414
71.8664
69.552
67.304
65.1265
63.0223
60.9943
59.0469
57.1874
55.4272
53.7777
52.2453
12.9286
12.8855
12.8422
12.7989
12.7555
12.712
12.6685
12.6248
12.5811
12.5374
12.4935
12.4497
12.4057
12.3618
12.3178
12.2738
12.2298
12.1858
12.1418
12.0978
12.0537
12.0098
11.9658
11.9218
11.8779
11.834
11.7901
11.7462
11.7024
11.6586
11.6148
11.5711
11.5274
11.4837
11.4401
11.3965
11.3529
11.3094
11.266
11.2225
11.1792
11.1358
11.0926
11.0494
11.0062
10.9631
10.9201
10.8772
10.8344
10.7916
10.749
10.7065
10.6641
10.6219
10.5799
10.538
10.4963
10.4549
10.4137
10.3729
10.3323
10.292
10.2522
10.2127
10.1737
10.1351
10.0971
10.0597
10.0229
9.98679
9.95143
9.91688
9.88322
9.85052
9.81887
9.78834
9.75905
9.73108
9.70454
9.67954
9.6562
9.63466
9.61502
9.59745
9.58206
9.569
9.55843
9.55049
9.54532
9.54308
9.54392
9.54798
9.55547
9.56686
9.58318
9.60446
9.63074
9.662
9.69815
9.739
9.78434
9.83383
9.88706
9.94353
10.0026
10.0636
10.1258
10.1882
10.2498
10.3097
10.3668
10.4203
10.4692
10.5135
10.5536
10.5884
10.617
10.6387
10.6528
10.659
10.6573
10.6481
10.6326
10.6133
10.5942
10.5823
10.5885
10.6292
10.7276
10.9155
11.2334
11.7313
12.4666
13.5022
14.9016
16.7235
19.0145
21.8022
25.0901
28.855
33.0482
37.6005
42.4284
47.4433
52.5588
57.6965
62.7877
67.7696
72.5774
77.1354
81.3527
85.1268
88.3558
90.9542
92.8669
94.0763
94.6025
94.4968
93.8323
92.6938
91.1693
89.3429
87.2913
85.0813
82.7688
80.3997
78.0105
75.6296
73.2784
70.973
68.7249
66.5422
64.4308
62.3953
60.44
58.5699
56.7916
55.113
53.542
52.0837
12.9125
12.8686
12.8246
12.7805
12.7362
12.6919
12.6475
12.603
12.5584
12.5137
12.469
12.4242
12.3793
12.3344
12.2894
12.2444
12.1994
12.1543
12.1093
12.0642
12.0191
11.974
11.929
11.8839
11.8389
11.7939
11.7489
11.704
11.659
11.6142
11.5693
11.5246
11.4798
11.4351
11.3905
11.3459
11.3014
11.2569
11.2126
11.1682
11.124
11.0798
11.0357
10.9917
10.9478
10.9041
10.8604
10.8168
10.7734
10.7301
10.687
10.6441
10.6014
10.5589
10.5166
10.4746
10.4329
10.3915
10.3504
10.3097
10.2694
10.2296
10.1903
10.1514
10.1132
10.0755
10.0386
10.0023
9.96684
9.93221
9.8985
9.86576
9.83409
9.80356
9.77426
9.74629
9.71975
9.69475
9.6714
9.64982
9.63015
9.61251
9.59706
9.58392
9.57327
9.56525
9.56003
9.55777
9.55865
9.56284
9.57051
9.58183
9.59697
9.61612
9.6395
9.66766
9.70132
9.74041
9.78484
9.8345
9.88923
9.94876
10.0127
10.0807
10.1521
10.2263
10.3026
10.3803
10.4583
10.5358
10.6118
10.6868
10.7594
10.8283
10.8922
10.9499
11.0003
11.0424
11.0754
11.0987
11.1118
11.1147
11.1075
11.0909
11.066
11.0349
11.0008
10.9689
10.9468
10.946
10.9826
11.0789
11.2644
11.5764
12.0598
12.7664
13.7522
15.0755
16.7922
18.9516
21.5916
24.7331
28.3779
32.5071
37.0832
42.0518
47.3442
52.8751
58.5381
64.199
69.6952
74.845
79.4679
83.4088
86.5589
88.8662
90.3349
91.0158
90.9922
90.3658
89.2443
87.7317
85.9232
83.9016
81.7365
79.4848
77.1915
74.8919
72.6127
70.3736
68.1891
66.0696
64.0229
62.0546
60.1699
58.3743
56.6741
55.0767
53.59
52.2175
12.9089
12.8651
12.8212
12.7773
12.7332
12.6891
12.6449
12.6007
12.5564
12.5121
12.4677
12.4233
12.3788
12.3344
12.2899
12.2454
12.201
12.1565
12.112
12.0676
12.0232
11.9788
11.9345
11.8901
11.8459
11.8017
11.7575
11.7134
11.6693
11.6253
11.5814
11.5375
11.4937
11.4499
11.4063
11.3627
11.3192
11.2757
11.2324
11.1891
11.1459
11.1029
11.0599
11.017
10.9743
10.9316
10.8892
10.8468
10.8046
10.7626
10.7208
10.6792
10.6378
10.5967
10.5559
10.5154
10.4752
10.4354
10.3961
10.3571
10.3187
10.2807
10.2434
10.2066
10.1706
10.1352
10.1007
10.0669
10.0341
10.0023
9.97148
9.94185
9.91344
9.88636
9.86072
9.83661
9.81417
9.79351
9.77477
9.7581
9.74365
9.73157
9.72204
9.71524
9.71135
9.71058
9.71313
9.71921
9.72904
9.74285
9.76088
9.78335
9.81052
9.8426
9.87985
9.9225
9.97079
10.0249
10.0851
10.1517
10.2249
10.3044
10.3899
10.481
10.5771
10.6777
10.7827
10.8913
11.0025
11.1149
11.2273
11.3383
11.4461
11.5492
11.6459
11.7346
11.8138
11.8821
11.9385
11.982
12.012
12.0283
12.0308
12.0198
11.9959
11.9601
11.9136
11.8583
11.7969
11.733
11.6718
11.6206
11.59
11.5952
11.6571
11.804
12.0724
12.5076
13.1624
14.0973
15.3785
17.077
19.2676
22.024
25.4119
29.4779
34.2372
39.6574
45.6428
52.0242
58.563
64.974
70.9635
76.272
80.708
84.1641
86.6163
88.1098
88.7377
88.6209
87.89
86.6726
85.0853
83.2293
81.1896
79.0348
76.8196
74.586
72.3657
70.1824
68.0532
65.9903
64.0028
62.0978
60.2811
58.5592
56.9394
55.4308
54.0436
52.7818
12.9211
12.8786
12.836
12.7935
12.751
12.7085
12.6661
12.6236
12.5813
12.5389
12.4966
12.4544
12.4123
12.3702
12.3281
12.2862
12.2443
12.2025
12.1608
12.1192
12.0776
12.0362
11.9948
11.9535
11.9124
11.8713
11.8303
11.7894
11.7486
11.7079
11.6672
11.6267
11.5862
11.5459
11.5056
11.4654
11.4253
11.3853
11.3453
11.3055
11.2658
11.2261
11.1866
11.1471
11.1078
11.0686
11.0296
10.9907
10.952
10.9134
10.8751
10.837
10.7992
10.7616
10.7244
10.6876
10.6511
10.6151
10.5796
10.5446
10.5101
10.4763
10.4431
10.4107
10.379
10.3482
10.3184
10.2895
10.2618
10.2352
10.2098
10.1859
10.1634
10.1426
10.1234
10.1062
10.0909
10.0779
10.0672
10.0591
10.0537
10.0513
10.052
10.0562
10.0641
10.076
10.0921
10.1127
10.1383
10.169
10.2053
10.2476
10.2961
10.3513
10.4135
10.4832
10.5605
10.6459
10.7397
10.842
10.953
11.0727
11.2011
11.3377
11.4822
11.6338
11.7915
11.9543
12.1205
12.2885
12.4563
12.6217
12.7824
12.9359
13.0799
13.2121
13.3304
13.4331
13.5187
13.5861
13.6348
13.6647
13.6758
13.6689
13.6448
13.6049
13.5506
13.4835
13.4054
13.3182
13.224
13.1254
13.0254
12.9284
12.8408
12.7725
12.7383
12.7609
12.873
13.1204
13.5644
14.2825
15.3692
16.9362
19.1126
22.04
25.8532
30.6422
36.4034
43.0034
50.1705
57.5273
64.6547
71.164
76.7548
81.244
84.5674
86.7594
87.9235
88.2025
87.7535
86.7307
85.2742
83.5047
81.5224
79.4076
77.2232
75.0169
72.8246
70.6723
68.5786
66.5572
64.6176
62.7677
61.0144
59.3654
57.8308
56.424
55.162
54.0543
12.9711
12.9323
12.8936
12.8551
12.8168
12.7787
12.7407
12.7028
12.6651
12.6276
12.5903
12.5531
12.516
12.4791
12.4424
12.4058
12.3693
12.333
12.2967
12.2607
12.2247
12.1888
12.1531
12.1174
12.0819
12.0464
12.011
11.9757
11.9405
11.9054
11.8703
11.8353
11.8003
11.7654
11.7306
11.6958
11.6611
11.6264
11.5918
11.5572
11.5228
11.4884
11.4541
11.4198
11.3857
11.3517
11.3179
11.2842
11.2507
11.2175
11.1845
11.1518
11.1194
11.0874
11.0558
11.0247
10.9941
10.964
10.9346
10.9058
10.8778
10.8506
10.8242
10.7988
10.7745
10.7512
10.7291
10.7083
10.6889
10.6711
10.6549
10.6404
10.6279
10.6175
10.6093
10.6036
10.6005
10.6003
10.6032
10.6094
10.6193
10.6332
10.6513
10.674
10.7017
10.7348
10.7737
10.8189
10.8709
10.9301
10.9971
11.0724
11.1567
11.2504
11.3542
11.4686
11.5942
11.7314
11.8806
12.0422
12.2163
12.4028
12.6016
12.8122
13.0337
13.2649
13.5044
13.7502
14
14.2512
14.5007
14.7453
14.9818
15.2066
15.4166
15.6088
15.7806
15.9299
16.0553
16.1559
16.2314
16.2823
16.3094
16.3143
16.2984
16.2638
16.2125
16.1463
16.0672
15.9769
15.877
15.7688
15.6537
15.5328
15.4074
15.2794
15.1515
15.0288
14.9204
14.8437
14.8299
14.9333
15.2408
15.8807
17.0257
18.8849
21.685
25.6316
30.8439
37.2836
44.7102
52.6987
60.72
68.2488
74.8559
80.2614
84.3458
87.1261
88.7144
89.2777
89.0035
88.0752
86.6589
84.8958
82.9016
80.7677
78.5642
76.3437
74.1448
71.9948
69.9132
67.9137
66.0061
64.1986
62.4992
60.9177
59.4681
58.1713
57.0577
56.1527
13.1153
13.0846
13.0541
13.024
12.994
12.9643
12.9348
12.9056
12.8765
12.8476
12.8189
12.7903
12.7618
12.7334
12.7052
12.677
12.6489
12.6209
12.5929
12.565
12.5371
12.5092
12.4813
12.4534
12.4255
12.3976
12.3697
12.3418
12.3138
12.2859
12.2579
12.2299
12.2019
12.1739
12.1459
12.1179
12.0899
12.0619
12.034
12.0061
11.9783
11.9506
11.9231
11.8957
11.8684
11.8414
11.8146
11.7881
11.762
11.7362
11.7108
11.686
11.6617
11.638
11.6149
11.5926
11.5711
11.5504
11.5307
11.512
11.4944
11.478
11.4629
11.4491
11.4368
11.4262
11.4172
11.4101
11.405
11.4021
11.4015
11.4035
11.4081
11.4157
11.4265
11.4408
11.4587
11.4808
11.5072
11.5384
11.5748
11.6168
11.6649
11.7197
11.7816
11.8513
11.9294
12.0166
12.1138
12.2215
12.3407
12.4722
12.6168
12.7755
12.949
13.1383
13.344
13.5668
13.8074
14.0659
14.3427
14.6373
14.9494
15.2779
15.6214
15.978
16.3451
16.7198
17.0986
17.4775
17.8522
18.2182
18.571
18.9062
19.2198
19.5083
19.7688
19.9993
20.1986
20.3663
20.5028
20.6091
20.6869
20.738
20.7649
20.7697
20.755
20.7229
20.6757
20.6155
20.5439
20.4626
20.3728
20.2753
20.1707
20.0588
19.9392
19.8108
19.6721
19.5219
19.3613
19.1982
19.0583
19.0076
19.1885
19.8579
21.3885
24.1674
28.4705
34.3857
41.7418
50.1002
58.8414
67.2946
74.871
81.1619
85.9705
89.2876
91.2322
92.0001
91.8149
90.8954
89.4375
87.6059
85.5333
83.3223
81.0504
78.7742
76.5341
74.3583
72.2659
70.27
68.3802
66.6049
64.953
63.4374
62.0781
60.9079
59.9796
59.356
13.4562
13.4387
13.4213
13.4041
13.3869
13.3698
13.3527
13.3356
13.3185
13.3013
13.2841
13.2667
13.2493
13.2317
13.2139
13.1961
13.178
13.1598
13.1415
13.1229
13.1042
13.0853
13.0663
13.0471
13.0277
13.0082
12.9886
12.9689
12.9491
12.9292
12.9093
12.8894
12.8694
12.8495
12.8297
12.8099
12.7903
12.7708
12.7515
12.7325
12.7138
12.6953
12.6773
12.6596
12.6425
12.6259
12.6099
12.5945
12.5799
12.5661
12.5531
12.5411
12.5301
12.5202
12.5115
12.5041
12.4981
12.4936
12.4906
12.4894
12.4899
12.4924
12.4969
12.5037
12.5128
12.5245
12.5389
12.5561
12.5765
12.6002
12.6275
12.6587
12.6941
12.7339
12.7786
12.8285
12.8841
12.9459
13.0143
13.09
13.1735
13.2656
13.3669
13.4784
13.6007
13.735
13.8822
14.0433
14.2195
14.412
14.6221
14.851
15.1
15.3704
15.6635
15.9805
16.3225
16.6904
17.0847
17.506
17.954
18.4283
18.9279
19.4511
19.9954
20.5579
21.1349
21.7217
22.3135
22.9048
23.4897
24.0623
24.6168
25.1479
25.6507
26.1211
26.5559
26.9529
27.311
27.6298
27.91
28.1529
28.3606
28.5356
28.6807
28.799
28.8938
28.9682
29.0255
29.0686
29.1002
29.1226
29.1376
29.1466
29.1499
29.1472
29.137
29.1165
29.081
29.0237
28.9351
28.8027
28.612
28.3528
28.0438
27.8022
27.9475
28.9422
31.4291
35.8911
42.3894
50.5357
59.6252
68.7969
77.2483
84.3834
89.8799
93.671
95.8887
96.766
96.5696
95.5595
93.9661
91.9805
89.7537
87.4003
85.0047
82.6271
80.3089
78.0777
75.9517
73.9426
72.059
70.3091
68.7032
67.258
66.0022
64.9869
64.3019
64.0871
14.1363
14.135
14.1334
14.1313
14.1287
14.1257
14.1222
14.1183
14.1138
14.1089
14.1035
14.0976
14.0913
14.0845
14.0773
14.0697
14.0617
14.0534
14.0447
14.0358
14.0266
14.0172
14.0076
13.9979
13.9881
13.9783
13.9684
13.9587
13.949
13.9396
13.9303
13.9213
13.9127
13.9045
13.8967
13.8895
13.8829
13.8769
13.8717
13.8673
13.8638
13.8612
13.8597
13.8593
13.8602
13.8623
13.8657
13.8707
13.8773
13.8855
13.8955
13.9073
13.9212
13.9372
13.9555
13.9761
13.9992
14.025
14.0536
14.0852
14.1199
14.158
14.1996
14.245
14.2944
14.348
14.4061
14.4691
14.5372
14.6108
14.6903
14.7761
14.8688
14.9687
15.0766
15.1931
15.3187
15.4544
15.6008
15.759
15.93
16.1148
16.3146
16.5308
16.7647
17.0178
17.2918
17.5883
17.9091
18.2562
18.6315
19.037
19.4747
19.9466
20.4545
21.0002
21.5852
22.2107
22.8776
23.586
24.3357
25.1257
25.9541
26.8182
27.7142
28.6377
29.5831
30.5439
31.513
32.4828
33.4453
34.3925
35.3166
36.2104
37.0673
37.882
38.6501
39.3687
40.0363
40.6524
41.2181
41.7354
42.2074
42.6378
43.0312
43.3921
43.7256
44.0364
44.3291
44.608
44.8766
45.1378
45.3932
45.6439
45.8891
46.1268
46.3533
46.563
46.7476
46.8964
46.9951
47.0252
46.9629
46.782
46.4645
46.0519
45.5093
45.0771
45.3094
46.9812
50.8489
57.1387
65.3742
74.4816
83.3357
91.0288
97.0218
101.138
103.473
104.293
103.928
102.684
100.828
98.5757
96.0982
93.5214
90.9354
88.4027
85.9643
83.6463
81.4643
79.4277
77.5433
75.8184
74.2649
72.9046
71.7782
70.9637
70.6101
71.009
15.319
15.3327
15.3453
15.3569
15.3675
15.3773
15.3861
15.3942
15.4014
15.408
15.4139
15.4192
15.4239
15.4283
15.4322
15.4359
15.4393
15.4426
15.4459
15.4491
15.4525
15.4562
15.4601
15.4644
15.4692
15.4746
15.4807
15.4876
15.4953
15.5041
15.514
15.525
15.5374
15.5513
15.5667
15.5837
15.6025
15.6233
15.646
15.671
15.6981
15.7278
15.7599
15.7947
15.8323
15.8729
15.9166
15.9635
16.0138
16.0676
16.1252
16.1866
16.252
16.3217
16.3958
16.4745
16.558
16.6465
16.7403
16.8397
16.9449
17.0562
17.1739
17.2984
17.4301
17.5694
17.7167
17.8726
18.0376
18.2123
18.3974
18.5936
18.8018
19.0229
19.2578
19.5076
19.7736
20.057
20.3594
20.6822
21.0272
21.3963
21.7915
22.2149
22.669
23.1562
23.6791
24.2406
24.8437
25.4912
26.1863
26.9321
27.7316
28.5877
29.5031
30.4801
31.5207
32.6262
33.7973
35.0337
36.3342
37.6964
39.1168
40.5905
42.1111
43.671
45.2612
46.8719
48.4918
50.1096
51.7132
53.291
54.8315
56.3246
57.761
59.1333
60.4359
61.6651
62.8191
63.8981
64.9039
65.8398
66.7104
67.521
68.2772
68.9849
69.6498
70.277
70.8706
71.4338
71.9685
72.4755
72.9537
73.4009
73.8128
74.1839
74.5068
74.7743
74.9758
75.0979
75.1247
75.0378
74.8197
74.4553
73.9741
73.2768
72.3369
71.2819
70.3954
70.162
71.2921
74.5464
80.1945
87.6217
95.6931
103.139
109.083
113.124
115.27
115.765
114.974
113.274
110.966
108.291
105.432
102.525
99.6638
96.9104
94.3037
91.8657
89.6078
87.5355
85.6524
83.9643
82.4844
81.2407
80.2898
79.7485
79.8566
81.1938
17.2155
17.2425
17.2684
17.2933
17.3172
17.3402
17.3626
17.3844
17.4058
17.4268
17.4477
17.4685
17.4895
17.5108
17.5324
17.5547
17.5777
17.6017
17.6267
17.653
17.6807
17.7099
17.741
17.774
17.8091
17.8466
17.8866
17.9294
17.975
18.0238
18.076
18.1317
18.1911
18.2545
18.3222
18.3942
18.471
18.5526
18.6393
18.7314
18.8291
18.9327
19.0424
19.1583
19.2809
19.4103
19.5469
19.6908
19.8423
20.0017
20.1694
20.3455
20.5303
20.7243
20.9276
21.1407
21.3639
21.5976
21.8421
22.098
22.3657
22.6457
22.9385
23.2448
23.5653
23.9006
24.2517
24.6194
25.0046
25.4086
25.8324
26.2775
26.7452
27.2373
27.7554
28.3015
28.8778
29.4865
30.1303
30.8117
31.5337
32.2995
33.1126
33.9764
34.8946
35.8714
36.9107
38.0169
39.1941
40.4467
41.7788
43.1944
44.6973
46.2905
47.9769
49.7583
51.6357
53.609
55.6767
57.8358
60.0819
62.4085
64.8073
67.2684
69.7795
72.3268
74.895
77.4672
80.0259
82.5529
85.03
87.4398
89.7658
91.9933
94.1096
96.1044
97.9703
99.7022
101.298
102.757
104.081
105.275
106.341
107.287
108.117
108.836
109.448
109.959
110.37
110.684
110.903
111.026
111.055
110.989
110.827
110.567
110.21
109.779
109.259
108.638
107.902
107.044
106.06
104.948
103.637
102.101
100.448
98.8759
97.7142
97.3862
98.2974
100.773
104.99
110.722
117.187
123.411
128.499
131.83
133.27
133.024
131.449
128.962
125.93
122.609
119.189
115.809
112.563
109.51
106.681
104.092
101.747
99.6457
97.7855
96.1697
94.8119
93.7468
93.0506
92.8923
93.6436
96.4186
20.2445
20.29
20.3354
20.3807
20.4262
20.4722
20.5188
20.5664
20.6152
20.6655
20.7176
20.7719
20.8285
20.8879
20.9503
21.0161
21.0856
21.1591
21.237
21.3196
21.4074
21.5007
21.5998
21.7052
21.8172
21.9364
22.063
22.1976
22.3406
22.4925
22.6537
22.8246
23.0059
23.1979
23.4012
23.6163
23.8437
24.0839
24.3375
24.605
24.887
25.1839
25.4964
25.8249
26.1701
26.5325
26.9126
27.3109
27.7281
28.1647
28.6212
29.0982
29.5963
30.1159
30.6578
31.2225
31.8106
32.4229
33.0598
33.7223
34.411
35.1268
35.8706
36.6433
37.4461
38.28
39.1464
40.0467
40.9823
41.9551
42.9668
44.0196
45.1157
46.2576
47.448
48.6896
49.9856
51.3395
52.7548
54.2354
55.7852
57.4085
59.1096
60.8932
62.7639
64.7261
66.7843
68.9431
71.2064
73.578
76.0612
78.6583
81.3711
84.2001
87.1447
90.2026
93.37
96.6411
100.008
103.461
106.987
110.571
114.195
117.84
121.484
125.102
128.668
132.156
135.538
138.786
141.875
144.779
147.476
149.947
152.175
154.148
155.858
157.3
158.474
159.383
160.032
160.43
160.587
160.514
160.226
159.736
159.057
158.205
157.194
156.039
154.755
153.356
151.857
150.27
148.61
146.887
145.113
143.303
141.459
139.58
137.667
135.723
133.75
131.694
129.539
127.355
125.273
123.543
122.64
123.167
125.631
130.119
136.106
142.717
149.027
154.287
158.167
160.265
160.452
158.944
156.135
152.441
148.322
144.055
139.834
135.798
132.033
128.589
125.488
122.732
120.313
118.221
116.445
114.982
113.842
113.068
112.753
113.132
114.745
119.684
25.4457
25.5362
25.6306
25.7291
25.8322
25.9404
26.0543
26.1746
26.3018
26.4365
26.5795
26.7315
26.893
27.0649
27.2479
27.4428
27.6503
27.8714
28.1068
28.3574
28.6243
28.9082
29.2102
29.5313
29.8726
30.2351
30.62
31.0285
31.4616
31.9206
32.4068
32.9215
33.4658
34.0412
34.649
35.2904
35.967
36.6799
37.4305
38.2202
39.0502
39.9219
40.8365
41.7952
42.7992
43.8496
44.9474
46.0936
47.2891
48.5347
49.8312
51.1793
52.5795
54.0324
55.5383
57.0977
58.7107
60.3777
62.0988
63.8742
65.704
67.5883
69.5273
71.5211
73.5698
75.6739
77.8337
80.0497
82.3225
84.653
87.0422
89.4912
92.0012
94.5736
97.2105
99.9138
102.686
105.529
108.445
111.437
114.509
117.662
120.899
124.224
127.637
131.143
134.741
138.433
142.219
146.098
150.068
154.127
158.269
162.487
166.773
171.115
175.501
179.914
184.336
188.744
193.115
197.42
201.631
205.714
209.636
213.361
216.853
220.076
222.995
225.578
227.794
229.619
231.03
232.013
232.559
232.667
232.34
231.59
230.435
228.898
227.007
224.793
222.291
219.538
216.572
213.429
210.147
206.762
203.305
199.81
196.304
192.812
189.357
185.958
182.631
179.39
176.244
173.202
170.264
167.429
164.69
162.041
159.439
156.881
154.42
152.14
150.205
148.921
148.807
150.595
155.173
162.919
172.877
183.225
192.104
198.36
201.835
202.812
201.497
198.305
193.781
188.459
182.81
177.23
171.916
167.004
162.572
158.654
155.254
152.355
149.93
147.95
146.389
145.23
144.478
144.169
144.41
145.494
148.125
156.175
36.2523
36.5123
36.7899
37.0859
37.4019
37.7395
38.1003
38.486
38.8982
39.3388
39.8095
40.3124
40.8492
41.4221
42.0332
42.6846
43.3788
44.118
44.9047
45.7416
46.6312
47.5763
48.5799
49.6447
50.7738
51.9704
53.2374
54.5782
55.9959
57.4937
59.0749
60.7427
62.5004
64.3509
66.2973
68.3425
70.4891
72.7397
75.0965
77.5616
80.1367
82.8233
85.6223
88.5344
91.5598
94.6983
97.9492
101.311
104.783
108.362
112.046
115.832
119.716
123.694
127.762
131.915
136.148
140.455
144.831
149.271
153.768
158.316
162.91
167.545
172.213
176.911
181.633
186.375
191.131
195.898
200.672
205.45
210.23
215.01
219.786
224.558
229.324
234.085
238.838
243.584
248.321
253.049
257.768
262.476
267.171
271.851
276.512
281.15
285.76
290.333
294.863
299.337
303.743
308.067
312.29
316.394
320.354
324.146
327.741
331.11
334.218
337.032
339.514
341.629
343.337
344.602
345.389
345.667
345.407
344.587
343.191
341.21
338.646
335.508
331.816
327.598
322.895
317.753
312.226
306.374
300.26
293.95
287.508
280.997
274.477
268.001
261.62
255.376
249.305
243.437
237.796
232.401
227.265
222.396
217.8
213.48
209.435
205.661
202.145
198.861
195.797
192.906
190.201
187.725
185.539
183.745
182.546
182.314
183.68
187.552
194.984
206.82
222.076
238.31
252.54
262.564
267.661
268.405
265.878
260.857
254.247
246.841
239.238
231.937
225.191
219.158
213.912
209.467
205.797
202.854
200.577
198.902
197.774
197.148
197.001
197.345
198.259
200.046
203.393
215.369
68.4552
69.4455
70.5133
71.662
72.8974
74.224
75.6462
77.1683
78.795
80.531
82.3816
84.3518
86.4473
88.6736
91.0366
93.5422
96.1968
99.0066
101.978
105.117
108.432
111.927
115.61
119.488
123.565
127.849
132.345
137.058
141.993
147.155
152.547
158.171
164.03
170.126
176.457
183.024
189.824
196.853
204.108
211.581
219.265
227.152
235.231
243.49
251.916
260.495
269.21
278.046
286.985
296.007
305.093
314.224
323.378
332.536
341.676
350.778
359.822
368.788
377.658
386.412
395.035
403.509
411.82
419.953
427.896
435.638
443.169
450.479
457.563
464.413
471.026
477.398
483.526
489.409
495.045
500.432
505.57
510.461
515.103
519.498
523.646
527.545
531.195
534.596
537.744
540.636
543.267
545.632
547.724
549.534
551.051
552.264
553.158
553.719
553.927
553.762
553.204
552.229
550.811
548.925
546.545
543.644
540.197
536.178
531.565
526.34
520.489
514.003
506.881
499.131
490.769
481.823
472.331
462.343
451.919
441.13
430.055
418.78
407.395
395.991
384.657
373.481
362.541
351.908
341.644
331.798
322.411
313.512
305.121
297.248
289.897
283.066
276.749
270.935
265.614
260.772
256.4
252.48
248.944
245.739
242.824
240.255
238.09
236.383
235.21
234.704
235.119
236.932
240.953
248.385
260.636
278.684
301.915
327.572
351.488
369.855
380.686
384.092
381.503
374.757
365.619
355.457
345.2
335.436
326.614
318.966
312.576
307.425
303.432
300.482
298.444
297.185
296.578
296.507
296.868
297.574
298.562
299.899
301.708
314.893
82.2802
80.9576
79.7329
78.6037
77.5679
76.6234
75.7687
75.0026
74.3241
73.7322
73.2264
72.8062
72.4713
72.2216
72.0573
71.9785
71.9857
72.0795
72.2605
72.5295
72.8876
73.3357
73.8749
74.5066
75.2319
76.0521
76.9686
77.9827
79.0957
80.3087
81.6229
83.0392
84.5585
86.1813
87.9082
89.7391
91.6739
93.7119
95.8524
98.0939
100.435
102.872
105.404
108.027
110.736
113.529
116.399
119.341
122.35
125.419
128.541
131.709
134.915
138.152
141.412
144.685
147.965
151.242
154.508
157.755
160.976
164.161
167.305
170.401
173.44
176.418
179.329
182.167
184.929
187.61
190.208
192.719
195.142
197.474
199.715
201.864
203.921
205.886
207.759
209.542
211.236
212.841
214.361
215.797
217.15
218.423
219.619
220.739
221.786
222.762
223.669
224.509
225.284
225.997
226.648
227.24
227.772
228.246
228.661
229.018
229.316
229.552
229.725
229.831
229.867
229.827
229.705
229.496
229.192
228.784
228.266
227.63
226.868
225.975
224.948
223.785
222.488
221.063
219.516
217.862
216.115
214.292
212.414
210.502
208.578
206.663
204.778
202.941
201.169
199.477
197.878
196.383
195.001
193.741
192.607
191.608
190.752
190.043
189.636
189.438
189.362
189.411
189.641
190.164
191.178
193.029
196.32
202.076
211.97
228.444
254.458
292.335
341.622
397.366
450.944
493.639
520.21
530.079
526.089
512.484
493.365
471.843
451.071
431.289
412.878
396.135
381.173
367.956
356.35
346.17
337.212
329.277
322.176
315.736
309.801
304.207
298.835
293.367
288.409
283.584
210.749
214.076
219.737
226.002
232.373
238.945
245.819
253.084
260.867
269.332
278.668
289.091
300.853
314.24
329.596
347.326
367.932
392.009
420.394
453.75
250.627
167.481
133.668
118.456
126.651
97.1315
94.924
93.6476
93.2024
93.315
93.78
94.494
95.411
96.5147
97.8105
99.3198
101.077
103.128
105.528
108.346
111.663
115.578
120.211
125.694
131.839
116.425
101.315
90.1122
83.802
79.5131
73.0137
71.3352
69.8939
68.7859
67.9808
67.4132
67.0342
66.8111
66.723
66.759
66.9173
67.2036
67.6298
68.2134
68.9774
69.9499
71.1653
72.6646
74.4871
76.536
74.339
70.3579
66.2118
63.2764
60.3532
63.8754
62.5182
61.208
60.032
59.0146
58.1459
57.4116
56.7981
56.294
55.8911
55.5853
55.3765
55.2685
55.2683
55.3865
55.6369
56.0364
56.6056
57.3629
58.2614
57.9527
56.676
54.9049
53.4444
51.612
59.6886
58.4644
57.2358
56.062
54.9724
53.9753
53.0728
52.2635
51.5441
50.9112
50.3625
49.8975
49.5177
49.2268
49.0308
48.9377
48.958
49.1045
49.3881
49.7869
49.7879
49.3201
48.4721
47.7013
46.4927
57.7236
56.5451
55.3489
54.1741
53.0455
51.9759
50.9735
50.0431
49.1868
48.405
47.6977
47.0653
46.5093
46.0321
45.638
45.3323
45.1224
45.0172
45.0242
45.1343
45.124
44.903
44.4373
43.9975
43.1471
56.9338
55.7591
54.5645
53.377
52.2161
51.0943
50.0215
49.0054
48.0508
47.1606
46.3368
45.5811
44.8952
44.2817
43.7436
43.2854
42.9126
42.632
42.4493
42.3619
42.2645
42.0917
41.7763
41.4904
40.8449
56.829
55.6353
54.4238
53.2135
52.0195
50.8529
49.7238
48.6405
47.6091
46.634
45.7186
44.8654
44.0769
43.3556
42.7044
42.1272
41.6284
41.2136
40.8876
40.6513
40.4522
40.2511
39.9769
39.7508
39.217
57.1461
55.92
54.6799
53.4393
52.2098
51.0012
49.8227
48.6826
47.5874
46.5422
45.5512
44.6175
43.7441
42.9337
42.1893
41.5144
40.9129
40.3896
39.9486
39.5928
39.2954
39.0363
38.7495
38.5313
38.0506
57.7288
56.462
55.1858
53.9095
52.6423
51.3924
50.1683
48.9776
47.827
46.7216
45.666
44.6637
43.7181
42.832
42.0085
41.2509
40.5628
39.9486
39.4118
38.9565
38.5687
38.2419
37.9159
37.6769
37.2119
58.4757
57.1634
55.8461
54.5307
53.224
51.9333
50.6659
49.4288
48.2284
47.0699
45.9578
44.8959
43.8876
42.9359
42.044
41.2151
40.4525
39.7603
39.1417
38.6017
38.1323
37.7367
37.3593
37.0839
36.6109
59.3169
57.9563
56.5952
55.2386
53.8915
52.5603
51.2513
49.971
48.7252
47.5189
46.3566
45.242
44.1786
43.1695
42.2178
41.3266
40.4991
39.7393
39.0499
38.4366
37.8943
37.4327
36.9993
36.6797
36.1844
60.2008
58.7909
57.3847
55.986
54.5985
53.2274
51.8786
50.5577
49.2701
48.0205
46.8132
45.6517
44.5396
43.4798
42.4755
41.5296
40.6454
39.8264
39.0754
38.3981
37.791
37.2681
36.7786
36.4118
35.8859
61.0877
59.6288
58.1776
56.7369
55.3096
53.9
52.5132
51.1543
49.8282
48.5392
47.2913
46.0881
44.9327
43.8283
42.7776
41.7838
40.8498
39.9791
39.1742
38.4411
37.7766
37.1978
36.6545
36.2406
35.6805
61.9457
60.4394
58.9443
57.4628
55.997
54.5506
53.128
51.7338
50.3723
49.0477
47.7635
46.5231
45.3296
44.1858
43.0946
42.0589
41.0814
40.1657
39.3138
38.5321
37.8172
37.1883
36.595
36.1358
35.541
62.7486
61.1973
59.6605
58.1401
56.6378
55.1569
53.7011
52.2745
50.881
49.5244
48.208
46.9349
45.708
44.53
43.4037
42.3316
41.3166
40.362
39.4696
38.6459
37.8869
37.2138
36.5752
36.0738
35.4458
63.4743
61.8815
60.3059
58.7493
57.2132
55.7005
54.2145
52.7587
51.3368
49.9521
48.6075
47.3061
46.0505
44.8432
43.6868
42.5838
41.5368
40.549
39.6221
38.7626
37.9659
37.2542
36.5756
36.0356
35.3778
64.1044
62.4741
60.8633
59.2739
57.7073
56.1661
54.6532
53.1719
51.7253
50.3164
48.948
47.6228
46.343
45.1113
43.9298
42.8011
41.7274
40.7121
39.7564
38.8668
38.0385
37.2937
36.5808
36.006
35.3231
64.6247
62.9621
61.3207
59.7029
58.1101
56.5446
55.0092
53.5066
52.0398
50.6113
49.2236
47.8792
46.5802
45.3288
44.1272
42.9777
41.8824
40.8443
39.8647
38.9496
38.094
37.3199
36.5762
35.9683
35.2619
65.0223
63.3317
61.6641
60.022
58.4068
56.8208
55.2665
53.7465
52.2633
50.8191
49.4162
48.0568
46.7428
45.4763
44.259
43.0933
41.981
40.9249
39.926
38.9903
38.1122
37.3134
36.5432
35.9063
35.1781
65.2854
63.5712
61.8815
60.2187
58.5848
56.9819
55.4123
53.8784
52.3823
50.9262
49.512
48.1415
46.8165
45.5389
44.3103
43.1328
42.0081
40.9388
39.9258
38.9748
38.0798
37.2623
36.4716
35.8127
35.067
65.408
63.6749
61.9673
60.2882
58.6395
57.0235
55.4424
53.8984
52.3934
50.9291
49.5074
48.1299
46.798
45.5135
44.2778
43.0928
41.9601
40.8822
39.8597
38.8983
37.9915
37.1608
36.3553
35.6806
34.9223
65.3875
63.6402
61.9192
60.228
58.5687
56.9437
55.3552
53.8051
52.295
50.8267
49.4016
48.021
46.6863
45.3989
44.1602
42.972
41.8355
40.7533
39.7257
38.7584
37.8446
37.0057
36.1907
35.5056
34.74
65.2244
63.4672
61.7374
60.0384
58.3729
56.7431
55.1513
53.5992
52.0884
50.6201
49.1956
47.816
46.4825
45.1963
43.9587
42.7711
41.6349
40.5524
39.5239
38.555
37.6385
36.7959
35.9764
35.2858
34.5179
64.9217
63.1591
61.4248
59.7224
58.055
56.4248
54.834
53.2843
51.7768
50.3126
48.8928
47.5183
46.19
44.909
43.6762
42.4932
41.3611
40.2821
39.2565
38.2897
37.3746
36.5325
35.7128
35.0214
34.2557
64.485
62.7212
60.9867
59.2855
57.6205
55.9943
54.4089
52.8657
51.3658
49.91
48.499
47.1335
45.8142
44.542
43.3178
42.1429
41.0183
39.9463
38.9271
37.966
37.056
36.2182
35.4024
34.7144
33.9548
63.9225
62.1618
60.4313
58.7354
57.0773
55.4595
53.8839
52.3516
50.8635
49.4201
48.0218
46.669
45.3623
44.1024
42.8901
41.7265
40.6128
39.551
38.5413
37.5892
36.6874
35.8575
35.0491
34.3686
33.6184
63.2513
61.4977
59.7757
58.0897
56.4431
54.8384
53.2772
51.7603
50.2884
48.8615
47.4798
46.1436
44.8531
43.609
42.4119
41.2629
40.1632
39.1147
38.1178
37.1779
36.2878
35.4692
34.6719
34.0027
33.2658
62.4888
60.7461
59.0369
57.3653
55.7349
54.148
52.6057
51.1086
49.6568
48.2503
46.8889
45.5725
44.3015
43.0761
41.8972
40.7657
39.6827
38.6504
37.669
36.7441
35.8686
35.0642
34.2814
33.6264
32.9068
61.6427
59.9145
58.2218
56.5689
54.959
53.3939
51.8745
50.4009
48.9728
47.5898
46.2514
44.9576
43.7083
42.5039
41.3452
40.2332
39.1689
38.1547
37.1909
36.283
35.4242
34.6361
33.8702
33.2313
32.5318
60.7279
59.0176
57.3455
55.7153
54.13
52.5908
51.0979
49.6511
48.2495
46.8925
45.5794
44.3101
43.0844
41.9027
40.7658
39.6747
38.6308
37.6362
36.6915
35.8022
34.9619
34.1918
33.4449
32.8238
32.1465
59.7602
58.0718
56.4243
54.821
53.2641
51.7543
50.291
48.8736
47.5008
46.1716
44.8855
43.6419
42.441
41.2832
40.1691
39.1002
38.0777
37.1039
36.1795
35.3101
34.4896
33.7389
33.0127
32.4107
31.7573
58.7576
57.0951
55.4762
53.9037
52.3787
50.9012
49.4699
48.0837
46.741
45.4409
44.1825
42.9655
41.79
40.6565
39.566
38.5198
37.5193
36.5671
35.6639
34.8154
34.0159
33.2856
32.5816
31.9997
31.3717
57.7394
56.1071
54.5208
52.9824
51.492
50.0487
48.6509
47.2968
45.9849
44.714
43.4835
42.2931
41.143
40.034
38.9671
37.9438
36.9659
36.0356
35.1543
34.3272
33.5495
32.8405
32.1599
31.599
30.9979
56.6604
55.0652
53.5181
52.0198
50.5693
49.1647
47.804
46.4851
45.2065
43.9672
42.7667
41.605
40.4824
39.3999
38.3589
37.3609
36.4077
35.502
34.6451
33.8422
33.0891
32.4043
31.7503
31.2133
30.6421
55.5297
53.9793
52.4789
51.0269
49.6213
48.2593
46.9388
45.6577
44.4148
43.2092
42.0407
40.9096
39.8166
38.7628
37.7498
36.7794
35.8536
34.9749
34.145
33.3691
32.6436
31.9859
31.3615
30.8518
30.3128
54.4442
52.9423
51.4906
50.0855
48.7242
47.4036
46.1217
44.8767
43.6677
42.4943
41.3564
40.2548
39.1905
38.1647
37.1793
36.2362
35.3375
34.4859
33.6833
32.9346
32.2371
31.6073
31.0131
30.5316
30.0249
53.4383
51.9866
50.5827
49.2224
47.9023
46.6201
45.3737
44.1619
42.9843
41.8407
40.7316
39.6578
38.6208
37.622
36.6633
35.7468
34.8749
34.0502
33.2748
32.5536
31.8844
31.283
30.7197
30.2675
29.7928
52.5479
51.1437
49.7835
48.4629
47.1793
45.9307
44.7157
43.5335
42.3841
41.2676
40.185
39.1372
38.1258
37.1526
36.2196
35.329
34.4832
33.6851
32.9369
32.2434
31.603
31.0307
30.4991
30.077
29.6344
51.8082
50.4432
49.1191
47.8315
46.5783
45.3581
44.17
43.0135
41.889
40.7968
39.7381
38.7141
37.7267
36.7776
35.869
35.0034
34.1833
33.4115
32.6905
32.0252
31.4142
30.8721
30.3733
29.9828
29.5725
51.2456
49.9119
48.6151
47.3534
46.1248
44.9279
43.7622
42.6277
41.5246
40.4539
39.4166
38.4143
37.4489
36.5224
35.6372
34.7959
34.001
33.2557
32.5624
31.926
31.3458
30.8354
30.3711
30.0144
29.6371
50.8831
49.575
48.3003
47.0589
45.8497
44.6718
43.5247
42.4086
41.324
40.2718
39.2534
38.2706
37.3255
36.4203
35.5576
34.7401
33.9706
33.2524
32.588
31.9822
31.4348
30.959
30.5319
30.2121
29.8692
50.7542
49.4693
48.214
46.9896
45.7963
44.6338
43.502
42.401
41.3317
40.2953
39.2933
38.3279
37.4014
36.5165
35.676
34.8828
34.1398
33.4504
32.8173
32.2453
31.7343
31.2972
30.9114
30.6334
30.3266
50.9202
49.6573
48.4198
47.2105
46.0302
44.8798
43.7597
42.6705
41.6132
40.5894
39.6013
38.6514
37.7426
36.8778
36.0603
35.2931
34.5793
33.9223
33.3248
32.7915
32.3228
31.931
31.5934
31.3638
31.0965
51.5207
50.2804
49.0601
47.8648
46.6958
45.5541
44.4423
43.3613
42.313
41.2997
40.3244
39.3905
38.5014
37.6609
36.8722
36.1388
35.4638
34.8505
34.3018
33.8222
33.4124
33.0844
32.8149
32.654
32.4395
52.8266
51.6078
50.4034
49.2203
48.06
46.9229
45.8146
44.7375
43.695
42.6911
41.7301
40.8167
39.9553
39.1502
38.4051
37.7233
37.1079
36.5621
36.0889
35.693
35.3751
35.1484
34.9848
34.9381
34.7954
54.9484
53.7419
52.5438
51.3631
50.2015
49.0591
47.9449
46.8638
45.8219
44.8253
43.8806
42.9939
42.1704
41.4149
40.7309
40.1215
39.5896
39.138
38.7697
38.4904
38.2999
38.2161
38.197
38.3172
38.2532
58.161
56.953
55.7446
54.5504
53.372
52.211
51.0778
49.9841
48.9393
47.9529
47.0338
46.1894
45.4258
44.7474
44.1571
43.6575
43.2507
42.9397
42.7275
42.6218
42.6214
42.7527
42.9484
43.325
43.3565
62.8822
61.6519
60.4073
59.1749
57.9567
56.757
55.5911
54.4793
53.4362
52.4752
51.6078
50.8423
50.1845
49.6378
49.2039
48.8844
48.681
48.5973
48.6375
48.8132
49.1226
49.6071
50.1585
50.9603
51.1413
69.767
68.4826
67.1599
65.8501
64.5575
63.292
62.0815
60.9574
59.9411
59.0504
58.298
57.692
57.2363
56.932
56.7793
56.7789
56.9334
57.2492
57.7344
58.4095
59.274
60.397
61.604
63.1904
63.6718
79.8736
78.4837
77.0112
75.5564
74.1346
72.7709
71.518
70.4209
69.5082
68.7998
68.3072
68.0346
67.9821
68.1477
68.5304
69.1325
69.9609
71.0308
72.361
73.9922
75.9309
78.3034
80.8225
84.0019
85.1787
94.9543
93.3651
91.6049
89.8804
88.2461
86.763
85.5259
84.5881
83.9804
83.7182
83.8047
84.2362
85.0064
86.1107
87.5505
89.3359
91.488
94.0437
97.0477
100.586
104.684
109.591
114.828
121.378
124.208
117.965
115.971
113.631
111.411
109.474
107.944
106.958
106.55
106.736
107.512
108.862
110.767
113.214
116.201
119.739
123.862
128.624
134.109
140.416
147.72
156.093
166.026
176.739
190.215
196.744
154.032
151.114
147.585
144.559
142.395
141.258
141.233
142.28
144.363
147.431
151.43
156.323
162.089
168.739
176.316
184.9
194.611
205.621
218.127
232.466
248.797
268.04
289.02
315.659
329.775
213.019
207.866
202.105
198.271
196.764
197.52
200.268
204.863
211.148
218.978
228.246
238.887
250.892
264.308
279.246
295.881
314.454
335.291
358.768
385.478
415.799
451.248
490.648
540.506
570.345
317.924
307.973
299.169
296.576
299.231
305.73
315.443
327.975
342.949
360.093
379.243
400.345
423.456
448.745
476.484
507.045
540.912
578.681
621.104
669.091
723.902
786.86
860.925
948.686
1017.9
342.506
330.181
317.642
306.721
299.296
296.482
296.653
298.968
302.89
308.048
314.201
321.216
329.063
337.798
347.553
358.519
370.957
385.167
401.57
420.53
442.923
468.733
501.053
537.185
596.674
)
;

boundaryField
{
    inlet
    {
        type            fixedValue;
        value           uniform 14.855;
    }
    outlet
    {
        type            zeroGradient;
    }
    upperWall
    {
        type            zeroGradient;
    }
    lowerWall
    {
        type            zeroGradient;
    }
    frontAndBack
    {
        type            empty;
    }
}


// ************************************************************************* //
