/*--------------------------------*- C++ -*----------------------------------*\
| =========                 |                                                 |
| \\      /  F ield         | OpenFOAM: The Open Source CFD Toolbox           |
|  \\    /   O peration     | Version:  1.4.2                                 |
|   \\  /    A nd           | Web:      http://www.openfoam.org               |
|    \\/     M anipulation  |                                                 |
\*---------------------------------------------------------------------------*/
FoamFile
{
    version     2.0;
    format      ascii;
    class       volScalarField;
    object      epsilon;
    location    "350";
}
// * * * * * * * * * * * * * * * * * * * * * * * * * * * * * * * * * * * * * //

dimensions      [0 2 -3 0 0 0 0];

internalField   nonuniform List<scalar> 
12225
(
443.026
353.451
290.583
245.341
212.182
187.584
169.232
155.556
145.466
138.187
133.157
129.956
128.268
127.846
128.493
130.045
132.371
135.63
60.1663
73.6165
79.5711
83.7013
87.7242
92.3686
97.9894
104.769
112.806
122.153
132.831
144.833
158.126
172.647
188.304
204.963
222.393
240.66
26.2965
33.7101
37.8446
40.684
42.9322
44.9575
46.9725
49.1056
51.4369
54.018
56.8819
60.0478
63.5237
67.3063
71.3786
75.7027
80.1986
84.7156
18.736
22.7247
25.4814
27.375
28.8164
30.0118
31.0726
32.0727
33.0616
34.0723
35.1266
36.2388
37.4167
38.6632
39.9758
41.3463
42.758
44.1703
16.1689
18.1648
19.9345
21.2935
22.3451
23.1842
23.8854
24.5026
25.0699
25.6087
26.1342
26.6568
27.1834
27.7182
28.2629
28.8172
29.3786
29.9297
15.2355
16.0873
17.0501
17.9394
18.6918
19.3137
19.8321
20.2727
20.6573
21.0027
21.3215
21.6224
21.9116
22.1931
22.4695
22.742
23.0106
23.2663
14.8943
15.1704
15.5874
16.054
16.5089
16.9251
17.2935
17.6138
17.8923
18.1369
18.3549
18.5524
18.7341
18.9038
19.064
19.2162
19.3604
19.4912
14.7876
14.8381
14.992
15.2102
15.4555
15.7035
15.9402
16.1584
16.3557
16.5327
16.6913
16.834
16.9633
17.0817
17.191
17.2927
17.3868
17.4687
14.7441
14.6885
14.7004
14.7666
14.8684
14.9897
15.1186
15.247
15.3701
15.4853
15.5917
15.6892
15.7783
15.8601
15.9353
16.0048
16.069
16.1251
14.7239
14.6133
14.5424
14.509
14.5064
14.5266
14.5623
14.6074
14.6572
14.7087
14.7597
14.8088
14.8553
14.899
14.9399
14.9782
15.0139
15.0458
14.715
14.5789
14.4656
14.3755
14.3073
14.2582
14.2247
14.2034
14.1914
14.1861
14.1854
14.1879
14.1925
14.1982
14.2046
14.2114
14.2183
14.2245
14.711
14.5641
14.4317
14.3138
14.2105
14.121
14.044
13.9781
13.9217
13.8733
13.8317
13.7957
13.7641
13.7364
13.7117
13.6895
13.6696
13.6516
14.709
14.5577
14.4175
14.2878
14.1685
14.0591
13.9593
13.8683
13.7854
13.71
13.6412
13.5784
13.5208
13.4679
13.4192
13.3742
13.3326
13.2945
14.7077
14.5545
14.4111
14.2769
14.1512
14.0337
13.9238
13.8212
13.7253
13.6358
13.5523
13.4742
13.4012
13.3329
13.2689
13.2088
13.1526
13.1007
14.7068
14.5524
14.4076
14.2716
14.1436
14.023
13.9093
13.8021
13.701
13.6056
13.5155
13.4304
13.35
13.274
13.2022
13.1342
13.07
13.0105
14.7061
14.5508
14.4053
14.2684
14.1394
14.0176
13.9026
13.7938
13.6908
13.5932
13.5007
13.413
13.3297
13.2507
13.1756
13.1043
13.0368
12.9739
14.7055
14.5498
14.4037
14.2663
14.1368
14.0145
13.8989
13.7895
13.6858
13.5875
13.4942
13.4056
13.3214
13.2414
13.1653
13.093
13.0244
12.9604
14.7054
14.5494
14.4032
14.2656
14.1359
14.0134
13.8976
13.788
13.6842
13.5857
13.4923
13.4036
13.3193
13.2393
13.1631
13.0908
13.0222
12.9582
14.7055
14.5497
14.4036
14.2662
14.1367
14.0145
13.899
13.7899
13.6865
13.5887
13.496
13.4081
13.3248
13.2458
13.1708
13.0997
13.0324
12.9698
14.7059
14.5507
14.4053
14.2687
14.1402
14.0194
13.9057
13.7986
13.6979
13.6029
13.5135
13.4292
13.3497
13.2747
13.2039
13.137
13.0741
13.0158
14.7067
14.5529
14.4095
14.2759
14.1516
14.0362
13.9292
13.83
13.738
13.6526
13.5734
13.4997
13.4311
13.3671
13.3072
13.2513
13.1989
13.1508
14.7086
14.5589
14.423
14.3005
14.1911
14.0939
14.0078
13.9315
13.8636
13.8029
13.7484
13.6991
13.6542
13.6129
13.5748
13.5394
13.5064
13.4762
14.7142
14.5803
14.471
14.3856
14.3212
14.2742
14.2407
14.2173
14.201
14.1895
14.181
14.1743
14.1685
14.1629
14.157
14.1508
14.1441
14.1373
14.7358
14.6588
14.6349
14.6532
14.7
14.7632
14.8338
14.9052
14.9735
15.0361
15.0919
15.1406
15.1821
15.2171
15.246
15.2696
15.2885
15.3037
14.8205
14.9296
15.1375
15.3937
15.6587
15.9103
16.1375
16.3357
16.5046
16.6468
16.7656
16.8644
16.9463
17.0141
17.0703
17.1168
17.1555
17.1878
15.1412
15.7849
16.5158
17.2049
17.794
18.2793
18.6725
18.9885
19.2418
19.4454
19.6099
19.744
19.8544
19.9463
20.0238
20.0902
20.1481
20.199
16.3186
18.2984
19.9606
21.2335
22.1802
22.8818
23.4049
23.8006
24.1059
24.3462
24.5397
24.6996
24.8358
24.9554
25.0638
25.1649
25.2618
25.3558
20.754
25.6362
28.6915
30.5983
31.8391
32.6623
33.2205
33.616
33.9139
34.1565
34.3711
34.5755
34.7814
34.9959
35.2235
35.4664
35.7254
35.9994
43.9605
54.4819
58.7065
60.4185
60.9725
60.9862
60.8406
60.7488
60.778
60.9574
61.2961
61.7923
62.4388
63.2253
64.1403
65.1713
66.3035
67.5294
332.627
280.253
240.732
210.194
186.156
166.945
151.392
138.661
128.139
119.373
112.02
105.816
100.554
96.0755
92.2499
88.9743
86.1654
83.7539
0.935402
1.28549
1.6606
2.01652
2.56149
3.3855
4.67939
6.8565
9.56289
12.8619
16.8683
21.76
27.8175
35.4713
42.6112
50.2203
58.4609
67.367
76.9545
87.2372
98.2295
109.946
122.403
135.616
149.603
164.382
179.972
196.394
213.669
231.821
250.873
270.853
291.788
313.709
336.647
360.638
385.718
411.929
439.313
467.915
497.787
528.979
561.549
595.555
631.06
668.132
706.838
747.251
789.446
833.497
879.483
927.481
977.567
1029.82
1084.3
1141.08
1200.21
1261.74
1325.71
1392.13
1461
1532.31
1605.99
1682
1760.24
1840.61
1923.02
2007.4
2093.75
2182.24
2272.5
2361.85
2449.39
2534.13
2615.01
2690.89
2760.65
2823.18
2877.44
2922.49
2957.54
2981.99
2995.45
2997.75
2988.95
2969.3
2939.3
2899.58
2850.94
2794.26
2730.52
2660.71
2585.84
2506.89
2424.81
2340.49
2254.75
2168.39
2082.11
1996.84
1913.47
1832.42
1756.36
1690.49
1631.72
1575.65
1521.28
1468.38
1416.93
1366.93
1318.4
1271.37
1225.83
1181.79
1139.24
1098.16
1058.54
1020.36
983.579
948.171
914.102
881.336
849.835
819.562
790.478
762.545
735.723
709.974
685.26
661.543
638.787
616.956
596.014
575.93
556.668
538.199
520.49
503.512
487.237
471.636
456.683
442.351
428.617
415.456
402.846
390.763
379.187
368.097
357.475
347.301
337.556
328.224
319.288
310.731
302.539
294.697
287.19
280.005
273.129
266.55
260.254
254.232
248.47
242.957
237.682
232.634
227.802
223.173
218.748
214.508
210.437
206.516
202.721
199.021
195.373
191.709
187.921
183.798
179.033
171.849
3.44673
3.03302
3.53987
4.66771
6.11781
7.94012
10.2189
13.0209
16.3483
20.1797
24.49
29.2606
34.4633
40.0335
45.8256
51.9051
58.3009
65.0224
72.0744
79.4618
87.1906
95.2673
103.699
112.495
121.662
131.211
141.15
151.49
162.242
173.415
185.022
197.074
209.585
222.565
236.031
249.995
264.472
279.479
295.031
311.147
327.842
345.137
363.049
381.598
400.803
420.685
441.262
462.554
484.579
507.353
530.892
555.209
580.314
606.213
632.91
660.403
688.684
717.74
747.553
778.096
809.337
841.238
873.756
906.841
940.444
974.515
1009
1043.87
1079.07
1114.58
1150.64
1186.17
1220.71
1253.88
1285.3
1314.57
1341.27
1365.01
1385.42
1402.17
1414.99
1423.66
1428.06
1428.12
1423.86
1415.39
1402.86
1386.51
1366.61
1343.48
1317.45
1288.9
1258.19
1225.68
1191.73
1156.67
1120.8
1084.42
1047.76
1011.01
974.339
937.431
902.048
868.753
837.367
807.287
778.239
750.111
722.86
696.465
670.915
646.202
622.315
599.244
576.978
555.502
534.802
514.861
495.66
477.181
459.404
442.309
425.875
410.083
394.911
380.338
366.344
352.91
340.014
327.637
315.761
304.366
293.435
282.949
272.892
263.247
253.998
245.129
236.625
228.473
220.657
213.165
205.983
199.1
192.502
186.179
180.119
174.312
168.748
163.416
158.307
153.412
148.723
144.231
139.927
135.805
131.857
128.076
124.454
120.987
117.666
114.487
111.443
108.53
105.74
103.071
100.515
98.0702
95.7406
93.5198
91.3991
89.3764
87.4504
85.622
83.897
82.2913
80.846
79.6691
79.0814
80.1135
8.0044
6.31836
7.13303
8.47156
10.2679
12.528
15.2619
18.4716
22.1406
26.2334
30.7098
35.5328
40.6689
46.0871
51.7648
57.7067
63.9191
70.4064
77.1724
84.2217
91.5591
99.1901
107.121
115.356
123.904
132.769
141.958
151.478
161.334
171.533
182.081
192.984
204.248
215.881
227.887
240.273
253.046
266.212
279.777
293.748
308.131
322.932
338.158
353.813
369.904
386.436
403.411
420.835
438.708
457.033
475.808
495.032
514.7
534.807
555.344
576.301
597.663
619.416
641.541
664.018
686.827
709.944
733.345
757.007
780.906
805.017
829.314
853.769
878.346
902.993
927.623
951.855
975.422
998.079
1019.56
1039.59
1057.88
1074.14
1088.08
1099.47
1108.08
1113.75
1116.36
1115.86
1112.25
1105.57
1095.95
1083.52
1068.49
1051.07
1031.52
1010.08
987.012
962.584
937.039
910.612
883.513
855.929
827.985
799.857
771.832
744.407
717.925
692.504
668.084
644.504
621.656
599.483
577.962
557.08
536.832
517.214
498.224
479.855
462.101
444.953
428.403
412.439
397.049
382.22
367.939
354.19
340.961
328.234
315.996
304.231
292.924
282.06
271.623
261.6
251.974
242.733
233.861
225.346
217.174
209.333
201.809
194.59
187.665
181.023
174.652
168.541
162.681
157.061
151.672
146.505
141.55
136.8
132.246
127.88
123.694
119.682
115.836
112.149
108.615
105.228
101.982
98.8705
95.8889
93.0316
90.2936
87.6701
85.1564
82.7482
80.4412
78.2313
76.1148
74.0882
72.1499
70.2986
68.5325
66.8486
65.2464
63.7281
62.3001
60.9772
59.793
58.8218
58.2437
58.4465
14.4852
10.1984
10.551
11.981
14.0152
16.5456
19.5344
22.9575
26.7883
30.9954
35.5471
40.4152
45.5774
51.0179
56.7282
62.7071
68.9564
75.4788
82.2776
89.3564
96.7194
104.371
112.315
120.555
129.097
137.943
147.097
156.562
166.341
176.436
186.85
197.584
208.639
220.016
231.715
243.738
256.083
268.749
281.736
295.043
308.667
322.606
336.857
351.416
366.281
381.446
396.907
412.657
428.691
445.002
461.581
478.421
495.513
512.846
530.412
548.199
566.197
584.396
602.786
621.359
640.106
659.021
678.101
697.341
716.741
736.298
756.007
775.862
795.845
815.942
836.025
855.909
875.418
894.362
912.523
929.653
945.486
959.743
972.149
982.446
990.406
995.842
998.616
998.644
995.901
990.414
982.265
971.579
958.522
943.294
926.116
907.223
886.854
865.244
842.62
819.188
795.134
770.632
745.76
721.029
696.629
672.719
649.441
626.863
604.986
583.767
563.166
543.158
523.73
504.874
486.587
468.865
451.704
435.098
419.043
403.53
388.55
374.095
360.153
346.713
333.763
321.291
309.283
297.727
286.609
275.916
265.635
255.751
246.253
237.127
228.359
219.939
211.852
204.088
196.633
189.478
182.61
176.019
169.693
163.624
157.801
152.215
146.855
141.714
136.783
132.053
127.517
123.166
118.993
114.992
111.155
107.475
103.946
100.563
97.319
94.2084
91.2261
88.3667
85.6253
82.9972
80.4777
78.0625
75.7475
73.5285
71.4018
69.3639
67.4112
65.5407
63.75
62.037
60.4013
58.8409
57.3556
55.947
54.6201
53.3862
52.2685
51.3134
50.6162
50.3199
20.5527
13.4334
13.4555
14.9447
17.1332
19.8254
22.951
26.4735
30.3662
34.6054
39.1701
44.0427
49.2102
54.6641
60.4002
66.4178
72.7182
79.3035
86.1768
93.3413
100.8
108.557
116.615
124.976
133.643
142.617
151.9
161.493
171.394
181.604
192.121
202.943
214.066
225.488
237.204
249.209
261.497
274.062
286.897
299.994
313.344
326.939
340.769
354.824
369.093
383.564
398.227
413.069
428.079
443.245
458.553
473.994
489.555
505.226
520.999
536.865
552.818
568.855
584.975
601.181
617.478
633.875
650.387
667.031
683.827
700.797
717.962
735.341
752.944
770.785
788.771
806.797
824.738
842.434
859.682
876.239
891.826
906.141
918.873
929.724
938.418
944.724
948.458
949.5
947.791
943.336
936.2
926.496
914.387
900.074
883.787
865.773
846.281
825.557
803.841
781.343
758.262
734.831
711.401
688.146
665.196
642.665
620.646
599.193
578.327
558.044
538.333
519.186
500.596
482.559
465.071
448.127
431.723
415.853
400.51
385.685
371.371
357.558
344.234
331.388
319.01
307.087
295.606
284.555
273.921
263.692
253.855
244.397
235.306
226.569
218.175
210.111
202.365
194.927
187.785
180.927
174.344
168.026
161.961
156.141
150.556
145.196
140.054
135.121
130.388
125.847
121.491
117.313
113.305
109.461
105.774
102.237
98.845
95.5917
92.4716
89.4793
86.6096
83.8575
81.2182
78.6873
76.2604
73.9332
71.7018
69.5625
67.5115
65.5455
63.6613
61.8559
60.1267
58.4717
56.8899
55.3802
53.9423
52.5773
51.2894
50.0871
48.9869
48.0189
47.2365
46.6968
25.2864
16.0177
15.7569
17.247
19.5082
22.277
25.4568
29.0034
32.892
37.1057
41.6324
46.4632
51.5921
57.016
62.7339
68.7466
75.0561
81.6651
88.5766
95.7938
103.32
111.157
119.307
127.773
136.556
145.655
155.07
164.799
174.841
185.192
195.848
206.803
218.052
229.588
241.401
253.484
265.826
278.417
291.244
304.294
317.555
331.011
344.648
358.451
372.402
386.487
400.687
414.987
429.369
443.818
458.319
472.857
487.419
501.994
516.574
531.153
545.73
560.305
574.886
589.484
604.118
618.812
633.597
648.51
663.593
678.895
694.465
710.352
726.6
743.245
760.255
777.575
795.117
812.745
830.262
847.416
863.898
879.361
893.439
905.767
916.002
923.847
929.06
931.471
930.984
927.578
921.314
912.292
900.678
886.693
870.594
852.661
833.17
812.395
790.63
768.085
745.221
722.184
699.178
676.359
653.846
631.735
610.102
588.993
568.434
548.435
528.997
510.119
491.797
474.029
456.81
440.134
423.996
408.388
393.304
378.733
364.667
351.094
338.004
325.386
313.227
301.516
290.239
279.385
268.941
258.893
249.231
239.94
231.009
222.426
214.179
206.256
198.645
191.335
184.316
177.576
171.106
164.894
158.932
153.21
147.718
142.448
137.391
132.538
127.882
123.415
119.129
115.017
111.072
107.288
103.658
100.175
96.8347
93.6302
90.5563
87.6077
84.7794
82.0664
79.4641
76.9681
74.5741
72.278
70.0759
67.9641
65.939
63.9974
62.1362
60.3524
58.6435
57.0074
55.4428
53.9489
52.5251
51.1725
49.8944
48.6972
47.5931
46.6023
45.7561
45.0786
28.9512
17.981
17.4436
18.8702
21.1255
23.894
27.0583
30.5678
34.3986
38.5387
42.982
47.7256
52.7686
58.1118
63.757
69.7068
75.9645
82.5337
89.4177
96.6203
104.144
111.992
120.167
128.668
137.497
146.653
156.135
165.939
176.062
186.499
197.243
208.289
219.626
231.246
243.137
255.287
267.684
280.313
293.158
306.203
319.431
332.823
346.36
360.022
373.789
387.64
401.555
415.512
429.492
443.473
457.439
471.37
485.253
499.075
512.826
526.501
540.1
553.626
567.093
580.518
593.93
607.364
620.867
634.495
648.314
662.398
676.828
691.688
707.06
723.015
739.584
756.763
774.503
792.692
811.142
829.582
847.666
864.988
881.103
895.561
907.932
917.832
924.951
929.06
930.015
927.756
922.38
913.947
902.627
888.679
872.394
854.111
834.152
812.798
790.591
767.815
744.719
721.505
698.368
675.448
652.859
630.691
609.007
587.85
567.245
547.204
527.732
508.83
490.495
472.723
455.509
438.846
422.728
407.146
392.091
377.553
363.521
349.985
336.933
324.353
312.233
300.559
289.32
278.503
268.094
258.081
248.452
239.193
230.293
221.74
213.521
205.625
198.039
190.754
183.758
177.04
170.59
164.398
158.454
152.749
147.273
142.018
136.975
132.135
127.491
123.035
118.759
114.657
110.72
106.944
103.32
99.8438
96.5085
93.3086
90.2385
87.2931
84.4673
81.7563
79.1554
76.6601
74.2663
71.97
69.7671
67.6541
65.6275
63.684
61.8205
60.0342
58.3226
56.6835
55.1156
53.6177
52.1895
50.8317
49.5468
48.3399
47.2201
46.201
45.3013
44.5314
31.4728
19.3339
18.5444
19.8549
22.0336
24.7316
27.817
31.2337
34.9576
38.979
43.2953
47.9069
52.8162
58.0265
63.5417
69.3661
75.5044
81.9611
88.7405
95.8469
103.284
111.054
119.16
127.602
136.382
145.497
154.946
164.727
174.833
185.259
195.998
207.042
218.381
230.003
241.895
254.045
266.436
279.052
291.875
304.886
318.065
331.391
344.841
358.393
372.023
385.707
399.421
413.14
426.84
440.498
454.092
467.601
481.006
494.293
507.449
520.467
533.345
546.088
558.708
571.227
583.677
596.105
608.567
621.137
633.901
646.963
660.435
674.443
689.11
704.564
720.901
738.178
756.397
775.48
795.252
815.427
835.61
855.32
874.016
891.139
906.15
918.56
927.979
934.115
936.778
935.786
931.191
923.147
911.907
897.808
881.148
862.379
841.963
820.232
797.575
774.308
750.703
727.001
703.448
680.152
657.234
634.775
612.833
591.445
570.63
550.4
530.755
511.696
493.219
475.317
457.986
441.217
425.001
409.33
394.193
379.579
365.477
351.876
338.762
326.124
313.949
302.223
290.934
280.07
269.615
259.559
249.888
240.59
231.651
223.06
214.805
206.874
199.254
191.936
184.908
178.159
171.679
165.457
159.485
153.751
148.248
142.966
137.897
133.032
128.363
123.882
119.583
115.457
111.498
107.698
104.053
100.554
97.1977
93.9766
90.8858
87.9199
85.0739
82.343
79.7224
77.2078
74.795
72.4798
70.2584
68.1271
66.0825
64.1214
62.2405
60.4373
58.709
57.0537
55.4698
53.9561
52.512
51.138
49.8362
48.6104
47.4673
46.4162
45.4679
44.6274
32.8563
20.1062
19.1096
20.2701
22.3158
24.8837
27.8345
31.1083
34.6798
38.5397
42.6862
47.1214
51.8491
56.874
62.2015
67.8372
73.7869
80.0562
86.6505
93.5746
100.833
108.429
116.365
124.643
133.264
142.226
151.529
161.167
171.138
181.434
192.049
202.974
214.197
225.707
237.492
249.535
261.82
274.331
287.047
299.948
313.012
326.217
339.538
352.95
366.427
379.942
393.47
406.981
420.45
433.849
447.154
460.339
473.383
486.266
498.972
511.489
523.811
535.941
547.887
559.669
571.321
582.889
594.438
606.053
617.84
629.926
642.462
655.616
669.567
684.507
700.614
718.023
736.804
756.932
778.255
800.471
823.13
845.656
867.391
887.644
905.746
921.064
933.15
941.432
945.655
945.731
941.781
934.026
922.78
908.544
891.71
872.727
852.025
829.989
806.984
783.327
759.299
735.143
711.079
687.287
663.946
641.118
618.856
597.188
576.124
555.669
535.82
516.572
497.92
479.857
462.373
445.461
429.11
413.31
398.051
383.321
369.108
355.4
342.184
329.447
317.177
305.36
293.982
283.032
272.495
262.359
252.61
243.236
234.224
225.562
217.238
209.24
201.557
194.176
187.086
180.278
173.741
167.464
161.437
155.651
150.097
144.766
139.648
134.736
130.021
125.496
121.154
116.986
112.985
109.146
105.462
101.925
98.5317
95.2745
92.1483
89.148
86.2684
83.5045
80.8518
78.3058
75.8623
73.5171
71.2663
69.1064
67.0338
65.0453
63.1379
61.3086
59.5552
57.8754
56.2675
54.7302
53.2628
51.8657
50.5403
49.2896
48.1182
47.0323
46.0381
45.1382
33.1843
20.3503
19.2051
20.2009
22.075
24.4681
27.2398
30.3289
33.7082
37.3672
41.3037
45.5196
50.0191
54.8077
59.8916
65.2772
70.9713
76.9802
83.3102
89.967
96.9558
104.281
111.945
119.952
128.301
136.994
146.028
155.401
165.109
175.146
185.506
196.179
207.155
218.422
229.968
241.778
253.834
266.119
278.612
291.294
304.142
317.131
330.236
343.432
356.691
369.984
383.284
396.559
409.782
422.922
435.952
448.842
461.568
474.105
486.432
498.533
510.395
522.015
533.395
544.549
555.504
566.305
577.014
587.721
598.543
609.631
621.169
633.374
646.49
660.791
676.55
694
713.305
734.518
757.523
782.001
807.433
833.129
858.284
882.061
903.648
922.129
936.698
946.893
952.509
953.519
950.159
942.774
931.778
917.651
900.856
881.851
861.072
838.916
815.748
791.888
767.62
743.191
718.815
694.68
670.952
647.785
625.245
603.346
582.084
561.453
541.444
522.048
503.256
485.059
467.447
450.412
433.941
418.025
402.652
387.811
373.49
359.675
346.355
333.516
321.146
309.23
297.757
286.712
276.083
265.857
256.02
246.56
237.464
228.72
220.315
212.239
204.479
197.023
189.861
182.982
176.376
170.032
163.939
158.09
152.474
147.082
141.906
136.936
132.166
127.587
123.191
118.971
114.921
111.033
107.301
103.718
100.279
96.9772
93.8079
90.7654
87.8447
85.0407
82.3488
79.7646
77.2836
74.9019
72.6156
70.4209
68.3144
66.2929
64.3532
62.4926
60.7086
58.9992
57.3623
55.7966
54.3012
52.8764
51.523
50.2432
49.0403
47.9179
46.8794
45.9266
32.5686
20.1338
18.9077
19.743
21.4265
23.6171
26.1795
29.0526
32.2077
35.6326
39.3234
43.2815
47.5106
52.0165
56.8055
61.8847
67.2613
72.9423
78.9348
85.2451
91.8791
98.842
106.138
113.77
121.74
130.05
138.698
147.683
157.003
166.651
176.622
186.909
197.501
208.389
219.559
230.996
242.686
254.61
266.749
279.083
291.588
304.241
317.017
329.889
342.829
355.807
368.795
381.761
394.674
407.504
420.218
432.786
445.179
457.368
469.329
481.039
492.481
503.642
514.517
525.113
535.446
545.551
555.48
565.319
575.188
585.251
595.723
606.874
619.018
632.531
647.793
665.156
684.909
707.21
732
758.922
787.369
816.504
845.349
872.906
897.978
919.287
936.028
947.864
954.693
956.635
953.983
947.141
936.573
922.776
906.241
887.443
866.824
844.792
821.712
797.906
773.658
749.215
724.79
700.569
676.714
653.374
630.685
608.682
587.342
566.647
546.579
527.127
508.279
490.024
472.352
455.252
438.715
422.731
407.287
392.372
377.975
364.083
350.684
337.766
325.315
313.318
301.763
290.637
279.926
269.619
259.701
250.161
240.986
232.164
223.682
215.53
207.695
200.165
192.931
185.981
179.305
172.893
166.734
160.819
155.139
149.684
144.446
139.417
134.588
129.952
125.5
121.226
117.122
113.182
109.399
105.766
102.279
98.9296
95.7139
92.626
89.6609
86.8136
84.0793
81.4536
78.9322
76.5109
74.1859
71.9534
69.81
67.7524
65.7776
63.8827
62.0654
60.3234
58.6545
57.0574
55.5312
54.0758
52.6917
51.3804
50.1438
48.9842
47.9028
46.9013
31.1057
19.5303
18.3011
18.9975
20.4912
22.4699
24.8079
27.4459
30.3547
33.5204
36.9378
40.607
44.5314
48.7162
53.1677
57.8932
62.9001
68.1959
73.788
79.6834
85.8886
92.4096
99.2513
106.418
113.913
121.737
129.893
138.378
147.192
156.331
165.79
175.562
185.64
196.013
206.671
217.6
228.786
240.211
251.858
263.707
275.735
287.921
300.238
312.66
325.16
337.708
350.275
362.829
375.338
387.769
400.09
412.269
424.273
436.071
447.635
458.937
469.956
480.672
491.074
501.159
510.936
520.424
529.66
538.712
547.693
556.772
566.19
576.27
587.397
600.074
614.789
632.027
652.22
675.678
702.433
731.999
763.661
796.398
829.03
859.969
887.764
911.294
929.847
943.105
951.049
953.88
951.954
945.725
935.699
922.393
906.318
887.957
867.757
846.125
823.423
799.971
776.05
751.9
727.733
703.729
680.048
656.831
634.212
612.3
591.058
570.456
550.473
531.094
512.306
494.098
476.462
459.387
442.864
426.882
411.433
396.505
382.087
368.167
354.735
341.777
329.283
317.239
305.633
294.454
283.687
273.321
263.344
253.742
244.505
235.62
227.075
218.859
210.96
203.368
196.07
189.058
182.319
175.845
169.625
163.65
157.911
152.398
147.102
142.017
137.132
132.441
127.935
123.608
119.453
115.462
111.629
107.947
104.411
101.015
97.7534
94.6202
91.6108
88.7199
85.943
83.2755
80.7132
78.2518
75.8874
73.6164
71.4353
69.3409
67.3299
65.3998
63.548
61.7721
60.07
58.4401
56.8816
55.3942
53.978
52.6338
51.3628
50.1658
49.0429
47.9962
28.947
18.6384
17.4799
18.0697
19.3908
21.1644
23.2771
25.6739
28.3261
31.2192
34.347
37.7085
41.3062
45.1448
49.2303
53.5696
58.17
63.0393
68.185
73.6145
79.3348
85.3524
91.6732
98.3021
105.243
112.5
120.074
127.966
136.176
144.701
153.539
162.684
172.131
181.87
191.893
202.188
212.741
223.538
234.561
245.793
257.212
268.798
280.525
292.369
304.302
316.296
328.322
340.348
352.342
364.272
376.104
387.805
399.341
410.68
421.79
432.643
443.211
453.474
463.415
473.028
482.316
491.301
499.984
508.409
516.672
524.938
533.47
542.671
552.988
565.062
579.477
596.849
617.743
642.538
671.265
703.469
738.265
774.441
810.233
843.821
873.722
898.878
918.67
932.87
941.554
945.005
943.641
937.96
928.494
915.775
900.317
882.601
863.065
842.108
820.08
797.292
774.013
750.476
726.884
703.412
680.213
657.426
635.176
613.592
592.656
572.333
552.6
533.443
514.852
496.816
479.329
462.383
445.969
430.08
414.706
399.839
385.468
371.584
358.177
345.234
332.746
320.7
309.086
297.891
287.103
276.712
266.705
257.071
247.797
238.873
230.287
222.028
214.084
206.445
199.101
192.04
185.253
178.73
172.461
166.436
160.647
155.085
149.74
144.606
139.672
134.933
130.38
126.006
121.803
117.766
113.887
110.161
106.581
103.141
99.8362
96.6606
93.6093
90.6773
87.8599
85.1525
82.5509
80.0508
77.6485
75.3402
73.1224
70.9919
68.9456
66.9807
65.0948
63.2851
61.5496
59.8869
58.296
56.7763
55.3277
53.9504
52.6449
51.4112
50.2486
49.1597
26.5425
17.6183
16.5651
17.0735
18.2418
19.8223
21.7147
23.8698
26.261
28.8742
31.7027
34.7446
38.0016
41.4773
45.1771
49.1074
53.2752
57.6878
62.3529
67.2778
72.4699
77.9362
83.6831
89.7164
96.0411
102.662
109.581
116.801
124.324
132.148
140.273
148.694
157.409
166.409
175.689
185.237
195.044
205.096
215.377
225.872
236.562
247.427
258.444
269.589
280.838
292.162
303.533
314.921
326.295
337.623
348.871
360.006
370.996
381.806
392.406
402.765
412.855
422.654
432.144
441.315
450.171
458.723
466.968
474.945
482.746
490.536
498.591
507.333
517.32
529.297
543.942
561.991
584.123
610.77
641.921
676.995
714.904
753.949
792.014
827.222
858.151
883.879
903.947
918.27
927.037
930.613
929.47
924.133
915.14
903.018
888.265
871.343
852.67
832.62
811.524
789.673
767.321
744.687
721.963
699.314
676.887
654.814
633.219
612.22
591.806
571.95
552.636
533.856
515.601
497.867
480.649
463.942
447.74
432.038
416.828
402.103
387.857
374.079
360.762
347.895
335.469
323.475
311.9
300.736
289.971
279.594
269.595
259.961
250.684
241.75
233.151
224.874
216.91
209.247
201.877
194.788
187.971
181.415
175.113
169.054
163.229
157.631
152.249
147.077
142.106
137.328
132.737
128.324
124.083
120.007
116.09
112.326
108.707
105.23
101.887
98.6739
95.5855
92.6167
89.7628
87.0193
84.3819
81.8465
79.4091
77.0662
74.8142
72.65
70.5703
68.5726
66.6538
64.8116
63.044
61.3495
59.7271
58.1759
56.6956
55.2859
53.9469
52.6779
51.4777
50.3495
23.7982
16.453
15.5705
16.0328
17.0735
18.4783
20.1614
22.0809
24.2137
26.547
29.0742
31.7929
34.7038
37.8097
41.1149
44.6249
48.346
52.2852
56.4495
60.8464
65.4832
70.3671
75.5049
80.9031
86.5676
92.5038
98.7159
105.208
111.982
119.039
126.381
134.005
141.909
150.09
158.542
167.257
176.228
185.442
194.888
204.551
214.415
224.463
234.673
245.025
255.494
266.056
276.683
287.347
298.019
308.667
319.26
329.767
340.153
350.39
360.444
370.288
379.895
389.244
398.317
407.105
415.606
423.831
431.803
439.576
447.256
455.023
463.166
472.08
482.566
495.321
511.152
530.909
555.334
584.816
619.147
657.427
698.19
739.159
778.155
813.429
843.796
868.603
887.633
900.982
908.959
911.997
910.598
905.285
896.575
884.966
870.918
854.856
837.159
818.169
798.185
777.473
756.263
734.757
713.131
691.54
670.123
649.005
628.306
608.109
588.405
569.183
550.441
532.177
514.39
497.08
480.244
463.883
447.992
432.57
417.612
403.113
389.067
375.468
362.309
349.582
337.279
325.392
313.911
302.827
292.13
281.811
271.86
262.266
253.02
244.112
235.531
227.267
219.31
211.65
204.278
197.184
190.359
183.792
177.476
171.4
165.558
159.939
154.535
149.34
144.344
139.541
134.923
130.483
126.214
122.11
118.164
114.37
110.721
107.214
103.841
100.597
97.4779
94.4784
91.5938
88.8195
86.1513
83.5852
81.1173
78.7439
76.4615
74.267
72.1573
70.1293
68.1803
66.308
64.5105
62.7864
61.1343
59.5533
58.0429
56.6024
55.2315
53.9292
52.694
51.5294
20.8722
15.1527
14.5012
14.9548
15.8951
17.1454
18.6359
20.3327
22.2173
24.2789
26.5116
28.9129
31.4828
34.2229
37.1366
40.2284
43.5036
46.9684
50.6293
54.4933
58.5677
62.8595
67.3761
72.1242
77.1106
82.3415
87.8224
93.5583
99.5532
105.81
112.332
119.119
126.172
133.488
141.065
148.897
156.98
165.304
173.86
182.637
191.62
200.795
210.144
219.648
229.287
239.036
248.872
258.769
268.699
278.634
288.545
298.402
308.175
317.836
327.357
336.712
345.88
354.843
363.59
372.119
380.438
388.571
396.563
404.494
412.495
420.783
429.683
439.691
451.685
466.431
484.839
507.836
536.111
569.787
608.189
649.875
692.57
733.869
771.809
805.055
832.877
855.013
871.537
882.726
888.987
890.784
888.608
882.946
874.266
863.009
849.58
834.347
817.643
799.764
780.973
761.501
741.553
721.307
700.924
680.545
660.301
640.305
620.669
601.412
582.548
564.087
546.036
528.401
511.189
494.404
478.049
462.126
446.636
431.578
416.952
402.755
388.983
375.632
362.697
350.172
338.051
326.327
314.992
304.039
293.458
283.242
273.382
263.869
254.693
245.845
237.317
229.098
221.179
213.551
206.205
199.132
192.323
185.768
179.459
173.388
167.547
161.926
156.519
151.317
146.312
141.498
136.868
132.414
128.129
124.008
120.044
116.231
112.563
109.034
105.64
102.375
99.2328
96.2101
93.3019
90.5036
87.8111
85.2202
82.7273
80.3286
78.0208
75.8006
73.6647
71.6103
69.6347
67.7359
65.9119
64.161
62.482
60.8738
59.3356
57.8667
56.4662
55.1332
53.8658
52.6681
17.9679
13.7489
13.364
13.8428
14.7112
15.8328
17.1542
18.65
20.3063
22.1149
24.071
26.1723
28.4182
30.8099
33.3495
36.0408
38.8881
41.8966
45.0725
48.4221
51.9523
55.6702
59.5831
63.6984
68.0231
72.5644
77.3289
82.3227
87.5514
93.02
98.7326
104.692
110.901
117.359
124.067
131.023
138.222
145.661
153.331
161.225
169.332
177.639
186.133
194.797
203.613
212.562
221.621
230.769
239.981
249.231
258.494
267.744
276.955
286.102
295.165
304.122
312.96
321.67
330.253
338.722
347.103
355.445
363.825
372.361
381.236
390.724
401.21
413.511
428.373
446.712
469.547
497.787
531.801
571.016
613.943
658.02
700.642
739.742
774.017
802.847
826.097
843.929
856.667
864.714
868.508
868.492
865.104
858.761
849.856
838.758
825.801
811.292
795.507
778.693
761.071
742.837
724.167
705.214
686.122
667.019
648.026
629.238
610.696
592.434
574.479
556.85
539.565
522.636
506.075
489.891
474.091
458.679
443.661
429.038
414.812
400.982
387.547
374.506
361.854
349.589
337.705
326.197
315.059
304.284
293.867
283.798
274.072
264.679
255.612
246.862
238.421
230.28
222.432
214.866
207.575
200.55
193.783
187.265
180.988
174.944
169.125
163.523
158.13
152.94
147.944
143.136
138.508
134.055
129.769
125.645
121.675
117.856
114.179
110.641
107.235
103.958
100.803
97.7657
94.8421
92.0277
89.3183
86.7098
84.1985
81.7808
79.4534
77.2127
75.0557
72.9798
70.9824
69.0615
67.215
65.4412
63.7389
62.1067
60.5438
59.0493
57.6222
56.2614
54.9652
53.7376
15.2342
12.2767
12.1663
12.7012
13.532
14.5602
15.748
17.078
18.5407
20.1304
21.8437
23.679
25.6358
27.715
29.9184
32.249
34.7107
37.3083
40.0471
42.9332
45.9732
49.1741
52.5432
56.088
59.8163
63.7356
67.8535
72.1773
76.7139
81.4697
86.4505
91.6613
97.1063
102.789
108.71
114.871
121.272
127.909
134.779
141.876
149.193
156.721
164.448
172.362
180.448
188.689
197.068
205.565
214.16
222.833
231.561
240.325
249.103
257.878
266.636
275.367
284.067
292.743
301.412
310.11
318.894
327.848
337.099
346.828
357.307
368.919
382.354
398.356
417.83
441.858
471.459
507.247
548.654
593.622
639.213
682.515
721.439
754.922
782.702
804.972
822.119
834.586
842.809
847.203
848.157
846.042
841.204
833.974
824.661
813.553
800.916
786.992
772
756.14
739.593
722.52
705.064
687.358
669.525
651.685
633.918
616.273
598.796
581.524
564.489
547.718
531.232
515.048
499.182
483.646
468.45
453.601
439.107
424.971
411.198
397.789
384.744
372.064
359.747
347.791
336.193
324.949
314.054
303.504
293.293
283.414
273.862
264.629
255.708
247.093
238.774
230.746
222.999
215.527
208.32
201.372
194.674
188.219
181.998
176.004
170.23
164.668
159.311
154.152
149.183
144.398
139.791
135.355
131.083
126.97
123.009
119.196
115.524
111.988
108.583
105.304
102.146
99.1043
96.1749
93.3533
90.6354
88.0172
85.4951
83.0655
80.7248
78.47
76.2982
74.2067
72.193
70.2551
68.3909
66.5987
64.8772
63.2249
61.641
60.1244
58.6741
57.2889
55.9672
54.7133
13.3763
11.1419
11.2201
11.8123
12.6402
13.6274
14.7452
15.9807
17.3269
18.78
20.3379
21.9997
23.7658
25.6375
27.6168
29.7068
31.9114
34.2353
36.6836
39.2623
41.9778
44.837
47.8472
51.0161
54.3516
57.8617
61.5545
65.4379
69.5198
73.8075
78.3079
83.0274
87.9714
93.1446
98.5506
104.192
110.069
116.183
122.531
129.109
135.913
142.936
150.169
157.602
165.224
173.021
180.979
189.083
197.317
205.663
214.108
222.635
231.232
239.89
248.604
257.377
266.221
275.16
284.235
293.511
303.083
313.088
323.72
335.264
348.122
362.885
380.267
401.198
426.803
458.286
496.161
539.676
586.408
632.861
675.793
713.216
744.5
769.897
790.006
805.452
816.771
824.399
828.699
829.99
828.566
824.702
818.658
810.687
801.026
789.902
777.524
764.084
749.756
734.699
719.064
702.987
686.578
669.955
653.225
636.452
619.701
603.024
586.464
570.062
553.85
537.855
522.102
506.61
491.396
476.474
461.856
447.551
433.567
419.911
406.587
393.599
380.948
368.637
356.665
345.03
333.733
322.768
312.135
301.828
291.842
282.174
272.817
263.765
255.013
246.554
238.38
230.486
222.863
215.505
208.404
201.554
194.946
188.573
182.429
176.505
170.795
165.292
159.989
154.878
149.954
145.21
140.639
136.236
131.994
127.907
123.97
120.177
116.522
113.002
109.61
106.342
103.193
100.159
97.2347
94.4168
91.7009
89.0832
86.56
84.1276
81.783
79.523
77.3449
75.246
73.2239
71.2765
69.4016
67.5978
65.8633
64.197
62.5978
61.0646
59.5964
58.192
56.8499
55.5747
11.8309
10.0958
10.3444
11.0172
11.8811
12.8737
13.9725
15.1683
16.4566
17.836
19.3062
20.868
22.523
24.2735
26.1225
28.0737
30.1312
32.2999
34.5853
36.9933
39.5304
42.2034
45.0196
47.9869
51.1133
54.4072
57.8769
61.5308
65.3773
69.4242
73.6792
78.1492
82.8406
87.7588
92.9085
98.2929
103.914
109.774
115.87
122.202
128.766
135.556
142.566
149.789
157.215
164.834
172.635
180.607
188.738
197.018
205.436
213.985
222.66
231.461
240.396
249.482
258.748
268.238
278.021
288.196
298.906
310.357
322.828
336.723
352.49
370.779
392.48
418.714
450.612
488.759
532.492
579.332
625.523
667.577
703.533
733.059
756.766
775.508
790.026
800.867
808.422
812.992
814.834
814.184
811.27
806.312
799.523
791.108
781.265
770.182
758.039
744.996
731.192
716.76
701.835
686.538
670.948
655.15
639.226
623.243
607.258
591.321
575.474
559.757
544.2
528.831
513.674
498.75
484.075
469.666
455.533
441.689
428.141
414.897
401.962
389.341
377.037
365.052
353.386
342.041
331.015
320.305
309.911
299.828
290.053
280.582
271.41
262.531
253.94
245.632
237.6
229.837
222.337
215.094
208.1
201.349
194.834
188.548
182.484
176.635
170.994
165.555
160.311
155.255
150.382
145.684
141.156
136.793
132.587
128.533
124.626
120.861
117.231
113.733
110.362
107.112
103.979
100.958
98.0465
95.2389
92.5318
89.9213
87.4037
84.9757
82.6338
80.3751
78.1969
76.0967
74.0719
72.1205
70.2403
68.4298
66.6874
65.0118
63.4017
61.8563
60.3743
58.9547
57.5962
56.3033
10.5409
9.10306
9.51697
10.3066
11.2555
12.3074
13.4446
14.6617
15.9579
17.3348
18.7949
20.3412
21.9771
23.7065
25.5334
27.4625
29.4986
31.6471
33.9138
36.3048
38.8266
41.486
44.2903
47.2474
50.3653
53.6525
57.1174
60.7687
64.6147
68.6636
72.9229
77.3998
82.1007
87.0311
92.1958
97.5983
103.241
109.125
115.25
121.615
128.218
135.053
142.118
149.405
156.909
164.622
172.54
180.654
188.96
197.453
206.131
214.995
224.052
233.317
242.814
252.58
262.671
273.161
284.167
295.842
308.428
322.219
337.548
354.696
374.242
396.914
423.726
455.481
492.625
534.542
578.935
622.221
661.109
693.984
720.914
742.764
760.417
774.493
785.373
793.306
798.485
801.094
801.326
799.378
795.453
789.752
782.459
773.754
763.811
752.795
740.869
728.174
714.818
700.91
686.559
671.86
656.894
641.736
626.453
611.107
595.749
580.425
565.176
550.037
535.039
520.208
505.568
491.139
476.939
462.982
449.281
435.848
422.692
409.82
397.239
384.953
372.967
361.283
349.903
338.827
328.055
317.586
307.419
297.55
287.976
278.695
269.701
260.99
252.558
244.398
236.505
228.873
221.497
214.369
207.483
200.833
194.413
188.215
182.234
176.463
170.894
165.523
160.342
155.345
150.527
145.88
141.4
137.079
132.914
128.898
125.026
121.292
117.692
114.221
110.874
107.647
104.534
101.532
98.6362
95.8432
93.1489
90.5496
88.0418
85.622
83.287
81.0338
78.8597
76.7618
74.738
72.786
70.9039
69.0899
67.3424
65.6602
64.042
62.4868
60.9934
59.5611
58.1883
56.8799
9.46234
8.19907
8.82664
9.80435
10.9163
12.1114
13.3779
14.7162
16.1307
17.6267
19.2101
20.8868
22.6622
24.5421
26.5322
28.6382
30.866
33.2217
35.7115
38.3416
41.1184
44.0486
47.1389
50.3967
53.8298
57.4463
61.2542
65.2616
69.476
73.9045
78.5537
83.4293
88.5364
93.8791
99.4605
105.283
111.346
117.652
124.198
130.983
138.004
145.258
152.742
160.452
168.387
176.546
184.927
193.532
202.365
211.432
220.743
230.312
240.168
250.348
260.91
271.934
283.523
295.807
309.02
323.369
339.312
356.848
376.121
397.538
421.713
449.036
479.808
513.978
550.81
588.477
624.277
655.937
682.819
705.639
725.333
742.385
756.867
768.696
777.815
784.252
788.117
789.565
788.789
786
781.405
775.212
767.594
758.717
748.739
737.807
726.06
713.619
700.589
687.068
673.149
658.915
644.437
629.783
615.013
600.181
585.333
570.514
555.759
541.102
526.572
512.194
497.993
483.986
470.191
456.624
443.298
430.222
417.408
404.863
392.593
380.605
368.902
357.488
346.363
335.531
324.99
314.74
304.78
295.108
285.721
276.616
267.789
259.236
250.953
242.934
235.174
227.667
220.409
213.392
206.612
200.061
193.734
187.624
181.725
176.031
170.535
165.232
160.115
155.178
150.416
145.822
141.39
137.116
132.994
129.018
125.183
121.484
117.916
114.474
111.155
107.952
104.863
101.882
99.0058
96.2304
93.552
90.9669
88.4717
86.063
83.7377
81.4928
79.3254
77.2329
75.2129
73.2632
71.3817
69.5668
67.8167
66.1302
64.5059
62.9429
61.4402
59.9969
58.6118
57.2896
8.64164
7.50276
8.47963
9.79101
11.2177
12.7201
14.2978
15.9598
17.7169
19.5798
21.5589
23.6636
25.9033
28.2864
30.8212
33.5157
36.3774
39.4134
42.6306
46.0349
49.6316
53.4252
57.4204
61.6219
66.0351
70.6653
75.5174
80.5953
85.902
91.4394
97.2084
103.209
109.44
115.901
122.587
129.496
136.623
143.965
151.517
159.275
167.238
175.403
183.772
192.348
201.136
210.148
219.397
228.9
238.682
248.767
259.189
269.993
281.258
293.075
305.567
318.947
333.388
349.039
366.491
385.668
406.271
428.429
452.215
477.613
504.403
532.025
559.624
586.21
610.76
632.336
650.772
667.33
683.806
700.954
718.184
734.353
748.479
759.991
768.669
774.546
777.793
778.613
777.249
773.948
768.937
762.424
754.593
745.609
735.623
724.77
713.176
700.949
688.189
674.985
661.417
647.561
633.481
619.239
604.888
590.477
576.05
561.646
547.3
533.044
518.904
504.906
491.071
477.42
463.967
450.73
437.72
424.949
412.427
400.162
388.161
376.429
364.971
353.791
342.89
332.271
321.934
311.878
302.102
292.606
283.386
274.439
265.763
257.354
249.206
241.316
233.678
226.287
219.138
212.226
205.544
199.086
192.847
186.82
180.999
175.38
169.954
164.717
159.662
154.784
150.077
145.535
141.153
136.925
132.845
128.91
125.113
121.449
117.915
114.504
111.214
108.038
104.973
102.015
99.1605
96.4045
93.7439
91.175
88.6944
86.2988
83.9851
81.7503
79.5915
77.5062
75.4918
73.5462
71.6672
69.8529
68.1019
66.4126
64.7839
63.2146
61.7039
60.251
58.855
57.5206
8.23728
7.41564
9.01197
11.0392
13.1732
15.4078
17.7712
20.2894
22.9872
25.8882
29.0152
32.3892
36.0294
39.953
44.1748
48.707
53.559
58.7366
64.2416
70.0713
76.2181
82.6697
89.4112
96.429
103.71
111.24
119.004
126.984
135.16
143.51
152.014
160.654
169.41
178.266
187.203
196.209
205.273
214.388
223.554
232.771
242.048
251.399
260.847
270.417
280.144
290.087
300.296
310.838
321.783
333.198
345.153
357.797
371.368
385.998
401.931
419.681
439.35
460.635
482.758
505.727
529.335
553.199
576.639
598.6
617.654
632.251
641.3
644.869
644.407
642.712
643.842
651.336
665.634
684.225
703.858
722.088
737.578
749.823
758.751
764.552
767.533
768.02
766.326
762.735
757.494
750.821
742.905
733.91
723.98
713.247
701.824
689.815
677.311
664.394
651.138
637.612
623.876
609.986
595.991
581.937
567.865
553.811
539.808
525.887
512.074
498.393
484.865
471.51
458.344
445.382
432.637
420.121
407.844
395.814
384.038
372.523
361.272
350.291
339.58
329.143
318.979
309.089
299.473
290.128
281.053
272.245
263.701
255.417
247.389
239.612
232.083
224.796
217.746
210.927
204.333
197.96
191.801
185.85
180.102
174.551
169.191
164.015
159.019
154.196
149.541
145.049
140.714
136.53
132.492
128.596
124.836
121.207
117.706
114.326
111.064
107.915
104.876
101.942
99.1087
96.373
93.7311
91.1794
88.7145
86.3331
84.0321
81.8086
79.6597
77.5827
75.5751
73.6346
71.7592
69.9468
68.1959
66.5048
64.8724
63.2977
61.7797
60.3179
58.9117
57.566
7.66655
9.29049
12.6958
16.8387
21.2878
26.0601
31.3027
37.0987
43.5263
50.6617
58.5757
67.3283
76.9644
87.5092
98.9648
111.308
124.488
138.427
153.021
168.143
183.649
199.379
215.183
230.936
246.531
261.873
276.874
291.456
305.553
319.11
332.092
344.497
356.325
367.577
378.263
388.407
398.047
407.234
416.03
424.504
432.743
440.842
448.903
457.024
465.316
474.055
483.345
493.414
504.36
516.226
529.076
543.258
559.446
577.176
596.187
615.627
635.045
654.328
673.082
690.734
706.424
718.935
726.691
727.892
720.881
704.914
681.087
652.94
626.142
607.813
604.061
615.467
636.977
662.272
686.811
708.22
725.608
738.834
748.187
754.105
757.046
757.429
755.623
751.943
746.653
739.979
732.111
723.213
713.426
702.875
691.669
679.906
667.67
655.041
642.087
628.871
615.452
601.88
588.203
574.464
560.701
546.95
533.243
519.609
506.073
492.66
479.39
466.283
453.356
440.623
428.099
415.794
403.719
391.883
380.294
368.957
357.878
347.06
336.507
326.22
316.201
306.449
296.965
287.747
278.794
270.102
261.669
253.491
245.565
237.886
230.45
223.251
216.286
209.548
203.032
196.732
190.644
184.76
179.076
173.586
168.284
163.163
158.22
153.447
148.84
144.393
140.1
135.957
131.958
128.099
124.373
120.778
117.307
113.957
110.723
107.6
104.585
101.674
98.8625
96.1468
93.5236
90.9891
88.5401
86.1732
83.8854
81.6736
79.5351
77.467
75.4668
73.5322
71.661
69.8511
68.1009
66.4087
64.7732
63.1935
61.6687
60.1985
58.7827
57.4265
6.80754
25.0908
40.5616
58.1946
77.4971
99.9344
125.856
155.444
188.749
225.656
265.865
308.894
354.1
400.722
447.928
494.868
540.721
584.737
626.263
664.769
699.859
731.277
758.965
783.021
803.588
820.835
834.955
846.157
854.674
860.749
864.644
866.919
867.806
867.4
865.868
863.407
860.229
856.548
852.576
848.572
844.79
841.422
838.624
836.524
835.221
834.844
835.721
838.426
842.551
847.818
854.037
860.699
866.767
872.37
877.411
881.634
884.615
885.766
884.285
879.107
868.901
852.132
827.272
793.16
749.62
698.418
643.78
592.773
554.796
539.035
547.703
573.624
606.81
640.007
669.484
693.83
712.857
726.979
736.81
742.981
746.063
746.541
744.824
741.244
736.08
729.56
721.875
713.189
703.64
693.348
682.419
670.946
659.012
646.69
634.047
621.143
608.033
594.766
581.388
567.94
554.46
540.982
527.538
514.156
500.862
487.68
474.631
461.734
449.008
436.467
424.125
411.994
400.086
388.408
376.97
365.778
354.837
344.151
333.724
323.559
313.655
304.015
294.638
285.522
276.666
268.068
259.725
251.633
243.79
236.191
228.83
221.705
214.809
208.138
201.687
195.449
189.419
183.592
177.962
172.524
167.271
162.198
157.3
152.57
148.005
143.597
139.342
135.235
131.27
127.444
123.75
120.184
116.741
113.418
110.209
107.11
104.118
101.228
98.4369
95.7403
93.1347
90.6168
88.183
85.8303
83.5553
81.3551
79.2268
77.1676
75.175
73.2464
71.3797
69.5726
67.8233
66.1303
64.4921
62.9078
61.3765
59.8983
58.4732
57.1071
11.6604
280.343
443.122
600.469
771.857
956.538
1148.42
1340.23
1524.97
1696.65
1850.62
1983.71
2094.15
2181.51
2246.4
2290.3
2315.23
2323.55
2317.74
2300.22
2273.26
2238.92
2198.92
2154.79
2107.69
2058.59
2008.29
1957.44
1906.6
1856.2
1806.63
1758.19
1711.15
1665.69
1621.99
1580.17
1540.36
1502.63
1467.04
1433.68
1402.52
1373.44
1346.33
1321.11
1297.66
1275.86
1255.3
1235.06
1215.19
1195.64
1176.29
1156.97
1137.44
1117.35
1096.27
1073.66
1048.85
1021.05
989.322
952.637
909.929
860.275
803.271
739.324
670.117
599.784
533.948
482.086
456.212
462.188
493
535.501
579.318
618.919
652.168
678.702
699.029
713.958
724.328
730.896
734.301
735.073
733.64
730.348
725.481
719.269
711.905
703.549
694.339
684.392
673.811
662.687
651.099
639.119
626.812
614.236
601.444
588.485
575.403
562.238
549.028
535.808
522.608
509.456
496.381
483.405
470.55
457.837
445.282
432.903
420.714
408.728
396.955
385.406
374.09
363.012
352.181
341.599
331.271
321.199
311.385
301.831
292.535
283.497
274.717
266.19
257.916
249.891
242.111
234.573
227.271
220.202
213.361
206.742
200.341
194.151
188.168
182.386
176.799
171.402
166.189
161.155
156.293
151.599
147.067
142.692
138.469
134.392
130.456
126.657
122.99
119.449
116.031
112.731
109.544
106.467
103.494
100.624
97.8503
95.1707
92.5812
90.0783
87.6586
85.3188
83.0557
80.8663
78.7477
76.697
74.7115
72.7887
70.9262
69.1218
67.3736
65.6798
64.0389
62.4501
60.9126
59.4265
57.9926
56.6174
262.98
434.554
632.598
843.486
1055.45
1259.4
1449.41
1622.25
1776.75
1913.11
2032.32
2135.75
2224.81
2300.77
2364.7
2417.43
2459.59
2491.67
2514.05
2527.04
2530.9
2525.93
2512.34
2490.34
2460.57
2423.91
2381.37
2333.99
2282.81
2228.83
2172.97
2116.08
2058.94
2002.21
1946.41
1891.93
1839.04
1787.93
1738.68
1691.12
1645.06
1600.43
1557.14
1515.08
1474.14
1434.19
1395.09
1356.75
1318.96
1281.46
1243.97
1206.16
1167.69
1128.15
1087.1
1044.02
998.369
949.596
897.255
840.933
780.353
715.565
647.647
578.05
508.869
444.228
391.248
361.163
364.341
398.019
448.752
503.558
554.588
598.438
634.232
662.382
683.818
699.577
710.62
717.772
721.711
722.986
722.038
719.22
714.818
709.065
702.154
694.245
685.473
675.956
665.795
655.078
643.885
632.286
620.345
608.118
595.66
583.017
570.234
557.351
544.406
531.434
518.465
505.53
492.656
479.866
467.184
454.631
442.225
429.984
417.922
406.053
394.39
382.943
371.721
360.732
349.982
339.477
329.221
319.217
309.468
299.974
290.735
281.752
273.023
264.546
256.319
248.339
240.603
233.106
225.845
218.815
212.01
205.428
199.061
192.905
186.954
181.203
175.647
170.279
165.095
160.088
155.253
150.585
146.079
141.728
137.528
133.474
129.56
125.782
122.135
118.614
115.215
111.933
108.764
105.703
102.748
99.8923
97.1337
94.4682
91.892
89.4017
86.9937
84.6649
82.412
80.2319
78.1216
76.0781
74.0988
72.1809
70.3221
68.5199
66.7722
65.0773
63.4337
61.8403
60.2967
58.803
57.3606
55.9766
254.198
270.397
289.698
312.425
338.656
368.225
400.807
436.002
473.39
512.579
553.232
595.076
637.902
681.547
725.885
770.801
816.171
861.752
907.159
952.21
996.674
1040.28
1082.72
1123.71
1162.88
1199.85
1234.23
1265.66
1293.83
1318.46
1339.37
1356.41
1368.98
1376.99
1380.5
1379.63
1374.57
1365.56
1352.89
1336.9
1317.98
1296.44
1272.58
1246.64
1218.85
1189.36
1158.31
1125.81
1091.92
1056.66
1019.98
981.814
942.042
900.527
857.12
811.676
764.078
714.296
662.858
609.791
555.241
499.631
443.782
389.063
337.789
294.215
266.205
264.682
294.519
347.744
410.783
472.986
528.576
575.393
613.264
642.994
665.72
682.587
694.617
702.669
707.442
709.499
709.291
707.177
703.448
698.34
692.047
684.73
676.526
667.552
657.909
647.686
636.963
625.809
614.288
602.458
590.371
578.076
565.618
553.037
540.372
527.658
514.928
502.212
489.537
476.931
464.416
452.014
439.746
427.629
415.68
403.914
392.343
380.979
369.833
358.912
348.224
337.776
327.571
317.614
307.908
298.453
289.251
280.302
271.604
263.157
254.958
247.004
239.293
231.82
224.581
217.573
210.79
204.228
197.881
191.744
185.812
180.08
174.541
169.191
164.024
159.034
154.215
149.564
145.073
140.738
136.553
132.514
128.615
124.851
121.218
117.711
114.325
111.056
107.899
104.851
101.907
99.0634
96.3159
93.661
91.0951
88.6145
86.2157
83.8956
81.6507
79.4779
77.3742
75.3366
73.3621
71.4481
69.592
67.7913
66.0437
64.3474
62.7008
61.1028
59.5531
58.0521
56.6018
55.2099
87.2232
90.0568
93.3112
97.0527
101.34
106.217
111.706
117.817
124.541
131.863
139.763
148.218
157.215
166.741
176.797
187.389
198.539
210.338
222.981
236.46
250.765
265.883
281.791
298.459
315.835
333.847
352.404
371.414
390.753
410.277
429.819
449.182
468.551
487.754
506.552
524.69
541.903
557.924
572.491
585.353
596.282
605.072
611.551
615.577
617.038
615.859
611.991
605.417
596.143
584.204
569.652
552.564
533.028
511.154
487.074
460.945
432.962
403.366
372.475
340.656
308.342
276.065
244.528
214.811
188.982
171.496
170.496
194.154
242.631
307.092
376.387
442.248
500.299
549.011
588.519
619.752
643.889
662.088
675.376
684.617
690.513
693.632
694.428
693.265
690.439
686.186
680.705
674.158
666.684
658.402
649.413
639.807
629.663
619.054
608.043
596.689
585.046
573.162
561.084
548.854
536.511
524.091
511.63
499.157
486.704
474.297
461.961
449.72
437.595
425.605
413.769
402.102
390.619
379.332
368.253
357.391
346.755
336.351
326.185
316.262
306.585
297.156
287.976
279.046
270.365
261.933
253.747
245.806
238.105
230.642
223.413
216.414
209.639
203.085
196.746
190.618
184.694
178.969
173.439
168.097
162.938
157.956
153.147
148.503
144.021
139.695
135.519
131.489
127.599
123.845
120.221
116.723
113.346
110.086
106.939
103.9
100.965
98.1296
95.3908
92.7443
90.1866
87.7139
85.3229
83.0101
80.7721
78.6058
76.508
74.4756
72.5058
70.5955
68.7421
66.9431
65.1959
63.4988
61.8498
60.2481
58.6934
57.1863
55.7297
54.3318
44.8953
45.6544
46.4807
47.3879
48.3898
49.4991
50.7261
52.0787
53.5617
55.1774
56.9256
58.8045
60.8113
62.9426
65.1952
67.5666
70.0557
72.6665
75.4096
78.2941
81.3276
84.5171
87.8693
91.3913
95.0912
98.9796
103.066
107.343
111.81
116.465
121.305
126.322
131.518
136.888
142.423
148.102
153.896
159.765
165.657
171.51
177.246
182.778
188.01
192.834
197.139
200.809
203.728
205.782
206.867
206.887
205.765
203.44
199.876
195.064
189.025
181.812
173.512
164.251
154.188
143.523
132.493
121.393
110.651
101.099
94.7514
96.2116
112.842
150.306
207.113
275.353
345.998
412.409
470.985
520.462
561.004
593.468
618.95
638.543
653.226
663.834
671.053
675.441
677.448
677.439
675.707
672.494
667.998
662.383
655.79
648.338
640.131
631.26
621.805
611.84
601.43
590.635
579.509
568.104
556.466
544.64
532.666
520.583
508.426
496.23
484.024
471.839
459.701
447.635
435.664
423.811
412.093
400.529
389.134
377.923
366.908
356.101
345.509
335.143
325.007
315.108
305.45
296.036
286.867
277.945
269.27
260.841
252.656
244.715
237.014
229.549
222.318
215.317
208.54
201.984
195.643
189.513
183.588
177.862
172.332
166.99
161.831
156.851
152.043
147.402
142.923
138.6
134.427
130.401
126.516
122.766
119.147
115.655
112.284
109.03
105.889
102.857
99.9283
97.1
94.3681
91.7285
89.1777
86.7119
84.3276
82.0213
79.7897
77.6295
75.5375
73.5105
71.5454
69.6392
67.7892
65.9926
64.2469
62.5499
60.9
59.2961
57.738
56.227
54.7662
53.365
30.2005
30.4681
30.7498
31.0489
31.3692
31.7142
32.0872
32.4913
32.9289
33.4017
33.9111
34.4575
35.0409
35.6605
36.3155
37.0045
37.726
38.4787
39.2615
40.0739
40.9157
41.7865
42.6863
43.6149
44.5728
45.5606
46.5791
47.628
48.7066
49.8142
50.9496
52.1116
53.2987
54.5092
55.7413
56.9922
58.2587
59.5361
60.8184
62.0979
63.3648
64.6073
65.811
66.9592
68.0323
69.0085
69.8638
70.5719
71.1057
71.4372
71.5391
71.3859
70.9554
70.2301
69.1997
67.8616
66.2258
64.3099
62.1419
59.7625
57.2336
54.6645
52.3023
50.8477
52.3032
61.2331
84.2829
125.759
183.501
250.497
319.145
383.818
441.358
490.568
531.487
564.794
591.425
612.346
628.45
640.508
649.17
654.97
658.344
659.648
659.172
657.155
653.795
649.257
643.683
637.192
629.89
621.868
613.209
603.987
594.269
584.117
573.586
562.73
551.597
540.233
528.681
516.982
505.173
493.289
481.364
469.429
457.513
445.643
433.845
422.141
410.553
399.1
387.8
376.668
365.72
354.966
344.418
334.086
323.976
314.096
304.451
295.044
285.878
276.956
268.277
259.843
251.651
243.701
235.989
228.515
221.273
214.26
207.473
200.906
194.555
188.415
182.481
176.748
171.21
165.862
160.698
155.713
150.901
146.257
141.775
137.451
133.278
129.252
125.368
121.62
118.003
114.514
111.146
107.896
104.759
101.732
98.8082
95.9855
93.2593
90.6257
88.0811
85.6216
83.2438
80.944
78.7189
76.5651
74.4792
72.4581
70.4986
68.5976
66.7521
64.9593
63.2166
61.5216
59.8726
58.2687
56.7098
55.1974
53.7357
52.3348
23.3836
23.4929
23.6053
23.7219
23.8439
23.9725
24.1091
24.2547
24.4107
24.5778
24.7568
24.9484
25.153
25.3706
25.6012
25.8446
26.1004
26.3681
26.6471
26.9368
27.2365
27.5456
27.8633
28.1892
28.5223
28.8623
29.2086
29.5605
29.9175
30.2788
30.6434
31.0104
31.3788
31.7474
32.1151
32.4806
32.8423
33.1988
33.5482
33.8886
34.2177
34.5329
34.8312
35.1095
35.3638
35.59
35.7834
35.9391
36.0515
36.1148
36.1229
36.0695
35.9482
35.7527
35.4808
35.1423
34.7358
34.256
33.7004
33.0727
32.3924
31.7265
31.2974
31.8226
35.3604
46.366
70.7654
111.74
166.892
230.089
294.856
356.349
411.743
459.839
500.51
534.227
561.728
583.822
601.281
614.794
624.952
632.25
637.098
639.837
640.746
640.058
637.967
634.637
630.208
624.8
618.518
611.456
603.698
595.317
586.383
576.959
567.103
556.869
546.309
535.471
524.398
513.134
501.719
490.191
478.584
466.934
455.27
443.623
432.02
420.485
409.043
397.716
386.521
375.478
364.602
353.907
343.406
333.109
323.025
313.163
303.528
294.125
284.959
276.031
267.344
258.898
250.693
242.727
235
227.508
220.249
213.219
206.414
199.831
193.464
187.309
181.36
175.613
170.063
164.703
159.529
154.535
149.715
145.065
140.577
136.248
132.072
128.044
124.158
120.409
116.793
113.304
109.939
106.692
103.558
100.534
97.6154
94.7976
92.0769
89.4493
86.9109
84.4581
82.0871
79.7944
77.5764
75.4299
73.3513
71.3374
69.3849
67.4905
65.6513
63.8643
62.1266
60.436
58.7906
57.1894
55.6327
54.1226
52.664
51.268
19.5464
19.5931
19.6394
19.6861
19.734
19.7836
19.8356
19.8906
19.9489
20.0111
20.0776
20.1488
20.2248
20.3061
20.3926
20.4845
20.5818
20.6845
20.7923
20.9051
21.0226
21.1446
21.2707
21.4007
21.5339
21.6702
21.8091
21.9502
22.093
22.2372
22.382
22.5272
22.672
22.8159
22.9583
23.0984
23.2355
23.3689
23.4978
23.6212
23.7384
23.8483
23.9499
24.042
24.1235
24.193
24.2491
24.2904
24.3153
24.3219
24.3083
24.2723
24.2116
24.1235
24.0058
23.8576
23.677
23.4626
23.2145
22.9379
22.6542
22.4355
22.5193
23.66
27.9387
39.5732
63.6542
102.498
153.745
212.113
272.135
329.668
382.191
428.522
468.396
502.087
530.138
553.187
571.874
586.784
598.435
607.27
613.661
617.924
620.321
621.073
620.367
618.362
615.195
610.984
605.835
599.841
593.085
585.644
577.587
568.979
559.88
550.346
540.431
530.183
519.652
508.881
497.912
486.787
475.543
464.216
452.84
441.447
430.067
418.727
407.453
396.27
385.198
374.257
363.465
352.839
342.391
332.136
322.082
312.24
302.617
293.22
284.052
275.119
266.421
257.961
249.74
241.756
234.009
226.496
219.216
212.164
205.339
198.734
192.348
186.174
180.207
174.444
168.878
163.504
158.317
153.311
148.481
143.821
139.326
134.991
130.81
126.778
122.889
119.139
115.522
112.034
108.67
105.425
102.295
99.2754
96.3614
93.5491
90.8345
88.2135
85.6823
83.237
80.874
78.5897
76.3803
74.2426
72.173
70.1681
68.2245
66.3391
64.5085
62.7298
61
59.3166
57.6779
56.083
54.5323
53.0286
51.578
50.1925
17.4941
17.5125
17.5296
17.5465
17.5638
17.5816
17.6003
17.6201
17.6411
17.6637
17.6881
17.7145
17.743
17.7739
17.8073
17.8432
17.8818
17.923
17.9669
18.0134
18.0624
18.1139
18.1676
18.2234
18.2812
18.3406
18.4015
18.4637
18.5268
18.5906
18.6547
18.7188
18.7827
18.8458
18.9078
18.9684
19.0269
19.083
19.136
19.1856
19.2311
19.2719
19.3073
19.3367
19.3594
19.3744
19.381
19.3783
19.3652
19.3408
19.304
19.2536
19.1885
19.1074
19.0094
18.8937
18.7599
18.6084
18.4414
18.2667
18.1091
18.0472
18.3327
19.7372
24.2847
35.8213
58.6964
94.704
141.708
195.205
250.532
304.093
353.621
397.968
436.772
470.152
498.485
522.259
541.984
558.145
571.181
581.477
589.365
595.127
599.004
601.202
601.898
601.242
599.366
596.387
592.407
587.518
581.804
575.342
568.202
560.449
552.146
543.35
534.116
524.496
514.54
504.294
493.804
483.111
472.257
461.28
450.216
439.1
427.965
416.839
405.751
394.727
383.792
372.966
362.27
351.722
341.337
331.13
321.113
311.296
301.689
292.299
283.132
274.193
265.486
257.012
248.773
240.769
233.001
225.465
218.161
211.086
204.236
197.609
191.199
185.003
179.015
173.232
167.647
162.256
157.053
152.033
147.19
142.518
138.014
133.67
129.481
125.443
121.55
117.796
114.178
110.689
107.325
104.081
100.953
97.9365
95.0265
92.219
89.51
86.8953
84.371
81.9332
79.5783
77.3024
75.1021
72.9736
70.9136
68.9186
66.9851
65.1098
63.2893
61.5205
59.8004
58.1265
56.4969
54.9109
53.3695
51.8763
50.4384
49.069
16.14
16.1479
16.1532
16.1565
16.1585
16.1599
16.161
16.1624
16.1641
16.1662
16.1691
16.1727
16.1772
16.1827
16.1893
16.197
16.206
16.2164
16.228
16.2409
16.2552
16.2708
16.2876
16.3056
16.3246
16.3446
16.3655
16.387
16.4091
16.4316
16.4543
16.4769
16.4993
16.5211
16.5423
16.5624
16.5811
16.5983
16.6134
16.6261
16.6361
16.643
16.6462
16.6454
16.64
16.6295
16.6135
16.5913
16.5624
16.5262
16.4822
16.4297
16.3682
16.2973
16.2166
16.1259
16.0253
15.9157
15.7996
15.6848
15.5939
15.598
15.9193
17.2255
21.2415
31.251
51.0934
82.6273
124.396
172.72
223.539
273.565
320.608
363.455
401.607
435.023
463.923
488.658
509.622
527.21
541.79
553.692
563.209
570.595
576.07
579.826
582.028
582.82
582.331
580.672
577.946
574.243
569.647
564.235
558.079
551.246
543.799
535.797
527.298
518.355
509.021
499.344
489.372
479.15
468.721
458.126
447.404
436.592
425.725
414.835
403.953
393.108
382.324
371.628
361.039
350.579
340.265
330.113
320.138
310.351
300.763
291.382
282.217
273.273
264.555
256.066
247.808
239.782
231.989
224.427
217.096
209.993
203.116
196.461
190.024
183.802
177.789
171.982
166.375
160.963
155.74
150.702
145.843
141.158
136.64
132.285
128.086
124.04
120.14
116.382
112.759
109.268
105.903
102.66
99.5329
96.5186
93.6121
90.8091
88.1054
85.497
82.9798
80.5499
78.2035
75.9369
73.7464
71.6284
69.5793
67.5957
65.6739
63.8107
62.0025
60.2463
58.5388
56.8776
55.2609
53.6881
52.1609
50.684
49.266
47.921
15.0518
15.0533
15.0529
15.0502
15.0453
15.0387
15.0308
15.022
15.0128
15.0032
14.9935
14.9838
14.9743
14.965
14.9561
14.9475
14.9393
14.9317
14.9246
14.918
14.9121
14.9067
14.9018
14.8976
14.8938
14.8905
14.8877
14.8852
14.8829
14.8808
14.8788
14.8767
14.8745
14.8719
14.8688
14.8651
14.8605
14.8549
14.848
14.8397
14.8296
14.8175
14.8032
14.7864
14.7668
14.744
14.7179
14.688
14.6541
14.6159
14.5731
14.5255
14.4728
14.4148
14.3516
14.2831
14.2096
14.132
14.0525
13.9772
13.9246
13.9506
14.2256
15.2514
18.3229
26.0011
41.593
67.2495
102.506
144.709
190.443
236.663
281.164
322.589
360.246
393.903
423.604
449.551
472.018
491.303
507.698
521.479
532.895
542.17
549.501
555.063
559.011
561.481
562.595
562.463
561.186
558.852
555.547
551.349
546.329
540.557
534.098
527.013
519.362
511.202
502.586
493.568
484.196
474.52
464.584
454.434
444.111
433.655
423.103
412.491
401.852
391.218
380.616
370.075
359.617
349.265
339.04
328.959
319.038
309.291
299.731
290.369
281.212
272.268
263.543
255.042
246.767
238.721
230.905
223.319
215.962
208.832
201.927
195.245
188.782
182.534
176.497
170.666
165.037
159.604
154.363
149.308
144.434
139.735
135.205
130.84
126.634
122.581
118.676
114.915
111.291
107.799
104.435
101.194
98.0717
95.0624
92.1621
89.3664
86.6711
84.072
81.565
79.1462
76.8117
74.5577
72.3806
70.2766
68.2422
66.2739
64.368
62.5212
60.73
58.9911
57.3015
55.6586
54.0608
52.5078
51.0022
49.5504
48.1623
46.8521
14.2187
14.2107
14.2019
14.1922
14.1813
14.1691
14.1556
14.1409
14.1253
14.1089
14.0919
14.0744
14.0566
14.0386
14.0204
14.0022
13.9839
13.9657
13.9476
13.9295
13.9116
13.8939
13.8763
13.859
13.8417
13.8247
13.8078
13.791
13.7742
13.7576
13.7409
13.7241
13.7072
13.6901
13.6727
13.6549
13.6366
13.6177
13.5981
13.5777
13.5563
13.5338
13.51
13.4849
13.4582
13.4298
13.3996
13.3673
13.333
13.2963
13.2573
13.2158
13.1717
13.125
13.0757
13.024
12.9699
12.9143
12.8587
12.8077
12.7745
12.7983
12.9952
13.6978
15.7659
20.9958
32.0344
51.2045
79.079
114.216
154.023
195.786
237.294
277.013
314.023
347.864
378.382
405.612
429.694
450.82
469.199
485.044
498.556
509.923
519.316
526.891
532.788
537.135
540.047
541.63
541.981
541.189
539.339
536.508
532.771
528.198
522.857
516.811
510.122
502.85
495.052
486.783
478.097
469.045
459.676
450.037
440.173
430.128
419.943
409.655
399.302
388.917
378.532
368.177
357.877
347.66
337.545
327.555
317.707
308.017
298.499
289.166
280.029
271.095
262.373
253.867
245.583
237.523
229.69
222.084
214.706
207.553
200.626
193.921
187.435
181.165
175.107
169.256
163.609
158.159
152.903
147.834
142.948
138.24
133.702
129.331
125.12
121.065
117.159
113.398
109.777
106.289
102.93
99.6963
96.5815
93.5814
90.6916
87.9074
85.2247
82.6391
80.1466
77.7432
75.425
73.1881
71.0288
68.9434
66.9283
64.98
63.0949
61.2696
59.5006
57.7847
56.119
54.5009
52.9289
51.4035
49.9282
48.5114
47.1646
45.9002
13.6331
13.6143
13.5953
13.5759
13.5563
13.5361
13.5155
13.4942
13.4724
13.4499
13.427
13.4036
13.3798
13.3557
13.3313
13.3066
13.2818
13.2568
13.2317
13.2065
13.1812
13.1559
13.1306
13.1053
13.0799
13.0546
13.0293
13.004
12.9786
12.9533
12.9279
12.9024
12.8769
12.8512
12.8254
12.7994
12.7732
12.7467
12.7198
12.6925
12.6648
12.6366
12.6078
12.5784
12.5483
12.5174
12.4857
12.4531
12.4196
12.3851
12.3496
12.313
12.2754
12.2367
12.197
12.1563
12.1149
12.073
12.0319
11.9944
11.9692
11.9808
12.0997
12.5213
13.7495
16.8959
23.8416
36.7465
56.9633
84.3019
117.222
153.57
191.257
228.617
264.498
298.188
329.307
357.698
383.347
406.324
426.742
444.741
460.465
474.059
485.662
495.406
503.415
509.803
514.676
518.135
520.272
521.176
520.928
519.607
517.288
514.044
509.942
505.05
499.432
493.151
486.267
478.837
470.92
462.57
453.839
444.778
435.437
425.861
416.094
406.18
396.157
386.063
375.933
365.799
355.69
345.635
335.658
325.783
316.03
306.416
296.96
287.674
278.571
269.662
260.956
252.458
244.176
236.114
228.274
220.658
213.267
206.101
199.159
192.439
185.938
179.654
173.582
167.719
162.06
156.601
151.337
146.262
141.371
136.659
132.12
127.749
123.541
119.489
115.589
111.835
108.221
104.744
101.397
98.1753
95.0744
92.0894
89.2158
86.4489
83.7844
81.218
78.7456
76.3631
74.0665
71.8521
69.7161
67.6547
65.6644
63.7417
61.883
60.085
58.3443
56.6578
55.0227
53.4367
51.8985
50.4093
48.9741
47.6041
46.3105
45.1015
13.2648
13.236
13.2073
13.1785
13.1497
13.1209
13.0921
13.0631
13.034
13.0047
12.9753
12.9457
12.9159
12.886
12.8559
12.8257
12.7954
12.765
12.7345
12.7039
12.6733
12.6426
12.6119
12.5811
12.5503
12.5195
12.4887
12.4579
12.427
12.3962
12.3653
12.3344
12.3036
12.2726
12.2417
12.2107
12.1797
12.1485
12.1174
12.0861
12.0547
12.0231
11.9915
11.9597
11.9277
11.8955
11.8631
11.8305
11.7977
11.7647
11.7314
11.698
11.6643
11.6304
11.5964
11.5622
11.5279
11.4938
11.4605
11.4296
11.4062
11.404
11.4611
11.6792
12.3183
13.9755
17.7943
25.4321
38.5153
57.8618
83.1082
112.952
145.69
179.682
213.602
246.494
277.732
306.942
333.928
358.615
381.002
401.138
419.099
434.977
448.871
460.884
471.115
479.663
486.622
492.083
496.135
498.859
500.338
500.647
499.864
498.06
495.305
491.67
487.22
482.021
476.136
469.628
462.557
454.98
446.954
438.535
429.774
420.722
411.426
401.933
392.285
382.523
372.685
362.808
352.923
343.062
333.251
323.518
313.885
304.372
294.999
285.781
276.733
267.867
259.194
250.722
242.458
234.408
226.576
218.965
211.576
204.41
197.466
190.744
184.241
177.954
171.881
166.017
160.358
154.9
149.638
144.567
139.682
134.977
130.447
126.086
121.889
117.85
113.965
110.227
106.63
103.171
99.8439
96.6431
93.564
90.6019
87.7519
85.0096
82.3706
79.8304
77.3849
75.03
72.7617
70.5763
68.4699
66.4389
64.4797
62.5888
60.7629
58.9986
57.2929
55.6428
54.0457
52.4998
51.0044
49.5613
48.1776
46.8671
45.6359
44.486
13.0627
13.0264
12.9902
12.954
12.9179
12.8819
12.846
12.8102
12.7744
12.7387
12.703
12.6674
12.6318
12.5963
12.5608
12.5253
12.4899
12.4545
12.4191
12.3838
12.3484
12.3132
12.2779
12.2427
12.2076
12.1724
12.1374
12.1024
12.0674
12.0325
11.9976
11.9628
11.9281
11.8935
11.8589
11.8244
11.79
11.7557
11.7215
11.6874
11.6534
11.6195
11.5857
11.5521
11.5186
11.4853
11.4521
11.4191
11.3863
11.3537
11.3213
11.2891
11.2572
11.2255
11.1941
11.163
11.1321
11.1015
11.0717
11.0433
11.019
11.0056
11.0212
11.113
11.3987
12.155
13.9628
17.8392
25.1516
37.1792
54.5594
77.0328
103.612
132.967
163.767
194.887
225.468
254.901
282.782
308.861
332.997
355.129
375.246
393.373
409.559
423.867
436.368
447.138
456.257
463.802
469.852
474.486
477.779
479.808
480.646
480.366
479.04
476.739
473.531
469.486
464.669
459.146
452.98
446.234
438.968
431.241
423.109
414.626
405.844
396.812
387.577
378.183
368.673
359.085
349.454
339.816
330.201
320.636
311.149
301.761
292.495
283.369
274.398
265.598
256.979
248.554
240.329
232.312
224.508
216.921
209.553
202.406
195.479
188.773
182.285
176.014
169.955
164.107
158.465
153.024
147.78
142.728
137.863
133.179
128.671
124.334
120.162
116.149
112.29
108.579
105.012
101.582
98.2853
95.1156
92.0684
89.1388
86.3219
83.6133
81.0084
78.5028
76.0924
73.7731
71.5408
69.3918
67.3222
65.3286
63.4075
61.5553
59.769
58.0455
56.3818
54.7755
53.2245
51.7275
50.2848
48.8995
47.5816
46.3368
45.1664
44.0726
12.9676
12.9268
12.886
12.8452
12.8045
12.7638
12.7232
12.6827
12.6423
12.6019
12.5616
12.5214
12.4813
12.4413
12.4014
12.3617
12.322
12.2824
12.2429
12.2035
12.1643
12.1251
12.086
12.047
12.0082
11.9694
11.9308
11.8922
11.8538
11.8155
11.7774
11.7394
11.7015
11.6638
11.6262
11.5889
11.5517
11.5147
11.4779
11.4414
11.4051
11.3691
11.3334
11.2979
11.2628
11.2281
11.1937
11.1597
11.1261
11.0929
11.0602
11.028
10.9962
10.9649
10.9341
10.9037
10.8738
10.8444
10.8155
10.7875
10.7616
10.7407
10.7326
10.7565
10.8596
11.1532
11.8836
13.5446
16.9751
23.3019
33.6251
48.59
68.144
91.6091
117.951
146.056
174.916
203.709
231.807
258.759
284.255
308.095
330.16
350.391
368.771
385.314
400.053
413.036
424.32
433.966
442.042
448.617
453.761
457.547
460.045
461.329
461.471
460.541
458.613
455.755
452.039
447.533
442.304
436.418
429.94
422.932
415.455
407.566
399.322
390.776
381.978
372.976
363.816
354.54
345.187
335.795
326.397
317.024
307.705
298.467
289.331
280.32
271.451
262.74
254.201
245.847
237.686
229.727
221.977
214.439
207.117
200.013
193.128
186.461
180.013
173.78
167.76
161.95
156.346
150.943
145.738
140.725
135.9
131.256
126.789
122.492
118.362
114.391
110.574
106.907
103.383
99.9966
96.7433
93.6176
90.6145
87.7292
84.9567
82.2924
79.732
77.2709
74.9049
72.63
70.4423
68.3379
66.3131
64.3645
62.4887
60.6825
58.9429
57.267
55.6525
54.0974
52.6002
51.1607
49.7801
48.4609
47.2076
46.0242
44.913
43.8762
12.9288
12.8859
12.843
12.8
12.7571
12.7141
12.6711
12.6281
12.5852
12.5423
12.4994
12.4566
12.4139
12.3712
12.3286
12.286
12.2436
12.2012
12.1589
12.1168
12.0747
12.0327
11.9908
11.9491
11.9075
11.866
11.8246
11.7834
11.7423
11.7013
11.6606
11.62
11.5796
11.5394
11.4994
11.4596
11.4201
11.3809
11.3419
11.3033
11.265
11.2271
11.1895
11.1524
11.1156
11.0794
11.0436
11.0084
10.9736
10.9395
10.9059
10.8729
10.8405
10.8087
10.7775
10.7469
10.7168
10.6873
10.6584
10.6302
10.6031
10.5782
10.5585
10.5511
10.573
10.6639
10.9138
11.5176
12.8628
15.6203
20.7367
29.225
41.8131
58.6755
79.4108
103.219
129.138
156.222
183.649
210.759
237.047
262.148
285.811
307.871
328.23
346.838
363.681
378.769
392.131
403.809
413.853
422.32
429.273
434.778
438.903
441.718
443.297
443.711
443.034
441.338
438.698
435.186
430.872
425.827
420.119
413.815
406.979
399.674
391.96
383.893
375.527
366.916
358.106
349.145
340.075
330.935
321.764
312.596
303.46
294.387
285.401
276.526
267.781
259.185
250.752
242.496
234.428
226.557
218.889
211.431
204.186
197.157
190.344
183.749
177.371
171.206
165.254
159.511
153.974
148.637
143.498
138.55
133.789
129.21
124.807
120.574
116.506
112.598
108.844
105.238
101.775
98.4493
95.2559
92.1896
89.2452
86.4178
83.7027
81.0951
78.5907
76.1849
73.8737
71.653
69.5188
67.4676
65.4956
63.5996
61.7762
60.0226
58.3359
56.7137
55.1539
53.6549
52.2157
50.836
49.5164
48.2591
47.0676
45.9462
44.8988
43.9268
12.9146
12.8711
12.8274
12.7838
12.74
12.6962
12.6524
12.6086
12.5647
12.5209
12.477
12.4332
12.3893
12.3455
12.3017
12.2579
12.2142
12.1706
12.127
12.0834
12.0399
11.9965
11.9532
11.91
11.8669
11.8239
11.781
11.7382
11.6956
11.6531
11.6108
11.5687
11.5268
11.4851
11.4436
11.4024
11.3615
11.3209
11.2806
11.2407
11.2012
11.1621
11.1234
11.0853
11.0476
11.0104
10.9738
10.9378
10.9024
10.8677
10.8336
10.8002
10.7674
10.7354
10.7041
10.6734
10.6435
10.6142
10.5855
10.5575
10.5304
10.5044
10.4808
10.4618
10.4534
10.4689
10.5386
10.731
11.1942
12.2298
14.3829
18.4766
25.481
36.2122
51.0336
69.7521
91.7283
116.087
141.91
168.362
194.749
220.529
245.298
268.77
290.751
311.117
329.794
346.749
361.976
375.489
387.318
397.507
406.106
413.174
418.774
422.976
425.849
427.469
427.91
427.249
425.563
422.928
419.419
415.111
410.077
404.388
398.112
391.316
384.063
376.414
368.427
360.158
351.658
342.978
334.162
325.255
316.295
307.322
298.367
289.461
280.633
271.907
263.304
254.844
246.542
238.414
230.469
222.719
215.17
207.828
200.698
193.782
187.081
180.595
174.325
168.267
162.421
156.782
151.346
146.111
141.07
136.22
131.556
127.071
122.76
118.618
114.64
110.819
107.151
103.629
100.248
97.0027
93.8879
90.8983
88.0289
85.2748
82.6312
80.0935
77.6572
75.3179
73.0717
70.9144
68.8424
66.8519
64.9396
63.1021
61.3365
59.6399
58.0097
56.4436
54.9399
53.4971
52.1147
50.7926
49.5321
48.3358
47.208
46.1541
45.1802
44.2871
12.9125
12.8691
12.8256
12.782
12.7385
12.6949
12.6513
12.6076
12.564
12.5203
12.4767
12.433
12.3894
12.3458
12.3022
12.2587
12.2152
12.1717
12.1283
12.085
12.0418
11.9986
11.9554
11.9124
11.8695
11.8267
11.784
11.7415
11.6991
11.6568
11.6148
11.5729
11.5313
11.4899
11.4487
11.4079
11.3674
11.3272
11.2874
11.248
11.209
11.1705
11.1325
11.095
11.058
11.0216
10.9859
10.9508
10.9163
10.8826
10.8496
10.8173
10.7858
10.7551
10.7251
10.696
10.6676
10.64
10.6132
10.5871
10.5619
10.5377
10.5149
10.4945
10.4788
10.4728
10.4883
10.5518
10.7234
11.1356
12.0636
14.0188
17.796
24.3624
34.5599
48.792
66.9003
88.2668
112.028
137.274
163.176
189.048
214.352
238.688
261.768
283.392
303.429
321.797
338.452
353.379
366.586
378.098
387.954
396.204
402.906
408.128
411.94
414.42
415.645
415.697
414.658
412.608
409.628
405.798
401.195
395.893
389.966
383.483
376.511
369.116
361.357
353.295
344.984
336.477
327.824
319.069
310.256
301.424
292.609
283.843
275.154
266.568
258.107
249.791
241.636
233.655
225.861
218.262
210.865
203.676
196.699
189.936
183.387
177.053
170.932
165.023
159.322
153.826
148.533
143.436
138.531
133.814
129.279
124.921
120.734
116.712
112.851
109.144
105.586
102.171
98.8944
95.7499
92.7326
89.8375
87.0594
84.3937
81.8355
79.3804
77.024
74.7621
72.5906
70.5058
68.5038
66.5812
64.7348
62.9614
61.2581
59.6225
58.0522
56.5454
55.1005
53.7168
52.394
51.133
49.9361
48.8069
47.7516
46.7784
45.8974
45.1109
12.9252
12.883
12.8408
12.7987
12.7566
12.7145
12.6725
12.6305
12.5886
12.5468
12.505
12.4634
12.4218
12.3803
12.3388
12.2975
12.2563
12.2151
12.1741
12.1332
12.0924
12.0517
12.0111
11.9707
11.9303
11.8902
11.8501
11.8103
11.7706
11.7311
11.6918
11.6527
11.6139
11.5754
11.5371
11.4992
11.4616
11.4243
11.3875
11.3511
11.3151
11.2797
11.2447
11.2103
11.1766
11.1434
11.1109
11.0791
11.048
11.0177
10.9882
10.9595
10.9316
10.9046
10.8785
10.8533
10.829
10.8056
10.7831
10.7616
10.7411
10.7216
10.7035
10.6873
10.6741
10.6666
10.671
10.7012
10.7894
11.0092
11.5231
12.6649
15.0346
19.5129
27.0806
38.478
53.9254
73.0818
95.2118
119.413
144.797
170.587
196.155
221.019
244.819
267.296
288.268
307.61
325.244
341.127
355.243
367.602
378.231
387.174
394.487
400.239
404.505
407.366
408.909
409.222
408.393
406.511
403.662
399.932
395.403
390.152
384.257
377.792
370.826
363.428
355.662
347.591
339.273
330.765
322.118
313.38
304.597
295.809
287.052
278.358
269.757
261.273
252.928
244.739
236.722
228.889
221.25
213.813
206.584
199.566
192.762
186.174
179.801
173.642
167.696
161.96
156.43
151.102
145.973
141.038
136.292
131.729
127.344
123.132
119.087
115.203
111.475
107.897
104.464
101.169
98.0089
94.9767
92.0678
89.277
86.5997
84.031
81.5663
79.2014
76.9319
74.7539
72.6634
70.6568
68.7304
66.8811
65.1057
63.4013
61.7654
60.1955
58.6897
57.2466
55.8651
54.545
53.287
52.093
50.9668
49.9145
48.9455
48.074
47.3181
46.6872
12.975
12.9364
12.898
12.8598
12.8217
12.7838
12.7461
12.7086
12.6712
12.634
12.597
12.5602
12.5235
12.4869
12.4506
12.4143
12.3782
12.3423
12.3065
12.2709
12.2353
12.1999
12.1647
12.1296
12.0946
12.0597
12.025
11.9904
11.956
11.9218
11.8877
11.8539
11.8203
11.7869
11.7538
11.721
11.6886
11.6565
11.6248
11.5936
11.5628
11.5326
11.5029
11.4738
11.4454
11.4176
11.3906
11.3644
11.3389
11.3144
11.2907
11.268
11.2463
11.2257
11.2061
11.1876
11.1702
11.154
11.139
11.1253
11.1127
11.1016
11.092
11.0842
11.0792
11.0786
11.0864
11.1118
11.1759
11.3279
11.6797
12.4734
14.1797
17.5697
23.6317
33.276
46.9864
64.6596
85.6996
109.244
134.375
160.258
186.196
211.639
236.169
259.473
281.321
301.55
320.045
336.732
351.574
364.563
375.719
385.081
392.709
398.678
403.071
405.982
407.508
407.751
406.808
404.779
401.757
397.832
393.092
387.62
381.497
374.799
367.603
359.981
352.003
343.734
335.239
326.576
317.801
308.964
300.11
291.28
282.51
273.832
265.272
256.853
248.594
240.51
232.614
224.916
217.423
210.141
203.073
196.223
189.59
183.175
176.976
170.991
165.218
159.653
154.292
149.131
144.165
139.39
134.799
130.388
126.152
122.083
118.178
114.429
110.832
107.381
104.07
100.894
97.8479
94.926
92.1235
89.4356
86.8574
84.3845
82.0123
79.7366
77.5534
75.4587
73.4488
71.5202
69.6695
67.8935
66.1893
64.5543
62.9861
61.4825
60.042
58.6633
57.3462
56.091
54.8994
53.7749
52.7234
51.7542
50.8824
50.1307
49.5323
49.1145
13.1181
13.0875
13.0572
13.0272
12.9974
12.9679
12.9385
12.9095
12.8806
12.8518
12.8233
12.7949
12.7666
12.7385
12.7105
12.6825
12.6547
12.6269
12.5992
12.5716
12.544
12.5164
12.4889
12.4614
12.4339
12.4065
12.3791
12.3518
12.3245
12.2974
12.2703
12.2434
12.2167
12.1903
12.1641
12.1382
12.1127
12.0876
12.0629
12.0388
12.0152
11.9922
11.97
11.9484
11.9277
11.9079
11.889
11.8711
11.8542
11.8386
11.8241
11.8109
11.799
11.7886
11.7796
11.7722
11.7664
11.7622
11.7597
11.759
11.7602
11.7632
11.7683
11.7758
11.7862
11.8007
11.8222
11.8569
11.9199
12.0462
12.317
12.9143
14.2133
16.8804
21.8683
30.1894
42.5451
59.064
79.3073
102.471
127.623
153.871
180.449
206.738
232.256
256.633
279.588
300.905
320.427
338.042
353.683
367.324
378.975
388.677
396.498
402.525
406.859
409.613
410.904
410.848
409.562
407.153
403.724
399.372
394.189
388.264
381.683
374.531
366.892
358.844
350.467
341.832
333.009
324.061
315.045
306.013
297.009
288.074
279.24
270.535
261.982
253.601
245.406
237.409
229.619
222.042
214.684
207.546
200.63
193.936
187.464
181.212
175.177
169.356
163.746
158.342
153.141
148.137
143.325
138.701
134.259
129.992
125.896
121.965
118.193
114.573
111.102
107.773
104.58
101.518
98.583
95.7686
93.0703
90.4833
88.0029
85.6249
83.3447
81.1583
79.0618
77.0514
75.1235
73.2746
71.5016
69.8015
68.1714
66.609
65.112
63.6786
62.3076
60.9982
59.7506
58.5661
57.4476
56.4004
55.4332
54.5601
53.8039
53.2013
52.81
52.6976
13.4573
13.4399
13.4226
13.4054
13.3883
13.3713
13.3543
13.3373
13.3203
13.3032
13.2861
13.2689
13.2516
13.2342
13.2166
13.1989
13.1811
13.1631
13.145
13.1267
13.1082
13.0896
13.0709
13.052
13.0331
13.014
12.995
12.9759
12.957
12.9381
12.9193
12.9008
12.8826
12.8648
12.8473
12.8304
12.814
12.7983
12.7833
12.7692
12.7559
12.7436
12.7324
12.7224
12.7136
12.7061
12.7002
12.6958
12.693
12.6921
12.693
12.696
12.701
12.7083
12.7179
12.7299
12.7445
12.7617
12.7816
12.8044
12.8301
12.8588
12.8906
12.9258
12.9648
13.0084
13.0584
13.1193
13.2012
13.3288
13.5601
14.0291
15.0266
17.1108
21.1653
28.2616
39.3056
54.687
74.1727
97.0553
122.402
149.264
176.792
204.285
231.184
257.05
281.533
304.351
325.282
344.157
360.866
375.354
387.622
397.714
405.713
411.73
415.896
418.352
419.242
418.71
416.889
413.899
409.849
404.842
398.977
392.352
385.066
377.217
368.903
360.218
351.25
342.081
332.787
323.433
314.079
304.773
295.558
286.469
277.532
268.771
260.203
251.84
243.693
235.767
228.069
220.599
213.36
206.351
199.571
193.019
186.692
180.586
174.699
169.026
163.563
158.306
153.25
148.389
143.719
139.234
134.928
130.795
126.83
123.027
119.38
115.883
112.531
109.318
106.239
103.288
100.461
97.7524
95.1571
92.6707
90.2887
88.0068
85.8207
83.7264
81.7201
79.7981
77.957
76.1935
74.5044
72.8869
71.3385
69.8568
68.4398
67.0862
65.7948
64.5656
63.3994
62.2984
61.2671
60.313
59.4486
58.6943
58.0838
57.6751
57.5656
57.9056
14.1359
14.1347
14.1331
14.1311
14.1286
14.1257
14.1224
14.1185
14.1142
14.1095
14.1042
14.0985
14.0924
14.0858
14.0788
14.0714
14.0637
14.0556
14.0472
14.0385
14.0296
14.0206
14.0114
14.0022
13.993
13.9839
13.975
13.9663
13.9579
13.9499
13.9425
13.9357
13.9297
13.9244
13.9202
13.917
13.915
13.9143
13.9151
13.9174
13.9215
13.9273
13.9352
13.9452
13.9576
13.9723
13.9897
14.0099
14.033
14.0593
14.0889
14.122
14.1588
14.1994
14.2441
14.293
14.3463
14.4041
14.4667
14.5341
14.6065
14.684
14.7667
14.8546
14.9481
15.0476
15.1541
15.2701
15.4023
15.5662
15.8004
16.1973
16.9684
18.5531
21.7259
27.5627
37.1533
51.1915
69.7295
92.2296
117.799
145.437
174.202
203.287
232.042
259.94
286.547
311.486
334.431
355.119
373.365
389.069
402.215
412.854
421.099
427.097
431.024
433.065
433.409
432.229
429.68
425.886
420.96
415.01
408.151
400.502
392.187
383.333
374.06
364.484
354.709
344.827
334.918
325.047
315.268
305.626
296.153
286.875
277.811
268.974
260.373
252.013
243.898
236.028
228.403
221.022
213.883
206.982
200.317
193.884
187.679
181.698
175.936
170.389
165.053
159.922
154.992
150.258
145.713
141.353
137.17
133.159
129.315
125.631
122.101
118.72
115.482
112.382
109.414
106.573
103.854
101.252
98.7619
96.3799
94.1011
91.9214
89.8366
87.8427
85.9361
84.1132
82.3705
80.705
79.1136
77.5936
76.1427
74.7586
73.4398
72.185
70.9937
69.8663
68.8045
67.8118
66.8943
66.0625
65.3335
64.7362
64.3194
64.1718
64.4546
65.4789
15.3186
15.3324
15.3452
15.357
15.3678
15.3777
15.3868
15.395
15.4025
15.4092
15.4153
15.4208
15.4258
15.4303
15.4345
15.4384
15.4422
15.4458
15.4494
15.4531
15.457
15.4612
15.4658
15.471
15.4768
15.4834
15.4909
15.4994
15.5092
15.5204
15.533
15.5474
15.5635
15.5818
15.6022
15.6251
15.6505
15.6788
15.7102
15.7448
15.7829
15.8248
15.8706
15.9207
15.9753
16.0348
16.0993
16.1692
16.2447
16.3263
16.4142
16.5087
16.6101
16.7188
16.8351
16.9593
17.0916
17.2323
17.3818
17.5401
17.7074
17.8839
18.0695
18.2643
18.4681
18.6808
18.9024
19.1337
19.3774
19.6412
19.9466
20.3488
20.9845
22.1654
24.513
29.0306
36.9388
49.2627
66.4427
88.2286
113.85
142.289
172.502
203.559
234.695
265.293
294.819
322.762
348.626
371.98
392.506
410.019
424.475
435.94
444.569
450.576
454.203
455.706
455.333
453.304
449.781
444.87
438.674
431.326
422.979
413.807
403.985
393.689
383.079
372.297
361.462
350.672
340.002
329.509
319.234
309.206
299.442
289.954
280.745
271.816
263.167
254.792
246.689
238.852
231.276
223.955
216.886
210.063
203.481
197.135
191.021
185.132
179.466
174.016
168.78
163.752
158.927
154.298
149.862
145.61
141.537
137.637
133.904
130.331
126.913
123.645
120.519
117.532
114.677
111.95
109.345
106.858
104.484
102.218
100.056
97.9942
96.028
94.1536
92.3675
90.6662
89.0463
87.5048
86.0388
84.6458
83.3236
82.0701
80.8841
79.7648
78.7121
77.7271
76.8126
75.9733
75.2178
74.56
74.0229
73.6457
73.4975
73.7106
74.5429
76.6087
17.2165
17.2437
17.2697
17.2947
17.3187
17.3419
17.3644
17.3863
17.4078
17.4289
17.4499
17.4709
17.4921
17.5136
17.5355
17.5581
17.5815
17.6059
17.6314
17.6584
17.6869
17.7171
17.7493
17.7838
17.8206
17.8601
17.9024
17.9479
17.9968
18.0494
18.1059
18.1667
18.2321
18.3023
18.3779
18.459
18.546
18.6395
18.7396
18.847
18.962
19.0851
19.2168
19.3575
19.5078
19.6682
19.8392
20.0215
20.2157
20.4222
20.6418
20.875
21.1224
21.3847
21.6625
21.9562
22.2666
22.5939
22.9387
23.3013
23.6819
24.0805
24.497
24.931
25.3817
25.848
26.3283
26.8208
27.3233
27.8354
28.3618
28.9228
29.5832
30.5185
32.1463
35.2894
41.1961
51.2258
66.3312
86.7261
111.914
140.937
172.662
206.002
240.06
274.144
307.647
339.886
370.064
397.432
421.417
441.684
458.132
470.855
480.086
486.142
489.379
490.159
488.822
485.645
480.766
474.176
465.967
456.367
445.652
434.112
422.028
409.647
397.178
384.785
372.59
360.678
349.103
337.894
327.064
316.615
306.537
296.82
287.449
278.409
269.686
261.267
253.141
245.298
237.728
230.424
223.378
216.586
210.039
203.734
197.664
191.825
186.213
180.824
175.654
170.699
165.952
161.409
157.061
152.903
148.928
145.13
141.502
138.038
134.733
131.58
128.573
125.709
122.98
120.382
117.91
115.56
113.326
111.203
109.189
107.278
105.467
103.751
102.128
100.593
99.1441
97.7774
96.4904
95.2808
94.1465
93.0858
92.0977
91.1818
90.3386
89.5701
88.88
88.2751
87.7662
87.3714
87.1205
87.0651
87.2988
88.0117
89.6002
93.2342
20.2453
20.2908
20.3361
20.3814
20.4268
20.4727
20.5193
20.5669
20.6157
20.6661
20.7183
20.7727
20.8296
20.8892
20.952
21.0183
21.0883
21.1626
21.2414
21.3253
21.4144
21.5094
21.6105
21.7184
21.8334
21.956
22.0867
22.2261
22.3748
22.5332
22.7021
22.882
23.0737
23.2778
23.495
23.7262
23.9721
24.2335
24.5114
24.8066
25.1201
25.4528
25.8059
26.1804
26.5774
26.998
27.4434
27.9148
28.4134
28.9406
29.4974
30.0853
30.7053
31.3587
32.0467
32.7703
33.5304
34.3279
35.1634
36.0373
36.9497
37.9003
38.8884
39.9124
40.9702
42.0584
43.1725
44.3059
45.4503
46.5947
47.7262
48.8325
49.9113
51.0006
52.2626
54.1601
57.6887
64.4028
75.9528
93.3931
116.848
145.613
178.48
214.136
251.505
289.893
328.766
367.289
404.076
437.729
467.155
491.729
511.258
525.892
536.008
542.11
544.743
544.444
541.696
536.853
529.914
520.427
508.552
494.895
480.08
464.649
449.042
433.591
418.53
404.005
390.096
376.835
364.215
352.209
340.778
329.876
319.46
309.486
299.918
290.723
281.875
273.353
265.138
257.217
249.578
242.213
235.115
228.276
221.691
215.355
209.262
203.409
197.793
192.414
187.267
182.349
177.653
173.17
168.894
164.817
160.933
157.234
153.714
150.366
147.186
144.166
141.302
138.587
136.018
133.587
131.291
129.125
127.084
125.164
123.359
121.667
120.083
118.604
117.225
115.944
114.756
113.661
112.653
111.732
110.895
110.141
109.469
108.879
108.372
107.95
107.619
107.387
107.266
107.28
107.464
107.883
108.655
110.038
112.604
118.526
25.4432
25.5336
25.6277
25.726
25.8288
25.9369
26.0506
26.1707
26.2978
26.4326
26.5756
26.7277
26.8895
27.0618
27.2453
27.441
27.6495
27.8718
28.1089
28.3615
28.6309
28.9179
29.2237
29.5494
29.8962
30.2653
30.658
31.0758
31.5199
31.992
32.4935
33.026
33.5913
34.191
34.8271
35.5013
36.2156
36.9721
37.7727
38.6197
39.5153
40.4615
41.4608
42.5153
43.6275
44.7996
46.0338
47.3326
48.6979
50.1321
51.637
53.2146
54.8664
56.5939
58.3983
60.2804
62.2406
64.2789
66.3947
68.5869
70.8535
73.1918
75.5978
78.0664
80.5909
83.1629
85.7711
88.4017
91.0367
93.6534
96.2233
98.7103
101.07
103.25
105.213
107.002
108.933
111.926
117.755
128.726
146.69
172.07
203.845
240.371
280.29
323.1
368.876
416.98
464.567
508.735
547.226
578.846
603.256
620.755
632.025
637.931
639.365
637.162
632.042
624.476
613.985
598.375
578.563
556.556
533.904
511.61
490.266
470.181
451.474
434.143
418.113
403.267
389.471
376.594
364.509
353.106
342.292
331.989
322.135
312.681
303.59
294.836
286.397
278.259
270.411
262.846
255.558
248.541
241.792
235.307
229.08
223.109
217.4
211.957
206.776
201.851
197.169
192.724
188.504
184.502
180.711
177.122
173.731
170.529
167.511
164.671
162.004
159.504
157.165
154.983
152.953
151.069
149.327
147.723
146.251
144.908
143.69
142.593
141.612
140.745
139.988
139.338
138.792
138.347
138.001
137.753
137.601
137.545
137.586
137.727
137.971
138.328
138.812
139.446
140.269
141.353
142.831
145.023
148.654
157.727
36.2429
36.5024
36.7793
37.0748
37.3902
37.7272
38.0875
38.4727
38.8846
39.3248
39.7954
40.2982
40.8353
41.4086
42.0205
42.6731
43.3688
44.1102
44.8998
45.7403
46.6346
47.5856
48.5963
49.6699
50.8098
52.0193
53.3019
54.6613
56.1011
57.6251
59.2373
60.9414
62.7415
64.6414
66.6452
68.7567
70.9798
73.3182
75.7755
78.3551
81.0602
83.8939
86.8588
89.9572
93.1911
96.562
100.071
103.718
107.504
111.427
115.486
119.68
124.004
128.456
133.031
137.723
142.526
147.433
152.435
157.523
162.687
167.915
173.195
178.512
183.85
189.191
194.516
199.802
205.023
210.149
215.147
219.978
224.599
228.955
232.984
236.614
239.807
242.685
245.825
250.74
260.195
276.351
299.736
329.805
365.93
409.042
461.88
526.286
594.165
658.404
713.72
757.85
790.329
811.956
824.189
828.697
827.086
820.759
810.846
797.99
780.174
747.219
706.245
664.174
624.679
589.174
557.895
530.548
506.637
485.627
467.012
450.342
435.238
421.388
408.539
396.496
385.108
374.263
363.878
353.895
344.274
334.988
326.02
317.36
309.003
300.946
293.187
285.725
278.558
271.685
265.103
258.81
252.841
247.209
241.9
236.895
232.179
227.737
223.557
219.631
215.949
212.504
209.29
206.299
203.525
200.963
198.606
196.449
194.485
192.71
191.117
189.702
188.46
187.384
186.471
185.715
185.112
184.656
184.344
184.17
184.131
184.223
184.44
184.779
185.237
185.81
186.495
187.289
188.19
189.199
190.315
191.544
192.892
194.377
196.027
197.9
200.109
202.975
207.175
220.038
68.4396
69.4292
70.4961
71.644
72.8784
74.2042
75.6255
77.1467
78.7725
80.5077
82.3575
84.3271
86.4219
88.6477
91.0105
93.5161
96.1709
98.9813
101.954
105.095
108.412
111.91
115.597
119.48
123.564
127.856
132.362
137.088
142.038
147.218
152.632
158.282
164.172
170.303
176.677
183.293
190.149
197.243
204.572
212.129
219.909
227.903
236.103
244.497
253.073
261.817
270.715
279.751
288.907
298.165
307.506
316.91
326.357
335.824
345.292
354.739
364.143
373.483
382.738
391.889
400.916
409.801
418.526
427.075
435.433
443.588
451.528
459.246
466.737
474.001
481.045
487.882
494.536
501.047
507.482
513.97
520.766
528.329
537.31
548.084
559.88
571.939
584.969
600.649
622.395
656.495
716.447
830.464
957.609
1076.41
1172.77
1244.43
1292.1
1319.04
1329.42
1327.22
1315.87
1298.05
1275.77
1249.97
1212.74
1101.87
985.305
884.568
803.504
739.972
690.401
651.393
620.17
594.601
573.101
554.513
538.003
522.978
509.023
495.851
483.269
471.152
459.423
448.035
436.968
426.215
415.777
405.663
395.88
386.44
377.351
368.618
360.248
352.242
344.6
337.325
330.589
324.397
318.656
313.316
308.345
303.723
299.435
295.472
291.824
288.482
285.439
282.688
280.22
278.028
276.104
274.441
273.032
271.868
270.943
270.248
269.776
269.52
269.471
269.624
269.969
270.5
271.209
272.089
273.13
274.326
275.668
277.147
278.755
280.482
282.318
284.254
286.276
288.373
290.53
292.733
294.961
297.195
299.41
301.581
303.683
305.795
307.969
321.072
82.2953
80.9734
79.7492
78.6206
77.5853
76.6413
75.7872
75.0215
74.3434
73.7518
73.2463
72.8263
72.4915
72.2419
72.0776
71.9987
72.0056
72.099
72.2795
72.5479
72.9052
73.3523
73.8904
74.5207
75.2445
76.063
76.9777
77.9897
79.1004
80.311
81.6227
83.0363
84.5529
86.1731
87.8973
89.7257
91.6582
93.6944
95.8333
98.0739
100.414
102.853
105.386
108.012
110.726
113.525
116.403
119.356
122.377
125.462
128.602
131.792
135.024
138.29
141.582
144.893
148.215
151.54
154.86
158.166
161.453
164.712
167.937
171.122
174.262
177.352
180.388
183.368
186.291
189.159
191.973
194.743
197.482
200.221
203.032
206.092
209.84
215.274
224.461
242.261
276.648
334.82
423.413
544.026
690.257
857.144
1113.67
2019.87
2684.78
3124.94
3396.27
3548.41
3618.51
3633.42
3611.9
3566.84
3507
3438.29
3364.68
3288.05
3149.38
2144.08
1612.27
1318.71
1151.22
1052.95
993.515
955.992
930.639
911.758
896.003
881.438
866.987
852.094
836.526
820.235
803.282
785.786
767.891
749.747
731.501
713.288
695.228
677.424
659.964
642.92
626.347
610.288
594.775
579.827
565.458
551.668
538.396
525.597
513.256
501.365
489.925
478.933
468.388
458.285
448.618
439.377
430.552
422.131
414.1
406.446
399.154
392.209
385.597
379.302
373.311
367.607
362.176
357.006
352.081
347.389
342.917
338.652
334.583
330.698
326.986
323.435
320.035
316.776
313.647
310.637
307.737
304.934
302.217
299.572
296.984
294.435
291.903
289.358
286.765
284.065
281.22
277.998
275.016
272.139
173.826
176.917
182.185
188.238
194.647
201.457
208.733
216.535
224.963
234.156
244.28
255.534
268.15
282.403
298.619
317.189
338.602
363.46
392.447
225.884
158.127
129.56
121.708
119.369
137.074
77.7387
76.1083
75.284
75.2158
75.6944
76.5511
77.6967
79.089
80.7111
82.5656
84.6703
87.056
89.7646
92.8493
96.3754
100.422
105.083
110.467
116.364
103.601
90.9194
81.8059
76.316
74.5841
74.2246
57.193
56.0513
55.1203
54.4869
54.1381
54.0276
54.1179
54.3828
54.8048
55.3748
56.0912
56.9595
57.9911
59.203
60.6177
62.2632
64.1727
66.3799
68.7712
67.2891
64.0992
60.8692
58.3154
57.1871
56.2569
49.4568
48.5973
47.7918
47.1102
46.5779
46.1925
45.9459
45.829
45.8336
45.9536
46.1862
46.532
46.995
47.5824
48.305
49.1764
50.2133
51.4313
52.7709
52.9572
52.1668
50.9789
49.7896
49.1918
48.491
45.9619
45.2203
44.4898
43.8152
43.2228
42.723
42.32
42.0149
41.8064
41.6929
41.6733
41.7477
41.9182
42.1889
42.5657
43.0568
43.6722
44.421
45.2714
45.7237
45.6684
45.2912
44.762
44.4957
43.9964
44.3844
43.6884
42.9897
42.3181
41.6946
41.1314
40.6374
40.218
39.8764
39.614
39.4317
39.3305
39.3122
39.3796
39.5369
39.7893
40.1437
40.6061
41.1592
41.581
41.7478
41.7035
41.5001
41.4216
41.0618
43.8416
43.1569
42.4647
41.786
41.137
40.5292
39.9719
39.4728
39.0367
38.6673
38.3668
38.1373
37.9808
37.8997
37.8973
37.9776
38.1454
38.4053
38.7481
39.0671
39.2682
39.3461
39.2949
39.3116
39.0394
43.9226
43.2303
42.5292
41.8346
41.1594
40.5135
39.9059
39.3443
38.8348
38.3817
37.9885
37.6578
37.3919
37.1934
37.0651
37.0102
37.0326
37.1358
37.3151
37.5176
37.6775
37.7765
37.7812
37.8342
37.6084
44.4069
43.6947
42.9744
42.2571
41.5531
40.8709
40.2188
39.6042
39.0331
38.5105
38.0401
37.6251
37.2682
36.9718
36.7387
36.5717
36.474
36.4486
36.4935
36.5822
36.6703
36.7398
36.7449
36.7962
36.5854
45.1613
44.4208
43.6738
42.9283
42.1926
41.4741
40.78
40.1173
39.4918
38.9084
38.3711
37.8832
37.4475
37.0666
36.743
36.4795
36.2788
36.1437
36.0735
36.0559
36.0609
36.0755
36.049
36.0742
35.8554
46.097
45.3221
44.5428
43.765
42.995
42.2393
41.5043
40.7963
40.1208
39.4824
38.885
38.3321
37.8264
37.3706
36.9671
36.6184
36.3271
36.0957
35.9247
35.8092
35.7287
35.6765
35.5999
35.5837
35.3407
47.1497
46.336
45.5203
44.7068
43.9004
43.1066
42.3311
41.5796
40.8569
40.1675
39.5151
38.903
38.334
37.8105
37.3351
36.91
36.5377
36.2206
35.9596
35.7544
35.5905
35.4668
35.3303
35.2636
34.9856
48.2691
47.4137
46.5587
45.7073
44.863
44.0305
43.2147
42.4208
41.6531
40.9158
40.2122
39.5456
38.9184
38.3333
37.7924
37.2982
36.8526
36.4584
36.1165
35.8293
35.586
35.3906
35.19
35.0679
34.7485
49.4141
48.5153
47.6194
46.7285
45.8454
44.9739
44.1184
43.2832
42.4724
41.6896
40.9382
40.2208
39.5401
38.8983
38.2977
37.7404
37.2285
36.7644
36.3496
35.9876
35.6701
35.4052
35.1398
34.9608
34.597
50.5496
49.6069
48.6694
47.7386
46.8165
45.9062
45.0115
44.1363
43.2841
42.4584
41.6619
40.8974
40.1671
39.4733
38.818
38.2033
37.6312
37.1041
36.6233
36.1936
35.8077
35.4772
35.1487
34.9135
34.5048
51.6451
50.659
49.6801
48.7096
47.7489
46.8006
45.8679
44.9541
44.0625
43.1962
42.3576
41.5493
40.7734
40.032
39.3268
38.6601
38.0335
37.4496
36.9096
36.4189
35.9707
35.5796
35.1916
34.9023
34.4507
52.6736
51.6456
50.6264
49.6172
48.6189
47.6337
46.6644
45.7139
44.7852
43.8808
43.0032
42.1546
41.3369
40.5522
39.802
39.0884
38.413
37.7785
37.1857
36.6406
36.1367
35.6904
35.2478
34.9077
34.4168
53.6111
52.5434
51.4857
50.4393
49.405
48.3847
47.3807
46.3957
45.4323
44.4929
43.5795
42.6943
41.8389
41.0152
40.2249
39.4696
38.7511
38.0718
37.4328
36.8399
36.2867
35.7912
35.2999
34.9132
34.3877
54.439
53.3351
52.2424
51.1619
50.0946
49.0423
48.007
46.9911
45.9968
45.0263
44.0815
43.164
42.2757
41.418
40.5925
39.8008
39.0444
38.3258
37.6457
37.01
36.4124
35.8714
35.3347
34.9026
34.344
55.1369
53.9999
52.8748
51.7629
50.6654
49.5839
48.5202
47.4765
46.4547
45.4566
44.484
43.5384
42.6212
41.7339
40.8777
40.0543
39.265
38.5121
37.7961
37.1228
36.4858
35.9038
35.3256
34.8514
34.2605
55.685
54.5172
53.362
52.2212
51.0958
49.9875
48.8981
47.8293
46.7828
45.7604
44.7634
43.7932
42.8511
41.9384
41.0562
40.2059
39.3888
38.6071
37.8612
37.1566
36.4867
35.8706
35.2577
34.7489
34.1302
56.0692
54.874
53.692
52.5254
51.3753
50.2435
49.1315
48.041
46.9735
45.9303
44.9127
43.922
42.9592
42.0254
41.1218
40.2495
39.4099
38.6048
37.8346
37.1048
36.4085
35.7649
35.124
34.5872
33.9466
56.2787
55.0603
53.8559
52.6675
51.4968
50.3453
49.2147
48.1064
47.0218
45.962
44.9281
43.9211
42.9421
41.9919
41.0716
40.1823
39.3252
38.5021
37.7132
36.9639
36.2472
35.5823
34.92
34.3617
33.7053
56.3078
55.0713
53.8491
52.6437
51.4568
50.2901
49.1453
48.0237
46.9264
45.8544
44.8087
43.7902
42.7996
41.8378
40.9056
40.0043
39.1348
38.2988
37.4967
36.7334
36.002
35.3219
34.6444
34.0707
33.4046
56.1564
54.9069
53.6719
52.4543
51.2561
50.0791
48.9248
47.7946
46.6894
45.6101
44.5574
43.532
42.5347
41.5661
40.6271
39.7186
38.8417
37.9979
37.1876
36.4156
35.6751
34.9853
34.2984
33.7151
33.045
55.8294
54.5717
53.329
52.1043
50.8997
49.7173
48.5587
47.4248
46.3167
45.2349
44.1802
43.1529
42.1537
41.1832
40.2421
39.3313
38.4517
37.605
36.7913
36.0155
35.2709
34.5767
33.8859
33.2986
32.6293
55.336
54.075
52.8295
51.6027
50.3969
49.2142
48.0562
46.9239
45.8179
44.7387
43.6867
42.6624
41.6661
40.6983
39.7597
38.8511
37.9734
37.1283
36.3158
35.5408
34.7968
34.1029
33.4129
32.8269
32.1629
54.6961
53.4368
52.1936
50.9698
49.7682
48.5908
47.439
46.3136
45.2151
44.1438
43.0998
42.0835
41.0951
40.135
39.2037
38.3022
37.4311
36.5923
35.7859
35.0167
34.2782
33.59
32.9063
32.3269
31.6736
53.9333
52.6801
51.4441
50.2287
49.0367
47.87
46.7298
45.6167
44.531
43.4727
42.4417
41.4383
40.4624
39.5144
38.595
37.7048
36.8448
36.0166
35.2206
34.4617
33.7334
33.0555
32.3828
31.8148
31.1773
53.0622
51.8191
50.5947
49.3924
48.2148
47.0636
45.9398
44.8436
43.775
42.7338
41.7198
40.7328
39.773
38.8406
37.9362
37.0605
36.2146
35.4002
34.6177
33.872
33.1571
32.4925
31.8344
31.2804
30.6622
52.1057
50.8766
49.668
48.4832
47.3245
46.1934
45.0902
44.015
42.9673
41.9466
40.9526
39.9851
39.0441
38.1299
37.243
36.3843
35.5549
34.7567
33.9901
33.2601
32.5611
31.9122
31.2714
30.7338
30.1372
51.089
49.8777
48.6891
47.5261
46.3906
45.2834
44.2044
43.1533
42.1293
41.1318
40.1602
39.2142
38.2939
37.3996
36.532
35.692
34.8809
34.1005
33.3515
32.6391
31.9578
31.3266
30.7051
30.1856
29.6123
50.0394
48.8499
47.6853
46.5479
45.439
44.3588
43.3068
42.282
41.2836
40.3106
39.3626
38.4393
37.5407
36.6673
35.82
34.9997
34.2077
33.4463
32.7162
32.0224
31.3603
30.7479
30.1473
29.6469
29.0982
48.9861
47.8221
46.6849
45.5762
44.4965
43.4454
42.4217
41.4243
40.452
39.5041
38.5799
37.6794
36.8028
35.9505
35.1236
34.3233
33.551
32.809
32.0983
31.4238
30.7816
30.1888
29.6101
29.1292
28.6063
47.8898
46.7573
45.6534
44.5788
43.533
42.5147
41.5227
40.5553
39.6117
38.6909
37.7926
36.9169
36.064
35.2349
34.4305
33.6524
32.902
32.1819
31.4932
30.8407
30.2211
29.6508
29.0972
28.6387
28.1444
46.7743
45.6793
44.6144
43.5785
42.5701
41.5875
40.629
39.6935
38.7798
37.8874
37.0162
36.1665
35.3389
34.5344
33.7543
33.0001
32.2737
31.5775
30.913
30.2849
29.6905
29.1452
28.6191
28.186
27.7221
45.741
44.6861
43.6608
42.6628
41.6901
40.7409
39.8136
38.9072
38.021
37.1548
36.3086
35.4831
34.6792
33.8979
33.1407
32.4095
31.7061
31.0331
30.3922
29.7879
29.2182
28.6977
28.1989
27.7913
27.3563
44.8288
43.812
42.8239
41.8603
40.9194
39.9995
39.0995
38.2186
37.3567
36.5137
35.6899
34.8863
34.1039
33.3439
32.6082
31.8984
31.2168
30.5659
29.9475
29.3663
28.8207
28.3246
27.8525
27.4701
27.0627
44.07
43.0874
42.1302
41.1953
40.2807
39.3851
38.5079
37.6487
36.8074
35.9844
35.1802
34.3959
33.6327
32.8921
32.1758
31.4859
30.8245
30.1943
29.5975
29.0385
28.5162
28.044
27.5983
27.2409
26.8597
43.4895
42.5347
41.6014
40.6887
39.7947
38.9186
38.0598
37.2183
36.3942
35.5881
34.8007
34.0332
33.2868
32.5633
31.8645
31.1927
30.5501
29.9395
29.3632
28.8256
28.3263
27.8777
27.4583
27.1261
26.7697
43.1046
42.1715
41.2569
40.361
39.4831
38.6223
37.7783
36.9512
36.1413
35.3492
34.5759
33.8226
33.0908
32.3823
31.6992
31.0439
30.4188
29.8268
29.2704
28.7541
28.2777
27.8534
27.4607
27.1547
26.8221
42.9331
42.0184
41.1199
40.2382
39.3732
38.5248
37.6928
36.8774
36.0791
35.2985
34.5368
33.7954
33.076
32.3807
31.7118
31.0718
30.4634
29.8897
29.3534
28.859
28.4066
28.0081
27.6435
27.3659
27.0568
43.0082
42.1111
41.2278
40.3594
39.5061
38.6679
37.8457
37.0396
36.2504
35.4789
34.7265
33.9948
33.286
32.6024
31.9468
31.3217
30.7303
30.1758
29.6609
29.1903
28.7645
28.3949
28.0613
27.8161
27.5311
43.3932
42.5139
41.6456
40.79
39.9474
39.1175
38.3027
37.5035
36.7207
35.9555
35.2099
34.4859
33.7863
33.1138
32.4713
31.8622
31.2895
30.7566
30.2664
29.8238
29.4291
29.094
28.7969
28.5897
28.3301
44.2475
43.3883
42.536
41.6932
40.8607
40.0385
39.2282
38.4328
37.6534
36.8922
36.1517
35.435
34.7453
34.0863
33.4613
32.8739
32.3274
31.8254
31.371
30.9689
30.6197
30.3352
30.0923
29.9406
29.7165
45.8504
45.0111
44.1751
43.3452
42.5217
41.7048
40.8954
40.0998
39.3206
38.5613
37.826
37.1192
36.4452
35.8084
35.2127
34.6621
34.16
33.71
33.3153
32.981
32.7078
32.5083
32.3542
32.2998
32.1258
48.2972
47.4709
46.6432
45.8181
44.9956
44.1754
43.3591
42.5566
41.7726
41.0131
40.2843
39.5924
38.943
38.3412
37.7915
37.2975
36.8628
36.4909
36.1851
35.9511
35.7891
35.7158
35.6889
35.7825
35.6628
51.8881
51.0638
50.2304
49.3969
48.5627
47.7272
46.8939
46.0772
45.2858
44.5289
43.8156
43.1539
42.5507
42.0115
41.5406
41.1414
40.817
40.5712
40.4073
40.3329
40.3472
40.4743
40.648
40.9789
40.9297
57.0861
56.2456
55.3836
54.5204
53.6549
52.7869
51.9253
51.0891
50.2951
49.5566
48.8857
48.2922
47.7836
47.3649
47.0396
46.8106
46.6808
46.6544
46.7361
46.9373
47.2569
47.7321
48.2584
49.0036
49.086
64.62
63.733
62.8035
61.8746
60.9454
60.0192
59.1155
58.2654
57.4945
56.8212
56.2601
55.8215
55.5118
55.3344
55.2915
55.3853
55.6198
56.0019
56.5407
57.256
58.1492
59.2831
60.4909
62.0379
62.4304
75.6601
74.6736
73.6049
72.542
71.4915
70.47
69.5193
68.6933
68.0246
67.5354
67.2399
67.1456
67.2552
67.5692
68.0884
68.8167
69.7624
70.9414
72.374
74.1005
76.1314
78.5841
81.1885
84.4051
85.5717
92.109
90.918
89.5611
88.2244
86.9527
85.7999
84.8491
84.1822
83.8283
83.8062
84.1224
84.7755
85.761
87.076
88.7229
90.7131
93.0687
95.8276
99.037
102.782
107.096
112.215
117.698
124.433
127.452
117.072
115.433
113.451
111.57
109.952
108.718
108.008
107.893
108.379
109.461
111.124
113.349
116.122
119.437
123.309
127.768
132.869
138.697
145.352
153.007
161.748
172.034
183.172
196.967
204.005
155.708
152.991
149.673
146.866
144.949
144.075
144.391
145.829
148.341
151.864
156.338
161.718
167.978
175.125
183.196
192.27
202.462
213.943
226.91
241.689
258.462
278.087
299.547
326.463
341.461
217.579
212.2
206.376
202.632
201.382
202.507
205.861
211.117
218.1
226.649
236.641
248
260.707
274.803
290.391
307.642
326.79
348.155
372.111
399.232
429.927
465.624
505.352
555.24
586.389
323.563
313.106
304.17
301.862
305.227
312.846
323.72
337.427
353.562
371.83
392.052
414.166
438.227
464.398
492.946
524.237
558.744
597.058
639.921
688.234
743.237
806.291
880.217
967.916
1038.86
332.837
321.46
309.381
299.106
292.213
290.302
291.57
294.968
299.89
305.951
312.914
320.659
329.166
338.503
348.808
360.282
373.188
387.831
404.627
423.961
446.658
472.816
505.246
541.794
600.722
)
;

boundaryField
{
    inlet
    {
        type            fixedValue;
        value           uniform 14.855;
    }
    outlet
    {
        type            zeroGradient;
    }
    upperWall
    {
        type            zeroGradient;
    }
    lowerWall
    {
        type            zeroGradient;
    }
    frontAndBack
    {
        type            empty;
    }
}


// ************************************************************************* //
