/*--------------------------------*- C++ -*----------------------------------*\
| =========                 |                                                 |
| \\      /  F ield         | OpenFOAM: The Open Source CFD Toolbox           |
|  \\    /   O peration     | Version:  1.4.2                                 |
|   \\  /    A nd           | Web:      http://www.openfoam.org               |
|    \\/     M anipulation  |                                                 |
\*---------------------------------------------------------------------------*/
FoamFile
{
    version     2.0;
    format      ascii;
    class       volScalarField;
    object      epsilon;
    location    "900";
}
// * * * * * * * * * * * * * * * * * * * * * * * * * * * * * * * * * * * * * //

dimensions      [0 2 -3 0 0 0 0];

internalField   nonuniform List<scalar> 
12225
(
443.026
353.452
290.586
245.345
212.188
187.594
169.245
155.572
145.485
138.21
133.183
129.985
128.3
127.881
128.529
130.083
132.409
135.67
60.1656
73.6156
79.5681
83.6951
87.7143
92.354
97.9687
104.74
112.767
122.1
132.759
144.738
157.999
172.479
188.082
204.67
221.998
240.133
26.2958
33.71
37.845
40.6833
42.9299
44.9526
46.9639
49.0918
51.4157
53.9867
56.8366
59.9835
63.4335
67.1807
71.2045
75.4614
79.8618
84.2426
18.7355
22.7235
25.4806
27.3758
28.8178
30.0126
31.0724
32.0707
33.0568
34.0635
35.1123
36.2168
37.3842
38.6163
39.9094
41.2528
42.6266
43.9868
16.1687
18.1634
19.9326
21.292
22.3446
23.1852
23.8877
24.5054
25.0723
25.6103
26.1342
26.6543
27.1775
27.7073
28.2451
28.7896
29.337
29.8683
15.2354
16.0864
17.0484
17.9368
18.6892
19.3116
19.8309
20.2729
20.659
21.0059
21.3259
21.6276
21.9171
22.1984
22.4739
22.7446
23.0098
23.259
14.8942
15.17
15.5864
16.0522
16.5062
16.9217
17.2896
17.6101
17.8892
18.1348
18.3542
18.5533
18.7368
18.9084
19.0708
19.2254
19.3723
19.5053
14.7876
14.838
14.9915
15.2092
15.4537
15.7009
15.9368
16.1543
16.351
16.5276
16.6862
16.8291
16.959
17.0782
17.1887
17.2919
17.3884
17.4747
14.7441
14.6884
14.7003
14.7662
14.8675
14.9882
15.1163
15.2439
15.3662
15.4805
15.586
15.6827
15.7712
15.8523
15.927
15.9961
16.0602
16.1177
14.7239
14.6134
14.5425
14.5091
14.5063
14.5261
14.5613
14.6058
14.655
14.7057
14.7558
14.8039
14.8493
14.8918
14.9314
14.9682
15.0024
15.033
14.7149
14.579
14.4658
14.3758
14.3077
14.2585
14.2249
14.2034
14.191
14.1852
14.184
14.1858
14.1895
14.1943
14.1995
14.205
14.2103
14.215
14.7109
14.5642
14.4319
14.3142
14.2111
14.1218
14.0449
13.9791
13.9228
13.8744
13.8326
13.7964
13.7645
13.7363
13.711
13.6881
13.6673
13.6482
14.7089
14.5577
14.4176
14.2882
14.1691
14.0601
13.9605
13.8699
13.7873
13.7121
13.6436
13.5809
13.5235
13.4707
13.422
13.3769
13.335
13.2966
14.7076
14.5544
14.4112
14.2772
14.1518
14.0345
13.925
13.8227
13.7273
13.6382
13.5551
13.4774
13.4048
13.3368
13.2731
13.2134
13.1573
13.1055
14.7067
14.5523
14.4076
14.2717
14.1439
14.0235
13.9101
13.8033
13.7025
13.6074
13.5177
13.433
13.3531
13.2774
13.2059
13.1383
13.0744
13.015
14.706
14.5507
14.4052
14.2684
14.1394
14.0178
13.9029
13.7943
13.6915
13.5941
13.5018
13.4143
13.3313
13.2524
13.1775
13.1063
13.0389
12.976
14.7055
14.5497
14.4036
14.2662
14.1367
14.0144
13.8988
13.7894
13.6857
13.5874
13.4941
13.4054
13.3212
13.241
13.1648
13.0923
13.0234
12.9591
14.7053
14.5494
14.403
14.2654
14.1356
14.013
13.8971
13.7873
13.6833
13.5846
13.4909
13.4019
13.3173
13.2369
13.1603
13.0875
13.0184
12.9539
14.7055
14.5497
14.4035
14.2659
14.1362
14.0138
13.8981
13.7886
13.685
13.5868
13.4937
13.4054
13.3216
13.2421
13.1666
13.0948
13.0269
12.9637
14.706
14.5507
14.4051
14.2683
14.1396
14.0185
13.9045
13.7971
13.6959
13.6006
13.5107
13.426
13.346
13.2705
13.1992
13.1318
13.0684
13.0096
14.7068
14.5528
14.4093
14.2755
14.151
14.0353
13.9279
13.8284
13.7361
13.6504
13.5709
13.4968
13.4279
13.3636
13.3034
13.2471
13.1944
13.1461
14.7086
14.5589
14.4227
14.3001
14.1905
14.0931
14.0068
13.9303
13.8623
13.8016
13.747
13.6976
13.6526
13.6113
13.5731
13.5376
13.5046
13.4743
14.7142
14.5802
14.4708
14.3853
14.3209
14.2739
14.2405
14.2172
14.2011
14.1898
14.1815
14.175
14.1693
14.1638
14.1581
14.1519
14.1451
14.1383
14.7358
14.6588
14.6349
14.6534
14.7004
14.7639
14.8349
14.9068
14.9754
15.0383
15.0944
15.1431
15.1847
15.2195
15.2481
15.2713
15.2898
15.3046
14.8205
14.9298
15.138
15.3947
15.6602
15.9123
16.14
16.3384
16.5073
16.6492
16.7675
16.8658
16.9471
17.0143
17.0699
17.1159
17.154
17.1858
15.1412
15.7855
16.517
17.2068
17.7961
18.2812
18.6742
18.9897
19.2424
19.4453
19.6092
19.7427
19.8527
19.9444
20.0219
20.0885
20.1466
20.1979
16.3189
18.2995
19.9621
21.2351
22.1813
22.8822
23.4044
23.7998
24.1052
24.3458
24.5398
24.7003
24.8371
24.9574
25.0667
25.1688
25.2666
25.3618
20.7544
25.6375
28.6922
30.5982
31.8393
32.6632
33.2222
33.6186
33.9176
34.1614
34.3774
34.5834
34.7909
35.0073
35.2369
35.4819
35.7431
36.0195
43.9611
54.4815
58.7074
60.4208
60.9763
60.9916
60.8476
60.7575
60.7885
60.9698
61.3104
61.8087
62.4574
63.2463
64.1638
65.1974
66.3324
67.5614
332.626
280.253
240.732
210.192
186.153
166.94
151.386
138.653
128.129
119.361
112.006
105.799
100.536
96.0549
92.2271
88.9494
86.1385
83.7249
0.00471706
0.00568123
0.00780764
0.0103917
0.0131177
0.0158074
0.0183819
0.0208202
0.0231377
0.0253849
0.0276545
0.0300774
0.032795
0.0359717
0.039743
0.0441398
0.0492602
0.0552458
0.0622477
0.0703424
0.0796081
0.0900903
0.101879
0.115169
0.130335
0.147865
0.168203
0.190992
0.216883
0.246334
0.279758
0.317555
0.360131
0.4079
0.461291
0.520754
0.586763
0.659822
0.740467
0.829272
0.92685
1.03386
1.15099
1.27902
1.41873
1.57099
1.73674
1.91695
2.1127
2.32514
2.55549
2.8051
3.0754
3.36799
3.68459
4.02711
4.39769
4.79871
5.23289
5.70336
6.21375
6.76834
7.37223
8.03161
8.75399
9.5487
10.4274
11.4048
12.4998
13.7371
15.15
16.7842
18.706
21.0149
23.8674
27.515
32.3639
39.0579
41.9126
44.7923
47.8246
51.0195
54.3831
57.921
61.6386
65.5412
69.6338
73.9213
78.4083
83.0989
87.9972
93.1068
98.4308
103.972
109.734
115.717
121.923
128.355
135.011
141.893
149
156.331
163.884
171.657
179.647
187.849
196.259
204.869
213.671
222.657
231.815
241.132
250.594
260.184
269.883
279.672
289.529
299.432
309.359
319.289
329.203
339.085
348.93
358.747
368.579
378.305
387.886
397.309
406.57
415.664
424.588
433.339
441.917
450.321
458.552
466.613
474.507
482.238
489.81
497.228
504.499
511.627
518.617
525.475
532.205
538.809
545.29
551.649
557.886
563.999
569.986
575.841
581.555
587.117
592.514
597.729
602.741
607.528
612.063
616.317
620.254
623.837
627.022
629.763
632.008
633.704
634.789
635.199
634.865
633.716
631.672
628.665
624.609
619.502
613.329
606.47
599.576
591.693
582.642
568.033
0.0131877
0.0122185
0.013015
0.0142354
0.0155583
0.0169209
0.0183339
0.019834
0.0214798
0.0233562
0.025583
0.0282816
0.0315719
0.0355403
0.0402819
0.0459207
0.0525994
0.06048
0.0697799
0.0807921
0.0939707
0.109161
0.126571
0.146517
0.16928
0.195112
0.224224
0.256788
0.293036
0.3332
0.377513
0.426207
0.479523
0.537715
0.601048
0.66981
0.744311
0.824887
0.911904
1.00576
1.10689
1.21577
1.3329
1.45884
1.59418
1.73957
1.89571
2.06335
2.2433
2.43644
2.64372
2.86618
3.10495
3.36126
3.63646
3.93206
4.24971
4.59126
4.95878
5.35461
5.78139
6.24213
6.74026
7.27976
7.86518
8.50181
9.19577
9.9542
10.7854
11.699
12.706
13.819
15.0517
16.4173
17.9255
19.5738
21.3299
23.0942
24.6241
26.1767
27.7992
29.5003
31.2832
33.1503
35.1039
37.1459
39.2786
41.5037
43.823
46.2383
48.7509
51.3621
54.0733
56.8852
59.7987
62.8143
65.9323
69.1529
72.4759
75.9007
79.4267
83.0528
86.7775
90.5992
94.5154
98.5236
102.62
106.802
111.065
115.404
119.812
124.285
128.816
133.397
138.02
142.679
147.363
152.066
156.78
161.498
166.214
170.925
175.631
180.335
185.054
189.73
194.346
198.899
203.384
207.8
212.146
216.418
220.618
224.744
228.797
232.776
236.683
240.52
244.287
247.986
251.62
255.188
258.695
262.14
265.525
268.851
272.118
275.326
278.476
281.565
284.592
287.554
290.448
293.268
296.009
298.664
301.224
303.679
306.02
308.233
310.304
312.219
313.96
315.508
316.844
317.945
318.788
319.349
319.601
319.517
319.07
318.235
316.99
315.339
313.309
311.042
308.713
306.114
303.333
301.303
0.0243669
0.0206859
0.0203523
0.0209309
0.0218872
0.0231153
0.0246359
0.0265034
0.0288195
0.0316737
0.0351778
0.0394915
0.0446347
0.0507279
0.0579543
0.0665603
0.0767124
0.0884644
0.102055
0.117714
0.135645
0.15599
0.178907
0.204572
0.233171
0.264895
0.299939
0.338501
0.380784
0.427001
0.477376
0.532146
0.591557
0.655875
0.725381
0.800381
0.881203
0.968206
1.06178
1.16233
1.27033
1.38627
1.51066
1.64408
1.78715
1.94052
2.10491
2.28106
2.46979
2.672
2.88861
3.12067
3.36926
3.63561
3.921
4.22685
4.55472
4.9063
5.28342
5.68814
6.12266
6.58943
7.09111
7.63063
8.21115
8.83611
9.50916
10.2342
11.0152
11.8563
12.7611
13.7328
14.7733
15.8822
17.0553
18.2833
19.5504
20.8367
22.1303
23.4682
24.8654
26.3271
27.8559
29.4537
31.1223
32.8634
34.6783
36.5688
38.5359
40.5811
42.7053
44.9095
47.1946
49.5611
52.0095
54.5401
57.153
59.8481
62.6248
65.4828
68.421
71.4383
74.5334
77.7045
80.9496
84.2662
87.6517
91.1029
94.6164
98.1882
101.814
105.489
109.209
112.968
116.76
120.579
124.42
128.277
132.143
136.014
139.885
143.753
147.615
151.47
155.31
159.11
162.859
166.554
170.191
173.768
177.282
180.731
184.114
187.43
190.679
193.859
196.972
200.016
202.994
205.904
208.749
211.529
214.244
216.896
219.485
222.011
224.476
226.878
229.219
231.496
233.709
235.856
237.936
239.945
241.881
243.737
245.51
247.194
248.782
250.266
251.638
252.889
254.008
254.983
255.802
256.452
256.919
257.187
257.242
257.067
256.647
255.97
255.027
253.822
252.385
250.796
249.144
247.397
245.732
245.177
0.0409762
0.0314778
0.0293182
0.0292994
0.0302528
0.0318908
0.0342148
0.0371628
0.0407982
0.0452491
0.0506479
0.0569967
0.0643725
0.0729496
0.082909
0.0944309
0.10768
0.122805
0.139968
0.159323
0.181019
0.205198
0.232
0.261581
0.294112
0.329782
0.36879
0.411347
0.457673
0.508
0.562576
0.621663
0.685539
0.754503
0.828871
0.908988
0.995219
1.08796
1.18764
1.2947
1.40965
1.533
1.66532
1.80722
1.95932
2.12233
2.29698
2.48405
2.68439
2.89889
3.12854
3.37435
3.63743
3.91899
4.22028
4.5427
4.8877
5.25686
5.65188
6.07455
6.52681
7.01069
7.52834
8.08203
8.67408
9.30688
9.98278
10.7041
11.473
12.2915
13.1608
14.0819
15.0547
16.0782
17.1501
18.267
19.4255
20.6238
21.8651
23.1588
24.5109
25.9247
27.4024
28.9457
30.5565
32.2362
33.9864
35.8084
37.7035
39.6729
41.7175
43.8383
46.036
48.3112
50.6642
53.0952
55.6042
58.1911
60.8552
63.5961
66.4126
69.3036
72.2678
75.3033
78.4082
81.5802
84.8167
88.115
91.4718
94.8837
98.3469
101.857
105.41
109.001
112.625
116.277
119.95
123.64
127.341
131.047
134.753
138.454
142.145
145.822
149.469
153.071
156.62
160.112
163.541
166.906
170.203
173.43
176.584
179.663
182.667
185.594
188.443
191.214
193.907
196.522
199.058
201.517
203.898
206.203
208.432
210.585
212.663
214.666
216.594
218.447
220.226
221.928
223.555
225.103
226.572
227.958
229.26
230.474
231.595
232.618
233.54
234.353
235.052
235.628
236.074
236.381
236.54
236.541
236.374
236.03
235.5
234.776
233.855
232.746
231.474
230.092
228.662
227.217
225.94
225.611
0.0632643
0.0447315
0.0402085
0.0397806
0.0411232
0.0435777
0.046948
0.051196
0.0563935
0.0625286
0.0695937
0.0777336
0.0870963
0.097837
0.11011
0.124065
0.139844
0.157582
0.17741
0.199456
0.223853
0.250737
0.280252
0.31256
0.34784
0.386286
0.428111
0.47354
0.522814
0.576186
0.63393
0.696333
0.763705
0.836375
0.914695
0.99904
1.08981
1.18744
1.29238
1.40513
1.5262
1.65615
1.79558
1.94512
2.10543
2.27725
2.46132
2.65847
2.86957
3.09552
3.33732
3.59602
3.87272
4.16861
4.48495
4.82307
5.18438
5.57038
5.98263
6.4228
6.8926
7.39381
7.92829
8.4979
9.10453
9.75004
10.4362
11.1648
11.9373
12.755
13.619
14.53
15.4883
16.4942
17.5473
18.6478
19.7962
20.9942
22.2451
23.553
24.9214
26.3529
27.8497
29.4136
31.0464
32.7498
34.5254
36.3748
38.2992
40.3
42.3782
44.5349
46.7708
49.0865
51.4825
53.959
56.5159
59.153
61.8698
64.6657
67.5395
70.4901
73.516
76.6154
79.7864
83.0266
86.3337
89.7048
93.1368
96.6266
100.17
103.764
107.404
111.085
114.803
118.551
122.324
126.116
129.92
133.731
137.541
141.343
145.133
148.896
152.618
156.288
159.897
163.441
166.914
170.311
173.63
176.867
180.018
183.081
186.054
188.936
191.723
194.416
197.014
199.516
201.922
204.231
206.445
208.564
210.587
212.517
214.352
216.095
217.746
219.305
220.773
222.15
223.437
224.634
225.74
226.755
227.677
228.505
229.238
229.872
230.406
230.836
231.159
231.369
231.463
231.434
231.278
230.989
230.559
229.984
229.259
228.38
227.349
226.174
224.877
223.5
222.085
220.698
219.496
219.007
0.0917616
0.0610069
0.0537662
0.0527666
0.0543671
0.0575347
0.0619185
0.0674314
0.0738852
0.081289
0.0897629
0.0994396
0.110454
0.122941
0.137031
0.15285
0.170522
0.190165
0.211901
0.235851
0.262146
0.290928
0.322352
0.356589
0.393826
0.434269
0.478141
0.525681
0.577144
0.632802
0.692949
0.757895
0.827971
0.903533
0.984958
1.07265
1.16703
1.26856
1.37772
1.49503
1.62104
1.75632
1.9015
2.05723
2.22421
2.40319
2.59494
2.80032
3.02019
3.25551
3.50728
3.77654
4.06443
4.37212
4.70085
5.05195
5.42679
5.82681
6.25353
6.70849
7.19332
7.70968
8.25926
8.84376
9.46488
10.1243
10.8237
11.5646
12.3484
13.1767
14.0505
14.971
15.9394
16.9567
18.024
19.1429
20.315
21.5429
22.8294
24.1774
25.5899
27.0691
28.6175
30.237
31.9298
33.6977
35.5427
37.4664
39.4704
41.5563
43.7253
45.9786
48.3172
50.7418
53.2529
55.8509
58.5357
61.3072
64.1649
67.1081
70.1357
73.2465
76.4389
79.7111
83.0611
86.4865
89.9849
93.5535
97.1893
100.889
104.649
108.465
112.334
116.249
120.207
124.201
128.225
132.272
136.334
140.403
144.471
148.53
152.57
156.571
160.521
164.408
168.225
171.965
175.622
179.191
182.666
186.043
189.319
192.49
195.553
198.504
201.342
204.065
206.672
209.161
211.532
213.785
215.919
217.936
219.835
221.617
223.283
224.834
226.272
227.597
228.811
229.916
230.912
231.8
232.583
233.262
233.835
234.305
234.671
234.932
235.089
235.14
235.086
234.924
234.651
234.266
233.766
233.148
232.409
231.547
230.56
229.448
228.212
226.866
225.42
223.917
222.392
220.905
219.579
218.765
0.125985
0.0800686
0.0693974
0.067427
0.069071
0.0728129
0.0780382
0.0843357
0.0916802
0.100123
0.109751
0.120666
0.132977
0.146797
0.162237
0.179411
0.198431
0.219409
0.242466
0.267726
0.295328
0.325419
0.358165
0.393744
0.432352
0.474203
0.519527
0.568571
0.621603
0.678908
0.74079
0.807576
0.879615
0.957276
1.04096
1.13107
1.22808
1.33244
1.44466
1.56528
1.69486
1.83401
1.98335
2.14358
2.3154
2.49957
2.69692
2.90828
3.13457
3.37674
3.63581
3.91285
4.20899
4.52541
4.86337
5.22417
5.60919
6.01985
6.45765
6.92411
7.42083
7.94943
8.51157
9.10894
9.74323
10.4161
11.1294
11.8846
12.6834
13.5275
14.4184
15.3579
16.3476
17.3892
18.4848
19.6364
20.8464
22.1176
23.4527
24.8545
26.3259
27.8695
29.4878
31.1832
32.9582
34.8149
36.7556
38.7824
40.8972
43.1018
45.3977
47.7865
50.2694
52.8471
55.5206
58.2902
61.1561
64.118
67.1757
70.3283
73.5748
76.9138
80.3438
83.8628
87.4687
91.1592
94.9315
98.7829
102.71
106.71
110.779
114.913
119.108
123.358
127.657
132.001
136.38
140.788
145.214
149.65
154.085
158.509
162.904
167.247
171.527
175.735
179.859
183.894
187.831
191.664
195.386
198.994
202.481
205.843
209.075
212.175
215.139
217.965
220.65
223.193
225.593
227.85
229.962
231.931
233.756
235.439
236.981
238.382
239.644
240.769
241.76
242.619
243.347
243.948
244.423
244.776
245.008
245.122
245.12
245.002
244.771
244.43
243.979
243.419
242.75
241.973
241.088
240.097
238.997
237.788
236.473
235.055
233.529
231.919
230.233
228.503
226.758
225.05
223.463
222.239
0.163616
0.100845
0.0860723
0.0828465
0.0843339
0.0883011
0.0938537
0.100714
0.108788
0.118072
0.128611
0.140476
0.153753
0.168538
0.184931
0.203037
0.222965
0.244831
0.268756
0.294873
0.323327
0.354272
0.387881
0.424336
0.46384
0.506609
0.552877
0.602897
0.656942
0.715302
0.77829
0.84624
0.91951
0.99848
1.08355
1.17517
1.27377
1.37985
1.49393
1.61654
1.74828
1.88975
2.0416
2.20454
2.37929
2.56662
2.76737
2.9824
3.21263
3.45904
3.72266
4.00458
4.30594
4.62795
4.97187
5.33903
5.73081
6.14867
6.59411
7.06869
7.57405
8.11183
8.68377
9.29161
9.93715
10.6222
11.3487
12.1184
12.9334
13.7956
14.7069
15.6696
16.6857
17.7577
18.888
20.0793
21.3343
22.6561
24.0476
25.512
27.0523
28.6714
30.3723
32.1579
34.031
35.9942
38.0503
40.2017
42.4507
44.7996
47.2504
49.8047
52.4641
55.2298
58.1027
61.0834
64.1722
67.369
70.6734
74.0847
77.6018
81.2231
84.947
88.7715
92.6942
96.7127
100.824
105.025
109.313
113.684
118.135
122.66
127.257
131.918
136.639
141.412
146.229
151.079
155.954
160.84
165.726
170.598
175.422
180.185
184.873
189.474
193.98
198.38
202.666
206.831
210.867
214.769
218.528
222.141
225.602
228.906
232.049
235.028
237.841
240.485
242.959
245.261
247.392
249.35
251.137
252.753
254.199
255.477
256.588
257.535
258.321
258.948
259.421
259.741
259.913
259.942
259.83
259.581
259.199
258.687
258.05
257.291
256.416
255.426
254.324
253.114
251.798
250.381
248.864
247.244
245.533
243.734
241.847
239.89
237.874
235.824
233.764
231.735
229.789
228.102
0.202516
0.122189
0.102939
0.0982226
0.0990711
0.102874
0.108639
0.115936
0.124579
0.134506
0.145721
0.15827
0.17222
0.187655
0.204668
0.223362
0.243848
0.266245
0.290682
0.317298
0.346241
0.377673
0.411767
0.448708
0.488699
0.531955
0.578712
0.629222
0.683757
0.74261
0.806094
0.874547
0.948328
1.02782
1.11343
1.2056
1.30479
1.41149
1.52621
1.64952
1.78201
1.92429
2.07702
2.24092
2.41671
2.6052
2.80722
3.02365
3.25542
3.50355
3.76906
4.05308
4.35676
4.68134
5.02813
5.39847
5.7938
6.21561
6.66548
7.14502
7.65595
8.20003
8.7791
9.39504
10.0498
10.7455
11.4842
12.268
13.0993
13.9803
14.9135
15.9015
16.947
18.0527
19.2217
20.4571
21.7622
23.1402
24.5947
26.1291
27.747
29.4517
31.2467
33.1354
35.1212
37.2072
39.3967
41.6926
44.0977
46.6147
49.246
51.9937
54.8596
57.8454
60.952
64.1803
67.5306
71.003
74.597
78.3118
82.1462
86.0985
90.1669
94.3491
98.6425
103.044
107.551
112.161
116.869
121.671
126.565
131.545
136.607
141.745
146.952
152.221
157.542
162.904
168.295
173.699
179.102
184.48
189.794
195.034
200.184
205.234
210.172
214.988
219.673
224.217
228.612
232.85
236.925
240.829
244.557
248.101
251.458
254.624
257.596
260.37
262.946
265.321
267.494
269.465
271.235
272.804
274.172
275.342
276.315
277.095
277.684
278.087
278.307
278.348
278.216
277.915
277.451
276.827
276.051
275.127
274.061
272.859
271.528
270.074
268.501
266.812
265.015
263.12
261.128
259.04
256.868
254.618
252.294
249.913
247.486
245.035
242.577
240.143
237.762
235.573
0.24034
0.143075
0.119061
0.112393
0.112473
0.116093
0.121992
0.129597
0.138643
0.149015
0.160685
0.173676
0.188041
0.203855
0.22121
0.24021
0.26097
0.283613
0.308275
0.335099
0.364236
0.395848
0.430106
0.467194
0.507309
0.550664
0.597489
0.648032
0.702562
0.761368
0.824762
0.893076
0.96667
1.04592
1.13125
1.22307
1.32187
1.42812
1.54235
1.66512
1.79702
1.93867
2.09075
2.25396
2.42905
2.61683
2.81814
3.03387
3.26499
3.51251
3.77749
4.06108
4.36448
4.68896
5.03585
5.40659
5.80266
6.22563
6.67716
7.15899
7.67295
8.22094
8.80497
9.42715
10.0897
10.7948
11.5449
12.3426
13.1905
14.0913
15.048
16.0635
17.1412
18.2842
19.4962
20.7807
22.1416
23.5828
25.1082
26.7218
28.4277
30.2299
32.1326
34.1396
36.2549
38.4823
40.8256
43.2884
45.8739
48.5853
51.4256
54.3971
57.5021
60.7424
64.1193
67.6338
71.2862
75.0765
79.0041
83.0681
87.2671
91.5991
96.062
100.653
105.369
110.208
115.165
120.237
125.419
130.709
136.102
141.593
147.176
152.847
158.597
164.419
170.302
176.232
182.195
188.173
194.148
200.067
205.911
211.665
217.315
222.848
228.251
233.514
238.625
243.575
248.354
252.954
257.366
261.582
265.594
269.396
272.983
276.35
279.493
282.409
285.096
287.552
289.776
291.768
293.526
295.053
296.347
297.411
298.248
298.86
299.252
299.427
299.39
299.146
298.701
298.061
297.232
296.22
295.032
293.675
292.156
290.482
288.666
286.714
284.631
282.426
280.106
277.682
275.161
272.547
269.853
267.088
264.261
261.387
258.479
255.556
252.629
249.722
246.847
244.123
0.27503
0.161713
0.133235
0.12491
0.124321
0.127737
0.133676
0.141453
0.150733
0.16136
0.173278
0.186491
0.201043
0.217004
0.234467
0.253538
0.274337
0.296993
0.321646
0.348439
0.377522
0.409053
0.443197
0.480131
0.520044
0.563141
0.609645
0.659796
0.713856
0.772108
0.834856
0.902429
0.975179
1.05348
1.13774
1.22839
1.32588
1.43071
1.5434
1.66451
1.79462
1.93436
2.08441
2.24548
2.41832
2.60375
2.80263
3.01586
3.24443
3.48938
3.7518
4.03287
4.33384
4.65604
5.00087
5.36983
5.7645
6.18656
6.6378
7.1201
7.63546
8.18598
8.77389
9.40154
10.0714
10.7861
11.5484
12.3613
13.2276
14.1509
15.1343
16.1815
17.2963
18.4826
19.7446
21.0864
22.5125
24.0275
25.6359
27.3425
29.1519
31.0689
33.0982
35.2444
37.5122
39.906
42.4303
45.089
47.8862
50.8254
53.9101
57.143
60.5267
64.0632
67.754
71.6001
75.6016
79.7585
84.0697
88.534
93.1496
97.9143
102.825
107.879
113.073
118.402
123.864
129.452
135.164
140.995
146.939
152.992
159.148
165.402
171.745
178.169
184.661
191.206
197.786
204.381
210.948
217.435
223.83
230.118
236.284
242.313
248.193
253.912
259.457
264.818
269.985
274.947
279.696
284.223
288.518
292.573
296.383
299.944
303.25
306.299
309.088
311.614
313.877
315.876
317.611
319.083
320.29
321.235
321.921
322.352
322.531
322.464
322.155
321.61
320.834
319.837
318.624
317.204
315.583
313.771
311.776
309.607
307.276
304.793
302.166
299.405
296.52
293.524
290.427
287.238
283.971
280.639
277.253
273.83
270.383
266.928
263.476
260.043
256.629
253.343
0.304719
0.17758
0.145493
0.135769
0.13456
0.137721
0.143595
0.151401
0.16075
0.17145
0.183422
0.196658
0.211194
0.2271
0.244469
0.263414
0.284058
0.306536
0.330987
0.357551
0.386373
0.4176
0.451388
0.487902
0.52732
0.569838
0.615667
0.665038
0.718205
0.77544
0.837042
0.903328
0.974645
1.05136
1.13387
1.22261
1.31802
1.42059
1.53084
1.64932
1.77663
1.9134
2.06029
2.21803
2.38738
2.56917
2.76427
2.97362
3.19823
3.43916
3.69756
3.97467
4.2718
4.59034
4.93181
5.29779
5.69002
6.11031
6.56061
7.04302
7.55974
8.11314
8.70575
9.34024
10.0194
10.7464
11.5243
12.3565
13.2466
14.1984
15.216
16.3035
17.4653
18.7062
20.0309
21.4444
22.9521
24.559
26.2707
28.0927
30.0302
32.0889
34.2741
36.5912
39.0456
41.6423
44.3864
47.2825
50.335
53.548
56.9252
60.4697
64.1843
68.0711
72.1315
76.3665
80.7759
85.3588
90.1138
95.0391
100.132
105.39
110.81
116.387
122.117
127.996
134.018
140.18
146.475
152.898
159.444
166.108
172.883
179.763
186.741
193.808
200.948
208.145
215.374
222.605
229.757
236.814
243.759
250.576
257.25
263.766
270.11
276.269
282.231
287.985
293.518
298.82
303.882
308.696
313.245
317.525
321.528
325.251
328.689
331.838
334.696
337.26
339.528
341.501
343.179
344.564
345.65
346.443
346.946
347.164
347.1
346.76
346.15
345.275
344.142
342.759
341.135
339.278
337.197
334.901
332.4
329.705
326.829
323.783
320.578
317.226
313.741
310.137
306.426
302.623
298.743
294.801
290.814
286.797
282.767
278.737
274.717
270.72
266.736
262.87
0.330718
0.19145
0.156119
0.145099
0.143258
0.146089
0.15178
0.159474
0.168733
0.179336
0.191186
0.204266
0.218607
0.234282
0.251387
0.27004
0.290371
0.312516
0.336608
0.362782
0.391169
0.421904
0.455128
0.490993
0.529663
0.571323
0.616171
0.66443
0.71634
0.772166
0.832196
0.896741
0.966137
1.04075
1.12096
1.2072
1.29991
1.39957
1.50671
1.62187
1.74565
1.87868
2.02164
2.17527
2.34034
2.5177
2.70825
2.91297
3.13291
3.36918
3.62302
3.89572
4.1887
4.50347
4.84168
5.20508
5.59556
6.01516
6.46607
6.95063
7.47139
8.03104
8.63249
9.27886
9.97346
10.7198
11.5217
12.3832
13.3084
14.3018
15.3682
16.5126
17.7402
19.0565
20.4673
21.9784
23.596
25.3263
27.1756
29.1503
31.2566
33.5007
35.8886
38.4264
41.1202
43.9757
46.9982
50.193
53.5647
57.1175
60.8554
64.7816
68.8986
73.2086
77.7128
82.4117
87.3047
92.3893
97.6628
103.123
108.766
114.589
120.586
126.753
133.085
139.575
146.219
153.01
159.942
167.009
174.204
181.521
188.954
196.496
204.14
211.876
219.691
227.561
235.452
243.27
250.987
258.586
266.051
273.364
280.509
287.472
294.238
300.794
307.126
313.224
319.074
324.664
329.986
335.036
339.785
344.231
348.371
352.199
355.711
358.903
361.772
364.316
366.532
368.422
369.986
371.224
372.136
372.725
372.995
372.951
372.596
371.937
370.979
369.729
368.195
366.385
364.308
361.975
359.393
356.575
353.531
350.274
346.817
343.173
339.356
335.38
331.262
327.016
322.66
318.21
313.686
309.105
304.485
299.845
295.201
290.568
285.954
281.37
276.799
272.343
0.353624
0.203673
0.165333
0.153069
0.150563
0.152985
0.158386
0.16584
0.174868
0.185224
0.1968
0.20957
0.223566
0.238863
0.255564
0.273796
0.293691
0.315383
0.338998
0.364656
0.392474
0.422567
0.455063
0.490096
0.52782
0.568404
0.612037
0.658929
0.70931
0.763438
0.82159
0.884073
0.951215
1.02338
1.10094
1.18432
1.27397
1.37038
1.47405
1.58556
1.7055
1.83452
1.97333
2.12267
2.28337
2.4563
2.64242
2.84277
3.05846
3.29072
3.54087
3.81034
4.10072
4.41368
4.75107
5.11489
5.50729
5.93063
6.38743
6.88042
7.41258
7.98711
8.60746
9.27734
10.0007
10.7819
11.6254
12.536
13.5188
14.5791
15.7226
16.9553
18.2834
19.7136
21.2525
22.9073
24.685
26.5932
28.6391
30.8302
33.1735
35.6753
38.3422
41.181
44.198
47.3993
50.7906
54.377
58.163
62.1528
66.3497
70.7566
75.3757
80.2082
85.2549
90.5162
95.9912
101.673
107.557
113.64
119.919
126.388
133.04
139.87
146.871
154.037
161.36
168.835
176.453
184.207
192.088
200.091
208.207
216.429
224.751
233.162
241.656
250.19
258.651
266.999
275.22
283.296
291.21
298.946
306.489
313.821
320.93
327.8
334.421
340.78
346.863
352.657
358.151
363.336
368.196
372.726
376.918
380.767
384.269
387.421
390.219
392.661
394.745
396.473
397.844
398.86
399.522
399.834
399.798
399.42
398.706
397.66
396.289
394.601
392.605
390.309
387.723
384.858
381.724
378.333
374.698
370.832
366.75
362.467
357.999
353.363
348.577
343.658
338.628
333.505
328.311
323.067
317.794
312.51
307.235
301.984
296.764
291.587
286.423
281.382
0.374258
0.214607
0.17339
0.159905
0.156709
0.158662
0.163695
0.170815
0.179509
0.189511
0.200701
0.213049
0.226588
0.2414
0.2576
0.275321
0.294701
0.315866
0.33893
0.363994
0.391155
0.420514
0.452179
0.486273
0.522935
0.562323
0.604615
0.650012
0.698737
0.75104
0.807197
0.86751
0.93231
1.00195
1.07683
1.15736
1.24401
1.33726
1.43767
1.54579
1.66228
1.78781
1.92313
2.06903
2.22641
2.39623
2.57952
2.77744
2.99124
3.22231
3.47215
3.74242
4.03494
4.35169
4.69486
5.06683
5.4702
5.90779
6.38267
6.89817
7.45791
8.06584
8.72624
9.44374
10.2233
11.0703
11.9904
12.9897
14.0742
15.2505
16.5253
17.9059
19.4001
21.0154
22.7602
24.6425
26.6708
28.8536
31.1996
33.7173
36.4149
39.297
42.3698
45.6403
49.1151
52.7999
56.6998
60.819
65.1613
69.7294
74.5259
79.5522
84.8089
90.2961
96.013
101.96
108.141
114.534
121.135
127.941
134.948
142.147
149.532
157.095
164.827
172.721
180.771
188.968
197.304
205.769
214.353
223.047
231.843
240.734
249.71
258.759
267.863
276.893
285.799
294.565
303.173
311.608
319.853
327.892
335.708
343.287
350.613
357.673
364.458
370.957
377.151
383.027
388.572
393.776
398.629
403.122
407.249
411.004
414.382
417.38
419.995
422.225
424.07
425.53
426.605
427.298
427.611
427.548
427.111
426.308
425.143
423.623
421.755
419.547
417.01
414.152
410.983
407.516
403.762
399.734
395.447
390.916
386.156
381.185
376.021
370.682
365.19
359.566
353.831
348.009
342.124
336.198
330.255
324.318
318.404
312.53
306.704
300.937
295.186
289.566
0.393887
0.224698
0.180612
0.165921
0.162035
0.163512
0.168156
0.174917
0.183245
0.192856
0.203618
0.215495
0.228528
0.242808
0.258467
0.275652
0.294502
0.315132
0.337637
0.3621
0.388599
0.417221
0.448061
0.481231
0.516859
0.555094
0.596108
0.640097
0.687283
0.737918
0.792283
0.850688
0.913475
0.981018
1.05372
1.13204
1.21645
1.30749
1.40573
1.51183
1.62646
1.7504
1.88447
2.02961
2.18682
2.35722
2.54204
2.74264
2.96053
3.19739
3.45507
3.73562
4.0413
4.37463
4.7384
5.1357
5.56991
6.04475
6.5642
7.13251
7.75444
8.43518
9.18039
9.99619
10.8892
11.8664
12.9355
14.1045
15.3816
16.7734
18.2885
19.936
21.7251
23.6651
25.765
28.0342
30.4818
33.1171
35.9491
38.9877
42.2463
45.718
49.4075
53.3229
57.4696
61.8517
66.472
71.3325
76.4342
81.778
87.3638
93.1909
99.2574
105.561
112.097
118.862
125.853
133.06
140.474
148.092
155.903
163.899
172.07
180.406
188.899
197.539
206.321
215.241
224.286
233.441
242.695
252.036
261.452
270.941
280.48
290.045
299.502
308.824
317.991
326.987
335.795
344.401
352.788
360.942
368.847
376.486
383.846
390.914
397.676
404.121
410.234
416.001
421.412
426.457
431.125
435.408
439.3
442.794
445.887
448.575
450.856
452.727
454.189
455.243
455.889
456.13
455.969
455.411
454.458
453.118
451.396
449.3
446.837
444.018
440.851
437.348
433.519
429.376
424.933
420.205
415.207
409.956
404.469
398.764
392.863
386.786
380.556
374.197
367.733
361.189
354.592
347.967
341.339
334.731
328.164
321.655
315.211
308.846
302.507
296.313
0.413776
0.234454
0.187418
0.171563
0.16706
0.168142
0.172488
0.178979
0.18703
0.19633
0.206732
0.218196
0.230765
0.244557
0.259732
0.276458
0.294869
0.315066
0.337124
0.361109
0.38709
0.415144
0.445362
0.47785
0.512735
0.550165
0.590314
0.633385
0.679611
0.729261
0.78264
0.840091
0.901991
0.96876
1.04086
1.11879
1.20311
1.29445
1.39348
1.50097
1.61777
1.7448
1.88311
2.03388
2.19839
2.37811
2.57463
2.78977
3.02559
3.28439
3.56873
3.88144
4.22569
4.60507
5.02363
5.48592
5.99697
6.56241
7.18825
7.88003
8.64475
9.49005
10.4241
11.4556
12.5938
13.8486
15.2306
16.7519
18.4262
20.2526
22.2445
24.4127
26.7675
29.3183
32.0741
35.0434
38.2341
41.6535
45.3082
49.204
53.3458
57.7329
62.3661
67.2478
72.3786
77.7581
83.3847
89.2558
95.3686
101.72
108.308
115.129
122.177
129.447
136.932
144.624
152.518
160.605
168.884
177.346
185.979
194.771
203.711
212.788
221.991
231.313
240.751
250.314
259.976
269.714
279.514
289.363
299.228
309.116
318.91
328.534
337.99
347.272
356.368
365.264
373.949
382.408
390.626
398.59
406.284
413.694
420.805
427.603
434.075
440.21
445.992
451.411
456.455
461.114
465.378
469.24
472.693
475.73
478.348
480.544
482.314
483.658
484.575
485.066
485.134
484.78
484.009
482.824
481.23
479.234
476.843
474.063
470.905
467.377
463.491
459.257
454.687
449.795
444.595
439.103
433.336
427.311
421.048
414.567
407.889
401.039
394.041
386.921
379.704
372.418
365.091
357.749
350.421
343.13
335.898
328.745
321.677
314.709
307.785
301.022
0.43646
0.244321
0.194241
0.177405
0.172528
0.173494
0.177835
0.184355
0.19242
0.201689
0.211986
0.223259
0.235562
0.249064
0.26399
0.280527
0.298797
0.318876
0.340827
0.364717
0.39062
0.418624
0.44883
0.481354
0.516334
0.553934
0.594353
0.637823
0.684621
0.735067
0.789533
0.84844
0.912266
0.981544
1.05687
1.1389
1.22836
1.32609
1.43303
1.55024
1.67892
1.82044
1.97634
2.14842
2.33871
2.54951
2.78333
3.04313
3.33232
3.65483
4.01513
4.41802
4.8687
5.37353
5.93969
6.57523
7.28925
8.09236
8.99722
10.0081
11.1383
12.4003
13.8068
15.3706
17.1047
19.0219
21.135
23.4562
25.9966
28.763
31.7636
35.0059
38.4959
42.238
46.2354
50.4905
55.0042
59.7767
64.8063
70.0904
75.6253
81.4056
87.4263
93.6837
100.172
106.883
113.811
120.946
128.281
135.812
143.535
151.449
159.545
167.813
176.244
184.83
193.563
202.44
211.477
220.663
229.976
239.403
248.931
258.549
268.247
278.016
287.847
297.73
307.658
317.599
327.526
337.434
347.226
356.787
366.145
375.301
384.261
393.022
401.58
409.924
418.045
425.931
433.567
440.941
448.039
454.845
461.347
467.531
473.382
478.887
484.035
488.812
493.209
497.214
500.818
504.013
506.792
509.149
511.079
512.578
513.645
514.277
514.475
514.239
513.571
512.474
510.952
509.009
506.649
503.88
500.708
497.142
493.191
488.865
484.174
479.132
473.75
468.043
462.025
455.714
449.128
442.285
435.206
427.913
420.429
412.779
404.99
397.087
389.1
381.057
372.986
364.918
356.879
348.897
340.993
333.188
325.491
317.918
310.412
303.089
0.455093
0.252311
0.200324
0.18323
0.178612
0.180067
0.184988
0.192102
0.200728
0.210488
0.221179
0.23273
0.245221
0.258937
0.274193
0.291159
0.30992
0.33055
0.353135
0.377774
0.404583
0.433689
0.465233
0.499366
0.536261
0.576127
0.619226
0.66588
0.716473
0.771457
0.831356
0.896784
0.96845
1.04718
1.1339
1.22968
1.33568
1.45326
1.58403
1.72987
1.89299
2.07584
2.2814
2.51326
2.77567
3.07367
3.4121
3.79735
4.23697
4.73974
5.31651
5.9779
6.73342
7.59773
8.58617
9.71519
11.0023
12.4658
14.1241
15.9926
18.0883
20.4269
23.0228
25.888
29.0328
32.4649
36.1898
40.2102
44.526
49.1338
54.0281
59.2013
64.6444
70.347
76.2983
82.4876
88.9058
95.5421
102.384
109.42
116.637
124.023
131.572
139.283
147.145
155.144
163.27
171.512
179.863
188.319
196.891
205.595
214.406
223.313
232.305
241.377
250.523
259.744
269.042
278.412
287.845
297.336
306.873
316.442
326.03
335.642
345.247
354.816
364.356
373.809
383.096
392.126
400.935
409.519
417.893
426.064
434.038
441.815
449.392
456.762
463.914
470.839
477.524
483.956
490.122
496.007
501.598
506.88
511.839
516.462
520.737
524.649
528.189
531.345
534.107
536.467
538.416
539.949
541.059
541.743
541.997
541.819
541.209
540.166
538.693
536.791
534.463
531.715
528.55
524.975
520.996
516.623
511.864
506.729
501.229
495.377
489.185
482.669
475.844
468.727
461.337
453.693
445.819
437.735
429.467
421.04
412.482
403.82
395.085
386.306
377.512
368.735
360.002
351.342
342.778
334.333
326.017
317.848
309.771
301.904
0.474423
0.260352
0.207009
0.190175
0.186348
0.18881
0.194799
0.202956
0.212555
0.223193
0.234658
0.246877
0.260023
0.274587
0.290863
0.308953
0.328936
0.350927
0.375072
0.401549
0.430559
0.462317
0.497045
0.53497
0.576331
0.621416
0.670622
0.72447
0.783596
0.848756
0.92083
1.00086
1.0901
1.19008
1.30263
1.42989
1.57416
1.73826
1.92566
2.14065
2.38862
2.67506
3.00735
3.39469
3.84829
4.38335
5.01029
5.74686
6.61308
7.63089
8.82444
10.219
11.8403
13.7164
15.8754
18.3439
21.1463
24.3035
27.8317
31.7406
36.0348
40.713
45.7684
51.1896
56.9615
63.0657
69.4813
76.1857
83.1556
90.3681
97.7976
105.418
113.204
121.133
129.183
137.339
145.596
153.94
162.356
170.828
179.341
187.886
196.461
205.111
213.8
222.509
231.229
239.953
248.68
257.41
266.151
274.913
283.693
292.488
301.295
310.113
318.947
327.797
336.663
345.538
354.415
363.31
372.202
381.058
389.859
398.633
407.313
415.844
424.143
432.207
440.051
447.673
455.087
462.305
469.335
476.184
482.856
489.351
495.665
501.792
507.723
513.447
518.954
524.23
529.261
534.035
538.536
542.75
546.662
550.26
553.529
556.456
559.028
561.235
563.066
564.511
565.561
566.208
566.446
566.271
565.676
564.661
563.222
561.359
559.073
556.365
553.238
549.694
545.738
541.376
536.614
531.46
525.923
520.012
513.738
507.113
500.152
492.867
485.276
477.396
469.245
460.845
452.217
443.385
434.373
425.208
415.919
406.533
397.082
387.594
378.102
368.635
359.225
349.898
340.682
331.6
322.666
313.899
305.25
296.84
0.495608
0.269321
0.215777
0.200318
0.198374
0.202879
0.210887
0.220952
0.232302
0.244523
0.257434
0.271089
0.285924
0.302492
0.320983
0.34147
0.364085
0.389044
0.416643
0.44724
0.481238
0.519069
0.56118
0.60801
0.65996
0.717503
0.781372
0.852669
0.932817
1.02358
1.127
1.24553
1.38233
1.54142
1.728
1.94886
2.21074
2.52273
2.89637
3.3463
3.89358
4.55554
5.35918
6.33735
7.5279
8.97404
10.7198
12.8143
15.3071
18.2448
21.6685
25.6119
30.1003
35.1493
40.7644
46.9397
53.6585
60.8943
68.6115
76.7675
85.3143
94.1981
103.364
112.758
122.328
132.027
141.811
151.641
161.487
171.334
181.151
190.909
200.584
210.155
219.611
228.951
238.223
247.419
256.508
265.476
274.314
283.023
291.605
300.076
308.44
316.699
324.855
332.914
340.887
348.787
356.625
364.409
372.143
379.83
387.471
395.073
402.666
410.238
417.774
425.258
432.685
440.096
447.435
454.659
461.74
468.587
475.228
481.678
487.935
494.004
499.895
505.62
511.187
516.603
521.875
527.007
531.999
536.849
541.555
546.108
550.5
554.721
558.759
562.601
566.235
569.645
572.818
575.738
578.391
580.762
582.837
584.603
586.045
587.152
587.911
588.312
588.345
588.001
587.273
586.153
584.636
582.717
580.394
577.664
574.526
570.981
567.029
562.673
557.916
552.763
547.218
541.289
534.984
528.311
521.282
513.906
506.199
498.173
489.844
481.231
472.351
463.226
453.877
444.327
434.603
424.73
414.737
404.653
394.507
384.331
374.155
364.012
353.932
343.944
334.078
324.358
314.804
305.438
296.219
287.274
0.518247
0.280896
0.229588
0.21767
0.219634
0.228049
0.239781
0.253306
0.267834
0.283
0.298815
0.315672
0.334279
0.355127
0.378331
0.403986
0.432359
0.463931
0.499386
0.539572
0.585476
0.638207
0.698998
0.769158
0.849779
0.942097
1.04806
1.1711
1.31604
1.48951
1.69942
1.95531
2.27058
2.66291
3.15623
3.7867
4.58634
5.60249
6.89363
8.52934
10.5914
13.1668
16.3499
20.2345
24.9069
30.437
36.8721
44.2373
52.5329
61.7293
71.7686
82.573
94.0509
106.102
118.623
131.507
144.651
157.956
171.332
184.706
198.015
211.184
224.144
236.844
249.239
261.298
272.999
284.328
295.299
306.007
316.389
326.419
336.09
345.406
354.38
363.029
371.379
379.45
387.25
394.787
402.072
409.116
415.934
422.544
428.964
435.208
441.294
447.239
453.077
458.826
464.491
470.074
475.579
481.006
486.359
491.65
496.933
502.154
507.292
512.336
517.274
522.025
526.619
531.079
535.411
539.61
543.679
547.624
551.453
555.17
558.781
562.291
565.705
569.026
572.256
575.395
578.443
581.396
584.248
586.993
589.62
592.12
594.481
596.691
598.735
600.6
602.271
603.734
604.973
605.973
606.719
607.198
607.395
607.296
606.889
606.163
605.104
603.705
601.954
599.844
597.368
594.519
591.293
587.686
583.695
579.318
574.554
569.405
563.872
557.957
551.665
545.001
537.971
530.583
522.847
514.772
506.372
497.658
488.647
479.355
469.8
460.002
449.982
439.765
429.374
418.836
408.178
397.43
386.621
375.783
364.946
354.144
343.408
332.771
322.263
311.914
301.748
291.794
282.023
272.57
0.540475
0.300732
0.257282
0.253386
0.263221
0.279334
0.298434
0.319094
0.340732
0.363226
0.38688
0.412308
0.440375
0.471998
0.50742
0.546748
0.590649
0.640484
0.698301
0.766806
0.849406
0.950337
1.07493
1.23039
1.42282
1.65978
1.95146
2.3167
2.78374
3.39626
4.20938
5.29119
6.74195
8.69022
11.2987
14.7626
19.2779
25.0292
32.1803
40.8603
51.15
63.0719
76.5878
91.6017
107.966
125.491
143.961
163.164
182.902
202.982
223.173
243.264
263.074
282.452
301.276
319.452
336.907
353.592
369.479
384.644
399.15
412.901
425.861
438.026
449.408
460.03
469.922
479.119
487.663
495.613
503.006
509.874
516.251
522.182
527.705
532.847
537.633
542.087
546.232
550.092
553.689
557.046
560.188
563.137
565.918
568.551
571.054
573.449
575.79
578.071
580.28
582.417
584.489
586.505
588.468
590.374
592.147
593.839
595.472
597.061
598.609
600.114
601.578
603.004
604.395
605.752
607.077
608.369
609.629
610.857
612.052
613.215
614.346
615.444
616.507
617.532
618.516
619.454
620.339
621.163
621.916
622.59
623.171
623.648
624.007
624.235
624.318
624.241
623.988
623.546
622.898
622.032
620.931
619.582
617.973
616.088
613.917
611.448
608.67
605.574
602.15
598.39
594.288
589.837
585.033
579.872
574.35
568.467
562.222
555.615
548.648
541.325
533.65
525.628
517.267
508.577
499.567
490.249
480.637
470.746
460.594
450.198
439.581
428.763
417.77
406.626
395.359
383.998
372.572
361.113
349.654
338.228
326.871
315.617
304.502
293.561
282.827
272.334
262.072
252.181
0.553021
0.355104
0.332456
0.345997
0.374037
0.410924
0.453222
0.498862
0.547227
0.598405
0.652789
0.710976
0.774894
0.849864
0.936877
1.03571
1.14898
1.28277
1.447
1.65626
1.93128
2.30153
2.80941
3.52731
4.52561
5.90111
7.7701
10.3324
13.8647
18.7341
25.3749
34.2543
45.8248
60.4621
78.4059
99.7097
124.214
151.526
181.101
212.364
244.737
277.667
310.645
343.221
375.011
405.697
435.092
463.076
489.713
515.093
538.878
560.916
581.155
599.605
616.314
631.355
644.816
656.789
667.376
676.691
684.849
691.938
698.036
703.217
707.555
711.12
713.979
716.197
717.838
718.963
719.627
719.879
719.765
719.352
718.669
717.724
716.538
715.139
713.555
711.814
709.943
707.967
705.911
703.795
701.64
699.463
697.279
695.095
692.866
690.606
688.348
686.112
683.913
681.762
679.668
677.634
675.662
673.752
671.907
670.129
668.418
666.776
665.202
663.694
662.248
660.859
659.524
658.239
656.997
655.795
654.629
653.494
652.385
651.298
650.229
649.172
648.121
647.069
646.01
644.934
643.833
642.696
641.512
640.269
638.955
637.558
636.063
634.457
632.725
630.854
628.829
626.636
624.261
621.689
618.906
615.9
612.658
609.166
605.413
601.388
597.081
592.48
587.578
582.366
576.837
570.984
564.803
558.288
551.437
544.247
536.718
528.85
520.645
512.106
503.239
494.049
484.544
474.736
464.634
454.254
443.609
432.719
421.601
410.278
398.772
387.109
375.317
363.423
351.459
339.459
327.457
315.49
303.597
291.818
280.195
268.77
257.585
246.685
236.077
225.907
0.533518
0.625009
0.668889
0.746533
0.854522
1.00086
1.17815
1.37864
1.5994
1.84102
2.10555
2.39607
2.72426
3.1505
3.68843
4.33674
5.1175
6.08369
7.33265
9.02591
11.4218
14.927
20.1657
28.0466
39.7569
56.3183
78.4081
106.892
142.017
183.625
231.139
283.618
339.839
398.413
457.895
516.925
575.247
631.82
685.085
734.221
778.836
818.81
854.2
885.178
911.984
934.905
954.445
970.877
984.309
994.977
1003.12
1009
1012.84
1014.9
1015.4
1014.52
1012.46
1009.38
1005.41
1000.68
995.311
989.397
983.022
976.259
969.17
961.814
954.239
946.49
938.609
930.63
922.587
914.505
906.407
898.268
890.1
881.94
873.816
865.751
857.765
849.873
842.092
834.433
826.908
819.524
812.291
805.215
798.301
791.552
784.971
778.561
772.32
766.251
760.352
754.624
749.066
743.679
738.467
733.426
728.556
723.851
719.307
714.918
710.678
706.582
702.624
698.794
695.086
691.49
688.001
684.609
681.307
678.087
674.943
671.868
668.853
665.892
662.978
660.102
657.256
654.433
651.622
648.813
645.998
643.164
640.3
637.396
634.438
631.415
628.314
625.122
621.825
618.411
614.865
611.175
607.327
603.308
599.104
594.703
590.091
585.257
580.188
574.874
569.302
563.462
557.345
550.942
544.243
537.243
529.935
522.313
514.373
506.113
497.531
488.628
479.405
469.866
460.018
449.866
439.42
428.693
417.698
406.451
394.97
383.277
371.394
359.349
347.169
334.886
322.533
310.147
297.768
285.438
273.201
261.105
249.197
237.528
226.148
215.11
204.443
194.281
0.53988
3.38004
4.02283
4.50792
5.21985
6.32495
7.74332
9.42198
11.371
13.6268
16.2493
19.325
23.1195
28.89
37.5758
49.7947
66.392
88.4495
117.236
154.157
200.677
258.179
327.748
409.843
503.92
611.566
727.828
849.275
968.093
1079.09
1179.05
1266.23
1340.05
1400.73
1449.09
1486.26
1513.64
1532.62
1544.43
1550.19
1550.89
1547.41
1540.49
1530.78
1518.81
1505.04
1489.55
1472.58
1454.53
1435.71
1416.4
1396.77
1377
1357.18
1337.43
1317.8
1298.36
1279.14
1260.18
1241.5
1223.13
1205.08
1187.36
1169.97
1152.93
1136.23
1119.87
1103.85
1088.17
1072.83
1057.82
1043.13
1028.77
1014.73
1001.01
987.61
974.515
961.724
949.233
937.039
925.137
913.525
902.199
891.158
880.397
869.915
859.707
849.772
840.111
830.721
821.601
812.747
804.152
795.811
787.719
779.87
772.259
764.88
757.729
750.8
744.087
737.581
731.273
725.156
719.221
713.459
707.86
702.415
697.114
691.948
686.908
681.985
677.17
672.454
667.83
663.29
658.824
654.424
650.084
645.793
641.543
637.326
633.132
628.952
624.777
620.596
616.4
612.177
607.918
603.61
599.243
594.805
590.284
585.668
580.943
576.099
571.12
565.995
560.71
555.253
549.609
543.766
537.711
531.432
524.916
518.151
511.127
503.833
496.258
488.396
480.238
471.778
463.011
453.936
444.55
434.854
424.852
414.548
403.951
393.07
381.919
370.513
358.873
347.019
334.977
322.777
310.452
298.035
285.566
273.09
260.651
248.298
236.083
224.056
212.273
200.788
189.657
178.935
168.661
158.954
4.47716
56.1338
66.5247
76.8741
94.0018
119.442
153.528
196.767
249.965
314.179
390.668
480.784
585.794
710.976
854.58
1009.16
1168.88
1328.74
1484.39
1632.01
1768.34
1890.77
1997.39
2087.01
2159.17
2214.36
2253.29
2274.04
2278.95
2270.74
2252.11
2225.57
2193.29
2157.07
2118.32
2078.15
2037.36
1996.54
1956.1
1916.31
1877.34
1839.3
1802.24
1766.18
1731.13
1697.08
1664.05
1632.02
1600.97
1570.83
1541.57
1513.14
1485.48
1458.57
1432.38
1406.87
1382.02
1357.82
1334.23
1311.26
1288.87
1267.05
1245.8
1225.08
1204.89
1185.22
1166.04
1147.34
1129.11
1111.33
1094
1077.09
1060.59
1044.51
1028.82
1013.53
998.63
984.1
969.936
956.129
942.667
929.544
916.749
904.274
892.112
880.256
868.698
857.433
846.456
835.762
825.347
815.205
805.334
795.726
786.377
777.281
768.43
759.818
751.439
743.287
735.355
727.636
720.121
712.803
705.673
698.723
691.943
685.324
678.858
672.536
666.348
660.286
654.342
648.507
642.774
637.134
631.581
626.106
620.702
615.363
610.081
604.848
599.658
594.503
589.375
584.268
579.172
574.081
568.986
563.878
558.747
553.585
548.381
543.125
537.805
532.409
526.926
521.343
515.647
509.824
503.86
497.741
491.453
484.981
478.311
471.429
464.32
456.972
449.372
441.509
433.372
424.952
416.241
407.235
397.93
388.325
378.422
368.224
357.74
346.979
335.957
324.691
313.204
301.521
289.674
277.698
265.631
253.513
241.39
229.317
217.345
205.524
193.906
182.547
171.498
160.814
150.547
140.745
131.45
122.747
263.248
433.324
628.964
836.69
1044.43
1242.43
1423.78
1584.17
1721.33
1834.59
1924.39
1991.95
2039.06
2068.01
2081.26
2081.32
2070.6
2051.41
2025.86
1995.83
1962.95
1928.56
1893.76
1859.42
1826.16
1794.37
1764.32
1736.33
1710.4
1686.32
1663.85
1642.7
1622.59
1603.3
1584.61
1566.36
1548.42
1530.69
1513.09
1495.57
1478.13
1460.73
1443.38
1426.07
1408.79
1391.56
1374.39
1357.29
1340.3
1323.42
1306.67
1290.05
1273.57
1257.24
1241.04
1224.99
1209.09
1193.32
1177.7
1162.23
1146.9
1131.73
1116.72
1101.88
1087.2
1072.7
1058.37
1044.23
1030.27
1016.5
1002.92
989.527
976.332
963.334
950.535
937.937
925.544
913.355
901.372
889.594
878.02
866.649
855.479
844.508
833.734
823.154
812.766
802.569
792.561
782.74
773.106
763.656
754.391
745.308
736.406
727.685
719.14
710.768
702.567
694.533
686.663
678.952
671.396
663.988
656.725
649.6
642.608
635.741
628.994
622.361
615.835
609.41
603.08
596.841
590.685
584.607
578.603
572.668
566.797
560.984
555.226
549.518
543.855
538.233
532.648
527.095
521.568
516.063
510.574
505.095
499.619
494.139
488.648
483.137
477.595
472.014
466.382
460.686
454.915
449.055
443.092
437.011
430.796
424.432
417.904
411.195
404.291
397.175
389.834
382.254
374.423
366.33
357.967
349.328
340.409
331.21
321.733
311.983
301.969
291.706
281.215
270.516
259.638
248.61
237.478
226.282
215.063
203.863
192.736
181.756
170.959
160.387
150.085
140.101
130.482
121.27
112.507
104.226
96.4599
89.253
253.285
268.79
286.938
307.898
331.56
357.533
385.234
413.969
443.01
471.659
499.299
525.42
549.643
571.718
591.514
609.008
624.387
638.089
650.13
660.582
669.565
677.227
683.737
689.274
694.012
698.122
701.765
705.087
708.222
711.287
714.378
717.569
720.916
724.452
728.196
732.151
736.306
740.641
745.128
749.847
754.906
760.203
765.638
771.122
776.571
781.907
787.059
791.962
796.558
800.797
804.636
808.041
810.984
813.442
815.401
816.849
817.784
818.206
818.12
817.536
816.467
814.937
812.973
810.599
807.84
804.717
801.254
797.472
793.391
789.032
784.414
779.556
774.476
769.191
763.719
758.075
752.276
746.335
740.269
734.089
727.81
721.443
715
708.492
701.928
695.318
688.672
682
675.31
668.611
661.91
655.214
648.53
641.864
635.223
628.611
622.033
615.493
608.993
602.538
596.128
589.766
583.452
577.188
570.972
564.806
558.687
552.615
546.589
540.608
534.669
528.771
522.914
517.095
511.314
505.569
499.86
494.185
488.543
482.935
477.359
471.814
466.3
460.816
455.36
449.932
444.531
439.153
433.797
428.46
423.137
417.824
412.517
407.207
401.889
396.553
391.191
385.79
380.341
374.83
369.244
363.568
357.787
351.886
345.849
339.66
333.303
326.764
320.027
313.079
305.908
298.505
290.862
282.975
274.845
266.473
257.863
249.025
239.97
230.726
221.317
211.769
202.111
192.376
182.649
172.946
163.301
153.749
144.335
135.105
126.104
117.376
108.96
100.895
93.2133
85.944
79.11
72.729
66.8137
61.3835
86.6935
89.4329
92.5399
96.0608
100.031
104.464
109.351
114.659
120.332
126.299
132.48
138.787
145.135
151.443
157.639
163.663
169.469
175.032
180.334
185.362
190.112
194.588
198.8
202.765
206.503
210.041
213.405
216.628
219.739
222.772
225.759
228.732
231.724
234.766
237.889
241.12
244.486
248.011
251.717
255.627
259.765
264.149
268.791
273.702
278.886
284.343
290.07
296.06
302.302
308.781
315.48
322.377
329.448
336.668
344.007
351.433
358.916
366.419
373.909
381.35
388.708
396.036
403.309
410.476
417.488
424.303
430.881
437.187
443.192
448.869
454.196
459.156
463.735
467.923
471.715
475.107
478.1
480.696
482.902
484.725
486.173
487.258
487.992
488.386
488.454
488.212
487.677
486.864
485.79
484.468
482.911
481.132
479.142
476.955
474.581
472.031
469.316
466.447
463.433
460.283
457.007
453.613
450.109
446.502
442.8
439.009
435.134
431.182
427.159
423.068
418.916
414.707
410.446
406.138
401.787
397.398
392.976
388.525
384.049
379.553
375.041
370.518
365.986
361.45
356.913
352.377
347.845
343.318
338.797
334.284
329.776
325.273
320.772
316.27
311.761
307.24
302.699
298.131
293.526
288.873
284.16
279.376
274.507
269.539
264.459
259.252
253.905
248.405
242.739
236.896
230.868
224.647
218.231
211.624
204.829
197.851
190.697
183.379
175.912
168.355
160.723
153.031
145.304
137.57
129.867
122.231
114.7
107.31
100.098
93.1
86.3493
79.8768
73.7089
67.8678
62.3707
57.2296
52.4517
48.0395
43.9916
40.3097
44.6886
45.4168
46.202
47.0548
47.9851
49.0012
50.1083
51.3082
52.5987
53.974
55.4251
56.9401
58.5051
60.1052
61.7248
63.3488
64.9632
66.5554
68.1148
69.6324
71.101
72.5151
73.8709
75.1664
76.401
77.5755
78.6921
79.7539
80.7652
81.7309
82.6569
83.5496
84.4162
85.2641
86.1013
86.9361
87.7769
88.6324
89.5115
90.4233
91.3772
92.3828
93.4496
94.587
95.8046
97.1117
98.5174
100.031
101.66
103.415
105.302
107.33
109.506
111.837
114.329
116.988
119.819
122.825
126.01
129.376
132.922
136.651
140.563
144.656
148.926
153.365
157.963
162.71
167.591
172.592
177.695
182.88
188.129
193.421
198.732
204.041
209.324
214.559
219.722
224.791
229.746
234.563
239.226
243.714
248.012
252.119
256.047
259.775
263.287
266.569
269.611
272.405
274.944
277.226
279.249
281.013
282.519
283.771
284.773
285.529
286.046
286.329
286.387
286.225
285.851
285.274
284.501
283.54
282.399
281.086
279.609
277.977
276.199
274.282
272.235
270.067
267.787
265.403
262.923
260.357
257.711
254.994
252.213
249.377
246.49
243.56
240.593
237.593
234.564
231.51
228.434
225.338
222.22
219.083
215.922
212.737
209.523
206.275
202.987
199.652
196.262
192.808
189.281
185.672
181.969
178.164
174.246
170.206
166.037
161.732
157.286
152.696
147.972
143.133
138.175
133.1
127.915
122.63
117.26
111.827
106.354
100.865
95.3844
89.9391
84.5572
79.2667
74.0956
69.0705
64.2159
59.5541
55.1045
50.8828
46.9013
43.1682
39.6883
36.4625
33.4887
30.7618
28.2748
26.0225
30.129
30.3843
30.6505
30.9304
31.2265
31.5413
31.8769
32.2349
32.6163
33.0213
33.4492
33.8986
34.3672
34.8522
35.3503
35.8578
36.3709
36.8856
37.3984
37.9056
38.4042
38.8911
39.3639
39.8206
40.2594
40.6791
41.0788
41.4581
41.8166
42.1547
42.4728
42.7717
43.0524
43.3163
43.5648
43.7997
44.0228
44.2361
44.4417
44.6419
44.8391
45.0356
45.2342
45.4373
45.6477
45.8681
46.1014
46.3503
46.6176
46.9064
47.2195
47.56
47.9307
48.3349
48.7757
49.2561
49.7796
50.3493
50.9686
51.641
52.37
53.1591
54.0121
54.9328
55.9248
56.9917
58.1371
59.3643
60.6763
62.0761
63.566
65.1483
66.8244
68.5956
70.4623
72.4245
74.4812
76.6309
78.8709
81.1979
83.6075
86.0945
88.6525
91.2744
93.9518
96.6765
99.4402
102.233
105.045
107.863
110.676
113.472
116.237
118.958
121.624
124.221
126.738
129.164
131.487
133.699
135.79
137.753
139.58
141.266
142.805
144.195
145.431
146.512
147.437
148.206
148.82
149.281
149.591
149.754
149.774
149.655
149.403
149.023
148.522
147.906
147.182
146.355
145.435
144.425
143.335
142.169
140.933
139.634
138.276
136.865
135.403
133.894
132.341
130.746
129.108
127.43
125.709
123.944
122.133
120.273
118.36
116.389
114.356
112.255
110.082
107.83
105.495
103.073
100.558
97.9498
95.2453
92.4448
89.5509
86.5692
83.5058
80.3681
77.1649
73.907
70.6071
67.2797
63.9409
60.6079
57.2984
54.0303
50.8212
47.6882
44.6474
41.7131
38.898
36.2127
33.6656
31.2627
29.0075
26.9016
24.9443
23.1333
21.4645
19.933
18.5327
17.2596
23.3729
23.4778
23.5842
23.6929
23.8048
23.9207
24.0416
24.168
24.3009
24.4406
24.5874
24.7414
24.9024
25.0699
25.2434
25.4219
25.6044
25.7899
25.977
26.1646
26.3515
26.5364
26.7181
26.8957
27.0681
27.2346
27.3943
27.5466
27.6911
27.8273
27.9549
28.0739
28.1841
28.2855
28.3784
28.463
28.5395
28.6085
28.6702
28.7254
28.7745
28.8182
28.8572
28.8922
28.924
28.9533
28.9811
29.0082
29.0354
29.0637
29.0939
29.127
29.1639
29.2055
29.2528
29.3068
29.3685
29.4388
29.5188
29.6095
29.7119
29.8272
29.9563
30.1005
30.2609
30.4386
30.6348
30.8508
31.0877
31.3468
31.6293
31.9364
32.2693
32.6293
33.0175
33.435
33.8832
34.3629
34.8754
35.4215
36.0021
36.618
37.2699
37.9582
38.6833
39.4453
40.2443
41.0798
41.9515
42.8583
43.7991
44.7724
45.776
46.8076
47.8644
48.9432
50.0404
51.1522
52.2741
53.4017
54.53
55.654
56.7684
57.8679
58.947
60.0004
61.0227
62.0088
62.9536
63.8524
64.7009
65.4951
66.2316
66.9072
67.5195
68.0664
68.5466
68.9591
69.3036
69.5803
69.7896
69.9327
70.0109
70.026
69.9798
69.8746
69.7127
69.4963
69.2278
68.9094
68.5433
68.1313
67.6751
67.176
66.6352
66.0533
65.4305
64.7668
64.0615
63.3139
62.5226
61.6862
60.8028
59.8704
58.8871
57.8508
56.7596
55.612
54.4069
53.1437
51.8224
50.4439
49.0102
47.5242
45.9899
44.4125
42.7978
41.1527
39.4849
37.8026
36.1147
34.4305
32.7591
31.1098
29.4914
27.9119
26.379
24.8991
23.4778
22.1196
20.8276
19.6041
18.4503
17.3662
16.3512
15.4038
14.5222
13.704
12.9465
12.2491
19.5624
19.6099
19.6555
19.7001
19.7441
19.788
19.8324
19.8777
19.9242
19.9724
20.0226
20.0748
20.1293
20.186
20.245
20.3062
20.3692
20.4339
20.4999
20.5668
20.6343
20.7018
20.7689
20.8352
20.9002
20.9634
21.0246
21.0832
21.1389
21.1915
21.2407
21.2861
21.3277
21.3652
21.3985
21.4276
21.4525
21.4731
21.4896
21.5018
21.5101
21.5145
21.5152
21.5124
21.5062
21.4971
21.4851
21.4706
21.4539
21.4352
21.415
21.3934
21.371
21.3479
21.3246
21.3014
21.2786
21.2567
21.236
21.2168
21.1996
21.1847
21.1724
21.1633
21.1575
21.1556
21.158
21.1649
21.1767
21.194
21.217
21.2462
21.2819
21.3244
21.3743
21.4318
21.4973
21.5712
21.6538
21.7455
21.8466
21.9574
22.0783
22.2095
22.3512
22.5039
22.6676
22.8426
23.0289
23.2269
23.4364
23.6576
23.8903
24.1345
24.39
24.6564
24.9334
25.2206
25.5173
25.823
26.1367
26.4577
26.785
27.1174
27.4538
27.7928
28.1331
28.4731
28.8114
29.1463
29.4762
29.7994
30.1143
30.4192
30.7125
30.9926
31.2582
31.5078
31.7402
31.9542
32.1489
32.3234
32.4771
32.6093
32.7196
32.8078
32.8736
32.9169
32.9378
32.9363
32.9126
32.8666
32.7985
32.7083
32.5962
32.462
32.3055
32.1266
31.9249
31.6998
31.4509
31.1775
30.8788
30.5539
30.2022
29.8227
29.4148
28.9778
28.5112
28.0149
27.4889
26.9335
26.3496
25.7384
25.1014
24.4407
23.7588
23.0585
22.3432
21.6161
20.8811
20.142
19.4027
18.6669
17.9385
17.221
16.5174
15.8309
15.1638
14.5183
13.8961
13.2985
12.7264
12.1804
11.6609
11.1677
10.7009
10.2601
9.84489
9.45631
17.5048
17.5277
17.5488
17.568
17.5855
17.6016
17.6166
17.6308
17.6448
17.6587
17.6728
17.687
17.7017
17.717
17.7329
17.7495
17.7668
17.7847
17.8032
17.822
17.8412
17.8605
17.8797
17.8987
17.9171
17.9349
17.9518
17.9676
17.9822
17.9952
18.0066
18.0161
18.0237
18.0292
18.0324
18.0333
18.0319
18.0279
18.0215
18.0126
18.0011
17.9872
17.9708
17.9519
17.9307
17.9072
17.8815
17.8538
17.824
17.7923
17.7589
17.724
17.6875
17.6497
17.6108
17.5709
17.5301
17.4887
17.4467
17.4044
17.362
17.3195
17.2772
17.2353
17.1939
17.1532
17.1134
17.0745
17.0369
17.0007
16.9659
16.9329
16.9017
16.8724
16.8454
16.8206
16.7982
16.7784
16.7613
16.7469
16.7355
16.7271
16.7219
16.7198
16.7211
16.7257
16.7338
16.7454
16.7605
16.7791
16.8014
16.8272
16.8567
16.8897
16.9262
16.9663
17.0096
17.0563
17.1061
17.1589
17.2145
17.2727
17.3333
17.3959
17.4604
17.5264
17.5936
17.6615
17.7298
17.7981
17.8659
17.9328
17.9984
18.0621
18.1235
18.1822
18.2376
18.2894
18.337
18.3801
18.4183
18.4513
18.4786
18.5001
18.5154
18.5242
18.5265
18.5219
18.5104
18.4918
18.4659
18.4328
18.3921
18.3439
18.2881
18.2243
18.1527
18.0728
17.9845
17.8876
17.7818
17.6667
17.5421
17.4075
17.2626
17.107
16.9403
16.7622
16.5724
16.3707
16.1568
15.9308
15.6928
15.4429
15.1815
14.909
14.6262
14.3339
14.033
13.7245
13.4097
13.0899
12.7663
12.4404
12.1135
11.7869
11.4621
11.1402
10.8225
10.51
10.2038
9.90459
9.61333
9.33063
9.05708
8.79317
8.53933
8.29592
8.06325
7.84252
16.135
16.1462
16.1558
16.1635
16.1694
16.1735
16.1759
16.1767
16.1763
16.1747
16.1721
16.1687
16.1647
16.1602
16.1555
16.1506
16.1456
16.1406
16.1355
16.1305
16.1253
16.1201
16.1148
16.1092
16.1033
16.0971
16.0904
16.0831
16.0751
16.0664
16.0567
16.0461
16.0345
16.0216
16.0075
15.9921
15.9753
15.957
15.9373
15.9159
15.893
15.8685
15.8424
15.8147
15.7854
15.7545
15.722
15.6879
15.6524
15.6154
15.577
15.5373
15.4962
15.4539
15.4105
15.366
15.3205
15.274
15.2267
15.1787
15.13
15.0807
15.0309
14.9807
14.9302
14.8794
14.8286
14.7777
14.7268
14.676
14.6255
14.5752
14.5253
14.4759
14.427
14.3788
14.3312
14.2843
14.2383
14.1931
14.1489
14.1057
14.0635
14.0223
13.9823
13.9435
13.9058
13.8693
13.8341
13.8002
13.7674
13.736
13.7059
13.677
13.6494
13.623
13.5979
13.574
13.5512
13.5296
13.509
13.4895
13.4708
13.453
13.4359
13.4194
13.4034
13.3878
13.3725
13.3572
13.3419
13.3264
13.3105
13.294
13.2769
13.2589
13.2399
13.2197
13.1981
13.1751
13.1504
13.1239
13.0956
13.0653
13.0329
12.9982
12.9614
12.9221
12.8805
12.8365
12.7899
12.7408
12.6892
12.6349
12.578
12.5184
12.456
12.3908
12.3227
12.2517
12.1776
12.1003
12.0197
11.9357
11.8481
11.7568
11.6616
11.5624
11.459
11.3512
11.2389
11.1221
11.0006
10.8745
10.7437
10.6083
10.4684
10.3241
10.1758
10.0236
9.86789
9.7091
9.54763
9.38396
9.2186
9.0521
8.88502
8.71793
8.55143
8.3861
8.22251
8.06122
7.90279
7.74771
7.59646
7.44951
7.30728
7.17017
7.03865
6.91347
15.0385
15.0399
15.0402
15.0393
15.0373
15.0339
15.0291
15.0231
15.0156
15.0069
14.9969
14.9857
14.9734
14.9601
14.9459
14.9309
14.9151
14.8987
14.8817
14.8642
14.8461
14.8277
14.8088
14.7896
14.77
14.75
14.7297
14.7089
14.6877
14.666
14.6439
14.6212
14.5979
14.574
14.5493
14.524
14.4978
14.4707
14.4428
14.4139
14.3841
14.3534
14.3216
14.2889
14.2551
14.2202
14.1844
14.1475
14.1095
14.0705
14.0305
13.9895
13.9476
13.9046
13.8608
13.8161
13.7704
13.724
13.6768
13.6288
13.5801
13.5308
13.4808
13.4303
13.3793
13.3277
13.2758
13.2234
13.1708
13.1178
13.0646
13.0112
12.9577
12.904
12.8503
12.7966
12.743
12.6894
12.6359
12.5826
12.5295
12.4766
12.4239
12.3716
12.3195
12.2678
12.2165
12.1656
12.115
12.065
12.0154
11.9662
11.9176
11.8696
11.822
11.7751
11.7287
11.6828
11.6376
11.5929
11.5487
11.505
11.4619
11.4192
11.3769
11.335
11.2934
11.2521
11.211
11.17
11.1291
11.0882
11.0472
11.0061
10.9648
10.9232
10.8813
10.8389
10.7961
10.7527
10.7087
10.664
10.6186
10.5725
10.5256
10.4778
10.4292
10.3798
10.3294
10.2782
10.2261
10.173
10.119
10.0641
10.0082
9.95143
9.89369
9.83498
9.7753
9.71461
9.6529
9.59013
9.52626
9.46125
9.39504
9.32758
9.2588
9.18864
9.11703
9.0439
8.96919
8.89283
8.81477
8.73497
8.6534
8.57005
8.48491
8.39803
8.30945
8.21926
8.12758
8.03453
7.9403
7.84509
7.74912
7.65267
7.55601
7.45946
7.36334
7.268
7.17379
7.08108
6.99023
6.90162
6.8156
6.73257
6.65289
6.577
6.5054
6.43851
14.2081
14.1991
14.1896
14.1794
14.1685
14.157
14.1446
14.1315
14.1175
14.1026
14.0869
14.0703
14.0528
14.0344
14.0152
13.9951
13.9742
13.9525
13.9301
13.9069
13.883
13.8584
13.8331
13.8073
13.7809
13.754
13.7265
13.6985
13.6699
13.6409
13.6115
13.5816
13.5513
13.5206
13.4893
13.4576
13.4253
13.3926
13.3594
13.3256
13.2913
13.2564
13.2209
13.1848
13.1481
13.1107
13.0727
13.034
12.9946
12.9546
12.9138
12.8724
12.8303
12.7876
12.7441
12.7001
12.6553
12.61
12.564
12.5174
12.4702
12.4225
12.3742
12.3255
12.2762
12.2264
12.1761
12.1255
12.0744
12.023
11.9712
11.919
11.8666
11.8139
11.761
11.7078
11.6544
11.6009
11.5472
11.4933
11.4394
11.3854
11.3314
11.2773
11.2232
11.1692
11.1151
11.0612
11.0073
10.9535
10.8999
10.8466
10.7934
10.7405
10.6879
10.6356
10.5836
10.5319
10.4806
10.4296
10.3789
10.3285
10.2784
10.2286
10.179
10.1297
10.0806
10.0317
9.98296
9.93436
9.88586
9.83744
9.78907
9.74071
9.69235
9.64393
9.59545
9.54687
9.49816
9.4493
9.40027
9.35105
9.30162
9.25197
9.20208
9.15196
9.10158
9.05095
9.00006
8.94892
8.89753
8.84588
8.79398
8.74183
8.68945
8.63682
8.58396
8.53087
8.47755
8.42399
8.37019
8.31614
8.26184
8.20728
8.15243
8.09728
8.04182
7.98603
7.92987
7.87333
7.81638
7.75901
7.70121
7.64294
7.58422
7.52504
7.46542
7.40537
7.34494
7.28418
7.22316
7.16196
7.10069
7.03947
6.97846
6.91783
6.85775
6.79844
6.74013
6.68307
6.62752
6.57378
6.52216
6.47299
6.42664
6.38353
6.34413
6.30898
6.2788
6.25385
13.6291
13.6097
13.5899
13.5699
13.5496
13.529
13.5081
13.4867
13.465
13.4427
13.4201
13.3969
13.3733
13.3491
13.3244
13.2992
13.2734
13.247
13.2201
13.1927
13.1647
13.1362
13.1072
13.0776
13.0475
13.0169
12.9858
12.9542
12.922
12.8893
12.8562
12.8225
12.7884
12.7539
12.7189
12.6835
12.6477
12.6115
12.5749
12.5379
12.5006
12.4628
12.4246
12.3861
12.3471
12.3078
12.268
12.2278
12.1872
12.1462
12.1047
12.0628
12.0205
11.9777
11.9345
11.8908
11.8467
11.8022
11.7572
11.7119
11.666
11.6198
11.5732
11.5261
11.4787
11.4309
11.3827
11.3342
11.2853
11.236
11.1865
11.1366
11.0864
11.0359
10.9852
10.9342
10.8829
10.8314
10.7797
10.7278
10.6758
10.6235
10.5711
10.5186
10.4659
10.4132
10.3603
10.3074
10.2544
10.2015
10.1487
10.096
10.0434
9.99099
9.93871
9.88657
9.83459
9.78276
9.73111
9.67963
9.62831
9.57718
9.52621
9.47542
9.4248
9.37434
9.32404
9.2739
9.2239
9.17405
9.12433
9.07474
9.02526
8.97589
8.92663
8.87745
8.82836
8.77934
8.73039
8.6815
8.63268
8.5839
8.53518
8.48651
8.43789
8.38931
8.34078
8.29231
8.24389
8.19552
8.14722
8.09899
8.05082
8.00274
7.95474
7.90683
7.85901
7.8113
7.76369
7.7162
7.66882
7.62156
7.57443
7.52742
7.48054
7.43379
7.38718
7.34071
7.29438
7.24819
7.20217
7.1563
7.11061
7.06511
7.01983
6.97478
6.93001
6.88556
6.84147
6.79782
6.75467
6.71212
6.67025
6.6292
6.5891
6.5501
6.51237
6.47612
6.44156
6.40894
6.37856
6.35072
6.32581
6.30426
6.28657
6.27335
6.26534
6.26344
6.26886
6.2819
13.2668
13.2378
13.2087
13.1796
13.1505
13.1212
13.0918
13.0623
13.0326
13.0027
12.9727
12.9424
12.9119
12.8812
12.8502
12.819
12.7875
12.7556
12.7235
12.6911
12.6584
12.6253
12.5919
12.5582
12.5242
12.4899
12.4552
12.4201
12.3848
12.349
12.313
12.2766
12.2399
12.2028
12.1655
12.1277
12.0897
12.0513
12.0126
11.9735
11.9341
11.8944
11.8544
11.814
11.7734
11.7325
11.6914
11.6499
11.6082
11.5662
11.5239
11.4814
11.4386
11.3955
11.3521
11.3084
11.2645
11.2203
11.1758
11.1311
11.086
11.0407
10.9951
10.9493
10.9032
10.8568
10.8102
10.7633
10.7161
10.6687
10.6211
10.5732
10.5251
10.4767
10.4282
10.3794
10.3304
10.2813
10.2319
10.1824
10.1327
10.0829
10.0329
9.98275
9.93251
9.88218
9.83177
9.78128
9.73075
9.68019
9.62962
9.57908
9.52857
9.47811
9.42772
9.3774
9.32717
9.27703
9.22699
9.17707
9.12726
9.07758
9.02804
8.97863
8.92937
8.88026
8.83131
8.78252
8.73389
8.68543
8.63714
8.58902
8.54108
8.49332
8.44574
8.39834
8.35113
8.3041
8.25726
8.21061
8.16416
8.11791
8.07185
8.026
7.98036
7.93492
7.8897
7.8447
7.79993
7.75538
7.71107
7.667
7.62317
7.57959
7.53627
7.49322
7.45043
7.40793
7.36571
7.32378
7.28216
7.24085
7.19987
7.15922
7.11892
7.07898
7.03942
7.00025
6.96151
6.9232
6.88536
6.84801
6.8112
6.77495
6.73932
6.70435
6.6701
6.63664
6.60405
6.5724
6.5418
6.51236
6.4842
6.45746
6.43232
6.40895
6.38757
6.36844
6.35182
6.33807
6.32757
6.32078
6.31827
6.3207
6.32889
6.34387
6.36691
6.39962
6.44416
6.5013
13.0676
13.0314
12.9952
12.9589
12.9226
12.8864
12.85
12.8137
12.7772
12.7408
12.7042
12.6676
12.6308
12.594
12.5571
12.5201
12.4829
12.4456
12.4082
12.3707
12.333
12.2951
12.2571
12.2189
12.1805
12.142
12.1033
12.0644
12.0254
11.9861
11.9467
11.9071
11.8673
11.8273
11.7871
11.7467
11.7061
11.6653
11.6244
11.5832
11.5419
11.5003
11.4586
11.4166
11.3745
11.3322
11.2898
11.2471
11.2043
11.1612
11.1181
11.0747
11.0312
10.9875
10.9437
10.8997
10.8555
10.8112
10.7667
10.7221
10.6773
10.6323
10.5872
10.542
10.4965
10.451
10.4052
10.3594
10.3133
10.2672
10.2208
10.1744
10.1278
10.081
10.0341
9.98712
9.93998
9.89271
9.84534
9.79785
9.75025
9.70257
9.65479
9.60693
9.559
9.51101
9.46298
9.4149
9.36679
9.31867
9.27055
9.22244
9.17435
9.12631
9.07831
9.03039
8.98253
8.93477
8.88711
8.83956
8.79212
8.74483
8.69767
8.65067
8.60383
8.55716
8.51067
8.46438
8.41828
8.37239
8.32671
8.28126
8.23604
8.19106
8.14633
8.10185
8.05763
8.01367
7.96999
7.92659
7.88347
7.84065
7.79812
7.7559
7.71398
7.67238
7.6311
7.59015
7.54952
7.50924
7.46929
7.42969
7.39045
7.35157
7.31305
7.27491
7.23715
7.19978
7.16281
7.12626
7.09013
7.05444
7.0192
6.98443
6.95016
6.9164
6.88318
6.85054
6.8185
6.7871
6.75639
6.72641
6.69721
6.66886
6.64143
6.61498
6.58961
6.56541
6.54248
6.52096
6.50096
6.48266
6.46622
6.45185
6.43978
6.43027
6.42364
6.42025
6.42053
6.42498
6.43423
6.44902
6.47026
6.49907
6.53687
6.58543
6.64703
6.72458
6.822
6.94132
12.9722
12.9315
12.8907
12.8498
12.8089
12.768
12.727
12.686
12.6449
12.6037
12.5625
12.5212
12.4799
12.4385
12.397
12.3555
12.3139
12.2722
12.2304
12.1886
12.1467
12.1047
12.0626
12.0205
11.9783
11.936
11.8936
11.8511
11.8086
11.7659
11.7232
11.6804
11.6375
11.5945
11.5515
11.5083
11.4651
11.4218
11.3784
11.3349
11.2914
11.2478
11.204
11.1602
11.1164
11.0724
11.0284
10.9843
10.9402
10.8959
10.8516
10.8073
10.7628
10.7183
10.6737
10.6291
10.5844
10.5397
10.4948
10.45
10.405
10.36
10.315
10.2698
10.2247
10.1794
10.1341
10.0888
10.0434
9.9979
9.95238
9.90681
9.86118
9.81551
9.76979
9.72403
9.67822
9.63237
9.58649
9.54058
9.49464
9.44869
9.40271
9.35673
9.31075
9.26478
9.21881
9.17288
9.12697
9.0811
9.03529
8.98953
8.94385
8.89825
8.85274
8.80734
8.76205
8.7169
8.67187
8.627
8.58229
8.53776
8.4934
8.44924
8.40529
8.36155
8.31804
8.27477
8.23175
8.18899
8.1465
8.10429
8.06236
8.02074
7.97943
7.93844
7.89778
7.85745
7.81747
7.77784
7.73857
7.69967
7.66115
7.62301
7.58525
7.5479
7.51094
7.4744
7.43827
7.40255
7.36727
7.33241
7.298
7.26403
7.23052
7.19747
7.16489
7.1328
7.1012
7.07011
7.03955
7.00954
6.98008
6.95123
6.92299
6.8954
6.8685
6.84233
6.81693
6.79237
6.7687
6.74599
6.72432
6.70377
6.68443
6.66643
6.64988
6.63492
6.6217
6.61041
6.60124
6.59443
6.59024
6.58897
6.59099
6.5967
6.60658
6.62123
6.64134
6.66773
6.70142
6.74366
6.796
6.86038
6.93926
7.03581
7.15411
7.29949
7.47911
7.69783
12.9308
12.8878
12.8447
12.8015
12.7582
12.7148
12.6713
12.6278
12.5841
12.5403
12.4964
12.4525
12.4084
12.3643
12.3201
12.2758
12.2314
12.187
12.1425
12.0979
12.0533
12.0086
11.9638
11.919
11.8741
11.8292
11.7842
11.7392
11.6941
11.649
11.6039
11.5587
11.5135
11.4683
11.423
11.3778
11.3325
11.2872
11.2419
11.1966
11.1512
11.1059
11.0606
11.0153
10.9699
10.9246
10.8793
10.834
10.7887
10.7434
10.6981
10.6529
10.6076
10.5624
10.5172
10.472
10.4268
10.3816
10.3365
10.2914
10.2462
10.2012
10.1561
10.1111
10.066
10.0211
9.97608
9.93113
9.88621
9.84131
9.79645
9.75161
9.7068
9.66202
9.61728
9.57257
9.52791
9.48329
9.43872
9.39419
9.34973
9.30533
9.26099
9.21673
9.17255
9.12845
9.08445
9.04055
8.99676
8.95309
8.90955
8.86614
8.82288
8.77977
8.73683
8.69406
8.65147
8.60908
8.5669
8.52493
8.48318
8.44168
8.40042
8.35942
8.31869
8.27825
8.23809
8.19824
8.15871
8.1195
8.08063
8.0421
8.00394
7.96615
7.92873
7.89171
7.85509
7.81887
7.78307
7.74771
7.71277
7.67829
7.64425
7.61067
7.57756
7.54493
7.51278
7.48111
7.44994
7.41927
7.38911
7.35946
7.33034
7.30176
7.27371
7.24622
7.2193
7.19295
7.16721
7.14208
7.11759
7.09376
7.07063
7.04823
7.02659
7.00577
6.98582
6.96679
6.94875
6.93178
6.91597
6.90141
6.88822
6.87652
6.86646
6.8582
6.85193
6.84785
6.8462
6.84725
6.85133
6.8588
6.87007
6.88563
6.90607
6.93206
6.96442
7.0041
7.05229
7.11039
7.18015
7.26373
7.36384
7.48387
7.62821
7.80253
8.01425
8.27309
8.59224
8.98232
12.913
12.8691
12.8251
12.781
12.7367
12.6924
12.6479
12.6033
12.5586
12.5137
12.4688
12.4238
12.3786
12.3334
12.2881
12.2427
12.1972
12.1516
12.106
12.0603
12.0145
11.9687
11.9228
11.8769
11.831
11.785
11.739
11.6929
11.6469
11.6008
11.5548
11.5087
11.4626
11.4166
11.3705
11.3245
11.2785
11.2325
11.1866
11.1407
11.0948
11.049
11.0032
10.9575
10.9118
10.8662
10.8206
10.7751
10.7297
10.6843
10.639
10.5937
10.5485
10.5034
10.4584
10.4134
10.3685
10.3237
10.2789
10.2343
10.1897
10.1451
10.1007
10.0563
10.0121
9.96788
9.92378
9.87976
9.83583
9.79199
9.74825
9.70461
9.66106
9.61762
9.57428
9.53106
9.48795
9.44496
9.4021
9.35936
9.31676
9.27431
9.232
9.18985
9.14787
9.10605
9.06441
9.02296
8.9817
8.94065
8.89981
8.85919
8.81879
8.77864
8.73874
8.69909
8.65971
8.6206
8.58179
8.54326
8.50505
8.46716
8.42959
8.39236
8.35548
8.31896
8.28281
8.24705
8.21167
8.17671
8.14216
8.10803
8.07434
8.0411
8.00832
7.97601
7.94418
7.91284
7.882
7.85166
7.82185
7.79256
7.7638
7.73559
7.70794
7.68084
7.65431
7.62836
7.60299
7.57822
7.55405
7.5305
7.50757
7.48528
7.46365
7.44268
7.4224
7.40283
7.38399
7.36591
7.34863
7.33219
7.31662
7.30199
7.28835
7.27577
7.26432
7.25411
7.24523
7.2378
7.23196
7.22785
7.22565
7.22556
7.22781
7.23266
7.2404
7.25137
7.26596
7.28463
7.3079
7.33637
7.37077
7.41194
7.46085
7.5187
7.58689
7.66712
7.76144
7.87237
8.00299
8.15714
8.33962
8.55655
8.81575
9.12741
9.50495
9.96605
10.5347
11.2326
12.9077
12.8638
12.8198
12.7757
12.7315
12.6872
12.6428
12.5983
12.5537
12.5091
12.4644
12.4197
12.3748
12.33
12.2851
12.2401
12.1951
12.1501
12.105
12.0599
12.0148
11.9697
11.9246
11.8795
11.8344
11.7893
11.7442
11.6992
11.6542
11.6092
11.5642
11.5193
11.4745
11.4297
11.3849
11.3402
11.2956
11.251
11.2065
11.1621
11.1177
11.0734
11.0292
10.985
10.941
10.897
10.8531
10.8093
10.7655
10.7219
10.6783
10.6349
10.5915
10.5482
10.505
10.4619
10.4189
10.3761
10.3333
10.2906
10.248
10.2055
10.1632
10.121
10.0789
10.0369
9.99501
9.95329
9.91171
9.87026
9.82897
9.78783
9.74686
9.70604
9.6654
9.62494
9.58466
9.54458
9.50469
9.46501
9.42555
9.38631
9.3473
9.30853
9.27
9.23173
9.19372
9.15599
9.11854
9.08138
9.04451
9.00796
8.97172
8.93581
8.90023
8.865
8.83013
8.79562
8.76148
8.72772
8.69436
8.66141
8.62886
8.59675
8.56506
8.53383
8.50305
8.47273
8.4429
8.41356
8.38472
8.35639
8.32858
8.30132
8.2746
8.24843
8.22284
8.19783
8.17342
8.1496
8.12641
8.10384
8.08191
8.06062
8.04
8.02005
8.00079
7.98223
7.96437
7.94725
7.93087
7.91525
7.90041
7.88638
7.87318
7.86084
7.84939
7.83888
7.82933
7.82082
7.81339
7.80711
7.80207
7.79834
7.79604
7.79528
7.79619
7.79892
7.80367
7.81061
7.82
7.83208
7.84716
7.86558
7.88774
7.9141
7.94518
7.98158
8.024
8.07326
8.13032
8.19627
8.27243
8.36034
8.46184
8.57909
8.7147
8.87182
9.05421
9.2665
9.51433
9.80466
10.1462
10.5498
11.0294
11.6032
12.2949
13.1359
14.1693
15.4371
12.9186
12.8759
12.8332
12.7904
12.7477
12.705
12.6622
12.6195
12.5768
12.5342
12.4916
12.449
12.4064
12.3639
12.3214
12.279
12.2367
12.1944
12.1521
12.11
12.0678
12.0258
11.9838
11.9419
11.9001
11.8584
11.8167
11.7751
11.7336
11.6921
11.6508
11.6095
11.5683
11.5271
11.4861
11.4451
11.4042
11.3634
11.3227
11.282
11.2415
11.201
11.1605
11.1202
11.0799
11.0397
10.9996
10.9596
10.9197
10.8798
10.8401
10.8004
10.7608
10.7214
10.682
10.6428
10.6036
10.5646
10.5257
10.487
10.4484
10.4099
10.3716
10.3334
10.2955
10.2577
10.2201
10.1827
10.1455
10.1085
10.0718
10.0352
9.99896
9.96293
9.92717
9.89167
9.85645
9.82152
9.78688
9.75255
9.71853
9.68484
9.65147
9.61844
9.58576
9.55344
9.52148
9.48989
9.45868
9.42786
9.39744
9.36742
9.33782
9.30864
9.2799
9.25159
9.22373
9.19633
9.1694
9.14294
9.11697
9.0915
9.06654
9.04209
9.01817
8.9948
8.97197
8.94972
8.92804
8.90696
8.88648
8.86662
8.84739
8.82882
8.81091
8.79369
8.77717
8.76136
8.74629
8.73197
8.71842
8.70567
8.69372
8.68262
8.67237
8.663
8.65454
8.64702
8.64047
8.63492
8.63041
8.62698
8.62468
8.62355
8.62366
8.62507
8.62785
8.63209
8.63788
8.64534
8.65457
8.66573
8.67898
8.69449
8.71247
8.73316
8.75683
8.78379
8.81439
8.84904
8.88819
8.93237
8.98219
9.03834
9.10163
9.17298
9.25346
9.3443
9.44695
9.56308
9.69464
9.84394
10.0137
10.207
10.4276
10.6801
10.9695
11.3022
11.6857
12.129
12.6427
13.2402
13.9373
14.754
15.715
16.8522
18.2074
19.836
21.8153
24.2247
12.9682
12.9293
12.8904
12.8517
12.8132
12.7748
12.7366
12.6985
12.6606
12.6228
12.5852
12.5477
12.5103
12.4731
12.436
12.3991
12.3623
12.3256
12.289
12.2525
12.2161
12.1798
12.1437
12.1076
12.0715
12.0356
11.9998
11.964
11.9283
11.8926
11.857
11.8214
11.7859
11.7505
11.7151
11.6797
11.6444
11.6092
11.5739
11.5387
11.5036
11.4685
11.4335
11.3985
11.3636
11.3287
11.294
11.2593
11.2247
11.1902
11.1558
11.1216
11.0875
11.0535
11.0197
10.986
10.9526
10.9193
10.8863
10.8534
10.8208
10.7885
10.7564
10.7246
10.6931
10.6619
10.631
10.6005
10.5702
10.5404
10.5109
10.4817
10.453
10.4246
10.3966
10.3691
10.3419
10.3152
10.2889
10.2631
10.2377
10.2128
10.1883
10.1643
10.1408
10.1178
10.0952
10.0732
10.0516
10.0305
10.01
9.98995
9.97043
9.95143
9.93296
9.91504
9.89766
9.88084
9.86458
9.84889
9.83379
9.81928
9.80538
9.7921
9.77946
9.76746
9.75614
9.7455
9.73556
9.72636
9.7179
9.71021
9.70332
9.69726
9.69205
9.68772
9.6843
9.68184
9.68036
9.6799
9.68051
9.68223
9.68509
9.68917
9.69449
9.70113
9.70915
9.7186
9.72958
9.74215
9.75641
9.77245
9.79038
9.81033
9.83243
9.85682
9.88367
9.91319
9.94556
9.98105
10.0199
10.0624
10.109
10.16
10.2158
10.277
10.3441
10.4179
10.4989
10.5881
10.6864
10.795
10.915
11.0481
11.1957
11.3599
11.5429
11.7472
11.9758
12.2322
12.5203
12.8447
13.2108
13.6248
14.0941
14.627
15.2332
15.9244
16.7136
17.6164
18.6508
19.8382
21.2037
22.7772
24.5957
26.7051
29.1658
32.059
35.5043
39.6293
13.1131
13.0822
13.0517
13.0214
12.9913
12.9615
12.9319
12.9025
12.8732
12.8442
12.8153
12.7865
12.7579
12.7293
12.7008
12.6725
12.6441
12.6159
12.5876
12.5594
12.5312
12.503
12.4748
12.4466
12.4183
12.39
12.3617
12.3334
12.305
12.2766
12.2482
12.2197
12.1912
12.1627
12.1341
12.1056
12.077
12.0485
12.02
11.9915
11.9631
11.9348
11.9066
11.8785
11.8505
11.8226
11.7949
11.7675
11.7402
11.7132
11.6864
11.6599
11.6337
11.6078
11.5822
11.557
11.5322
11.5078
11.4838
11.4603
11.4372
11.4146
11.3924
11.3708
11.3497
11.3292
11.3092
11.2898
11.271
11.2527
11.2351
11.218
11.2016
11.1858
11.1706
11.1561
11.1422
11.129
11.1164
11.1044
11.0931
11.0824
11.0724
11.063
11.0542
11.0462
11.0387
11.0319
11.0257
11.0202
11.0153
11.011
11.0074
11.0045
11.0022
11.0005
10.9996
10.9993
10.9997
11.0007
11.0026
11.0051
11.0084
11.0125
11.0174
11.0231
11.0297
11.0371
11.0456
11.055
11.0654
11.0769
11.0896
11.1035
11.1186
11.135
11.1528
11.1721
11.1929
11.2154
11.2396
11.2657
11.2937
11.3238
11.3561
11.3907
11.4278
11.4675
11.5101
11.5557
11.6046
11.6569
11.7129
11.773
11.8373
11.9064
11.9805
12.0601
12.1456
12.2377
12.3369
12.4438
12.5593
12.6842
12.8195
12.9661
13.1255
13.2989
13.4879
13.6943
13.9202
14.1678
14.4397
14.739
15.069
15.4336
15.8373
16.285
16.7825
17.3363
17.9538
18.6434
19.4146
20.2782
21.2462
22.3322
23.5515
24.9209
26.4591
28.1871
30.1277
32.3067
34.7527
37.4983
40.5824
44.0532
47.9755
52.444
57.6212
63.7032
13.4553
13.4378
13.4204
13.4031
13.3859
13.3688
13.3516
13.3344
13.3172
13.2999
13.2825
13.265
13.2474
13.2297
13.2117
13.1936
13.1753
13.1569
13.1382
13.1193
13.1003
13.081
13.0616
13.042
13.0222
13.0023
12.9823
12.9621
12.9419
12.9216
12.9012
12.8808
12.8605
12.8402
12.8199
12.7997
12.7797
12.7599
12.7402
12.7208
12.7016
12.6827
12.6642
12.6461
12.6284
12.6111
12.5943
12.578
12.5622
12.5471
12.5325
12.5186
12.5054
12.4929
12.4812
12.4702
12.46
12.4507
12.4422
12.4345
12.4278
12.422
12.4172
12.4132
12.4103
12.4083
12.4074
12.4074
12.4084
12.4104
12.4135
12.4175
12.4226
12.4287
12.4357
12.4438
12.4528
12.4628
12.4738
12.4857
12.4985
12.5123
12.527
12.5426
12.5591
12.5765
12.5947
12.6138
12.6337
12.6545
12.6762
12.6987
12.722
12.7462
12.7712
12.7971
12.8239
12.8516
12.8803
12.9099
12.9405
12.9722
13.005
13.0389
13.074
13.1105
13.1482
13.1875
13.2282
13.2707
13.3148
13.3608
13.4088
13.459
13.5114
13.5663
13.6238
13.6841
13.7474
13.8139
13.8838
13.9575
14.0351
14.1169
14.2033
14.2946
14.3911
14.4933
14.6015
14.7163
14.838
14.9674
15.1049
15.2512
15.407
15.5732
15.7505
15.94
16.1427
16.3598
16.5925
16.8424
17.1111
17.4002
17.712
18.0485
18.4123
18.8062
19.2333
19.6972
20.2017
20.7513
21.3508
22.0057
22.7222
23.5071
24.3678
25.3127
26.351
27.4927
28.7489
30.1314
31.653
33.3274
35.169
37.1928
39.4144
41.8496
44.5142
47.4239
50.5945
54.0417
57.7817
61.8312
66.2159
70.9691
76.1415
81.8404
88.3123
95.9049
14.1368
14.1355
14.1337
14.1315
14.1289
14.1257
14.1221
14.1179
14.1133
14.1081
14.1025
14.0963
14.0897
14.0826
14.0751
14.0672
14.0589
14.0502
14.0413
14.032
14.0225
14.0128
14.0029
13.9929
13.9828
13.9728
13.9627
13.9528
13.943
13.9334
13.9241
13.915
13.9064
13.8981
13.8904
13.8832
13.8766
13.8707
13.8655
13.8611
13.8575
13.8548
13.8531
13.8524
13.8527
13.8542
13.8569
13.8609
13.8662
13.8728
13.8808
13.8902
13.9012
13.9137
13.9278
13.9435
13.9608
13.9799
14.0006
14.0231
14.0473
14.0734
14.1011
14.1307
14.1621
14.1953
14.2302
14.2669
14.3054
14.3457
14.3877
14.4314
14.4768
14.5239
14.5726
14.6229
14.6748
14.7282
14.7832
14.8396
14.8975
14.9568
15.0175
15.0796
15.1429
15.2077
15.2737
15.341
15.4096
15.4795
15.5506
15.6231
15.6969
15.772
15.8486
15.9265
16.006
16.087
16.1696
16.254
16.3402
16.4284
16.5186
16.611
16.7059
16.8033
16.9034
17.0065
17.1128
17.2226
17.336
17.4535
17.5752
17.7016
17.833
17.9699
18.1125
18.2613
18.4169
18.5797
18.7503
18.9292
19.1171
19.3146
19.5225
19.7414
19.9722
20.2159
20.4732
20.7453
21.0333
21.3382
21.6615
22.0044
22.3684
22.7553
23.1668
23.6047
24.0713
24.5687
25.0996
25.6666
26.2727
26.9213
27.616
28.3606
29.1595
30.0174
30.9395
31.9312
32.9986
34.1482
35.3872
36.723
38.1636
39.7175
41.3935
43.2008
45.1488
47.2469
49.5046
51.9308
54.5341
57.3221
60.3013
63.4769
66.8523
70.4287
74.2055
78.1802
82.3507
86.7158
91.271
96.0113
100.977
106.185
111.666
117.532
124.017
131.764
15.319
15.3325
15.3449
15.3563
15.3667
15.3762
15.3849
15.3927
15.3997
15.406
15.4117
15.4168
15.4214
15.4256
15.4294
15.4329
15.4363
15.4396
15.4428
15.4461
15.4496
15.4534
15.4575
15.462
15.4671
15.4728
15.4792
15.4864
15.4946
15.5038
15.5141
15.5257
15.5386
15.5529
15.5688
15.5864
15.6057
15.6269
15.65
15.6753
15.7027
15.7324
15.7646
15.7992
15.8365
15.8764
15.9191
15.9647
16.0133
16.0649
16.1196
16.1775
16.2387
16.3032
16.371
16.4423
16.517
16.5952
16.6768
16.762
16.8507
16.9429
17.0387
17.1379
17.2406
17.3468
17.4564
17.5693
17.6856
17.8051
17.9279
18.0538
18.1828
18.3148
18.4497
18.5875
18.7282
18.8716
19.0177
19.1664
19.3176
19.4714
19.6276
19.7863
19.9474
20.1109
20.2767
20.445
20.6156
20.7887
20.9643
21.1425
21.3233
21.5069
21.6934
21.883
22.0757
22.2719
22.4717
22.6755
22.8834
23.0957
23.3129
23.5353
23.7633
23.9973
24.2378
24.4853
24.7404
25.0037
25.2757
25.5571
25.8487
26.1512
26.4655
26.7923
27.1327
27.4875
27.8577
28.2445
28.649
29.0724
29.5159
29.981
30.4689
30.9812
31.5195
32.0854
32.6807
33.3073
33.967
34.6621
35.3947
36.1672
36.9819
37.8417
38.7492
39.7074
40.7195
41.7888
42.9188
44.1134
45.3764
46.712
48.1246
49.6187
51.1992
52.8708
54.6387
56.5079
58.4836
60.5708
62.7744
65.0992
67.5493
70.1287
72.8404
75.6867
78.6688
81.7868
85.0394
88.4238
91.9353
95.5678
99.3128
103.16
107.098
111.113
115.19
119.318
123.503
127.753
132.038
136.338
140.647
144.976
149.372
153.997
159.153
165.954
17.2142
17.2411
17.2669
17.2917
17.3156
17.3387
17.3611
17.3829
17.4044
17.4256
17.4466
17.4677
17.489
17.5105
17.5326
17.5552
17.5787
17.6031
17.6287
17.6556
17.6839
17.7138
17.7456
17.7794
17.8154
17.8538
17.8948
17.9385
17.9852
18.0351
18.0883
18.1451
18.2058
18.2704
18.3392
18.4124
18.4903
18.573
18.6608
18.7538
18.8523
18.9564
19.0664
19.1825
19.3048
19.4336
19.5689
19.7109
19.8599
20.0159
20.1791
20.3496
20.5275
20.7128
20.9058
21.1063
21.3145
21.5303
21.7539
21.9851
22.224
22.4705
22.7245
22.9861
23.255
23.5312
23.8146
24.1051
24.4025
24.7066
25.0174
25.3346
25.6582
25.9879
26.3235
26.665
27.0122
27.3648
27.7229
28.0862
28.4547
28.8283
29.2068
29.5903
29.9787
30.3721
30.7704
31.1737
31.5821
31.9958
32.4149
32.8397
33.2703
33.7071
34.1505
34.6007
35.0583
35.5238
35.9976
36.4804
36.9728
37.4755
37.9893
38.5149
39.0533
39.6055
40.1722
40.7547
41.3541
41.9714
42.608
43.2651
43.944
44.6463
45.3733
46.1265
46.9076
47.7182
48.56
49.4347
50.3441
51.2901
52.2745
53.2993
54.3664
55.478
56.6359
57.8424
59.0996
60.4096
61.7746
63.1967
64.6783
66.2215
67.8286
69.5017
71.243
73.0548
74.9391
76.8979
78.9331
81.0467
83.2402
85.5151
87.8727
90.3139
92.8394
95.4495
98.1439
100.922
103.783
106.724
109.743
112.836
116.001
119.23
122.519
125.86
129.245
132.665
136.111
139.57
143.032
146.483
149.91
153.299
156.634
159.901
163.085
166.211
169.254
172.197
175.024
177.723
180.291
182.749
185.153
187.704
190.759
196.166
20.2445
20.2903
20.3359
20.3816
20.4274
20.4738
20.5208
20.5689
20.6182
20.6691
20.7219
20.7768
20.8342
20.8944
20.9577
21.0244
21.0949
21.1695
21.2487
21.3326
21.4217
21.5165
21.6172
21.7243
21.8381
21.9591
22.0878
22.2245
22.3697
22.5239
22.6874
22.8609
23.0447
23.2393
23.4453
23.663
23.8931
24.1359
24.392
24.6619
24.9459
25.2447
25.5586
25.888
26.2334
26.5952
26.9738
27.3694
27.7825
28.2132
28.6619
29.1288
29.614
30.1176
30.6398
31.1806
31.7399
32.3177
32.9139
33.5283
34.1608
34.811
35.4787
36.1635
36.8651
37.583
38.3167
39.0658
39.8298
40.6082
41.4003
42.2056
43.0236
43.8537
44.6953
45.548
46.4111
47.2843
48.167
49.0588
49.9593
50.8683
51.7854
52.7104
53.6432
54.5837
55.5319
56.4879
57.4517
58.4237
59.4041
60.3933
61.3918
62.4002
63.4191
64.4492
65.4913
66.5464
67.6155
68.6995
69.7996
70.9171
72.0532
73.2092
74.3866
75.5867
76.8113
78.0617
79.3396
80.6466
81.9844
83.3547
84.7591
86.1994
87.6772
89.1942
90.752
92.3523
93.9964
95.686
97.4224
99.2069
101.041
102.925
104.861
106.849
108.89
110.984
113.132
115.335
117.591
119.901
122.265
124.681
127.149
129.668
132.235
134.85
137.51
140.213
142.957
145.738
148.554
151.4
154.273
157.168
160.081
163.007
165.94
168.876
171.806
174.726
177.629
180.506
183.351
186.155
188.91
191.607
194.237
196.79
199.257
201.628
203.891
206.037
208.055
209.933
211.661
213.228
214.623
215.84
216.872
217.71
218.345
218.77
218.983
219.026
218.945
218.949
219.401
223.279
25.4501
25.5413
25.6363
25.7355
25.8394
25.9485
26.0633
26.1846
26.3129
26.4489
26.5932
26.7466
26.9097
27.0833
27.2682
27.4651
27.6748
27.8982
28.1361
28.3895
28.6593
28.9464
29.2518
29.5766
29.9218
30.2885
30.6778
31.091
31.5291
31.9934
32.4851
33.0055
33.5559
34.1375
34.7516
35.3995
36.0826
36.8019
37.5589
38.3547
39.1904
40.0672
40.986
41.948
42.9539
44.0044
45.1004
46.2423
47.4305
48.6652
49.9467
51.2748
52.6493
54.0699
55.5359
57.0466
58.6011
60.1983
61.8369
63.5154
65.2322
66.9857
68.7738
70.5946
72.446
74.3258
76.2316
78.1612
80.1122
82.0823
84.069
86.0701
88.0834
90.1065
92.1374
94.1742
96.2149
98.2579
100.301
102.344
104.385
106.423
108.457
110.486
112.51
114.529
116.543
118.551
120.554
122.552
124.546
126.537
128.525
130.512
132.499
134.486
136.477
138.471
140.47
142.477
144.492
146.518
148.556
150.608
152.675
154.759
156.861
158.984
161.129
163.296
165.488
167.705
169.948
172.218
174.517
176.843
179.198
181.582
183.995
186.435
188.903
191.398
193.919
196.464
199.031
201.619
204.226
206.849
209.486
212.133
214.788
217.447
220.106
222.761
225.408
228.043
230.662
233.258
235.828
238.367
240.869
243.329
245.741
248.099
250.399
252.635
254.8
256.889
258.895
260.814
262.638
264.362
265.98
267.485
268.871
270.131
271.259
272.249
273.093
273.784
274.315
274.68
274.869
274.876
274.692
274.309
273.719
272.912
271.881
270.616
269.109
267.349
265.327
263.032
260.456
257.607
254.508
251.344
248.404
250.362
36.2648
36.526
36.805
37.1025
37.4201
37.7594
38.1222
38.51
38.9245
39.3677
39.8412
40.3471
40.8872
41.4638
42.0788
42.7346
43.4334
44.1778
44.97
45.8129
46.7091
47.6613
48.6724
49.7454
50.8833
52.0892
53.3663
54.7177
56.1467
57.6565
59.2504
60.9314
62.7027
64.5674
66.5283
68.5882
70.7497
73.015
75.3862
77.8651
80.4531
83.1512
85.96
88.8797
91.9098
95.0497
98.2977
101.652
105.11
108.669
112.324
116.072
119.908
123.827
127.822
131.887
136.016
140.202
144.436
148.712
153.022
157.357
161.711
166.074
170.439
174.798
179.145
183.472
187.772
192.039
196.267
200.45
204.585
208.665
212.689
216.651
220.551
224.385
228.152
231.851
235.481
239.043
242.537
245.963
249.323
252.619
255.853
259.026
262.141
265.201
268.209
271.167
274.079
276.947
279.776
282.567
285.324
288.051
290.75
293.423
296.074
298.705
301.318
303.916
306.5
309.072
311.634
314.186
316.73
319.265
321.794
324.314
326.827
329.332
331.827
334.312
336.784
339.243
341.685
344.109
346.512
348.89
351.24
353.559
355.842
358.085
360.285
362.435
364.532
366.57
368.544
370.449
372.279
374.028
375.691
377.262
378.735
380.105
381.366
382.513
383.539
384.44
385.211
385.845
386.339
386.688
386.886
386.929
386.814
386.534
386.088
385.469
384.674
383.7
382.541
381.194
379.653
377.915
375.975
373.826
371.464
368.883
366.075
363.034
359.752
356.222
352.434
348.38
344.049
339.43
334.512
329.279
323.715
317.804
311.526
304.869
297.817
290.529
283.031
282.062
68.4737
69.4656
70.535
71.6855
72.9228
74.2515
75.676
77.2005
78.8299
80.569
82.4228
84.3967
86.496
88.7266
91.0943
93.6051
96.2653
99.0812
102.059
105.206
108.528
112.032
115.725
119.612
123.7
127.996
132.504
137.231
142.18
147.357
152.764
158.405
164.282
170.395
176.745
183.33
190.149
197.198
204.471
211.962
219.663
227.566
235.659
243.93
252.366
260.951
269.67
278.504
287.437
296.448
305.517
314.624
323.749
332.87
341.966
351.016
360
368.898
377.692
386.362
394.893
403.269
411.475
419.499
427.329
434.954
442.368
449.564
456.535
463.279
469.794
476.079
482.134
487.962
493.566
498.95
504.119
509.078
513.835
518.397
522.771
526.966
530.99
534.852
538.559
542.122
545.548
548.846
552.024
555.09
558.052
560.917
563.692
566.383
568.996
571.537
574.01
576.42
578.771
581.067
583.309
585.5
587.643
589.737
591.784
593.784
595.737
597.641
599.496
601.3
603.05
604.744
606.379
607.951
609.456
610.891
612.252
613.532
614.727
615.832
616.842
617.75
618.55
619.236
619.803
620.243
620.55
620.717
620.739
620.608
620.318
619.862
619.235
618.431
617.443
616.266
614.894
613.323
611.548
609.564
607.368
604.956
602.324
599.469
596.389
593.082
589.544
585.775
581.772
577.533
573.057
568.342
563.387
558.187
552.742
547.049
541.104
534.902
528.44
521.713
514.714
507.436
499.872
492.013
483.85
475.372
466.57
457.432
447.945
438.094
427.864
417.235
406.185
394.687
382.708
370.213
357.129
343.522
329.045
320.34
82.2649
80.9415
79.7159
78.5859
77.5491
76.6037
75.7482
74.9812
74.3017
73.7089
73.2021
72.781
72.4452
72.1946
72.0294
71.9497
71.9561
72.0491
72.2294
72.4978
72.8552
73.3028
73.8417
74.4732
75.1984
76.0188
76.9356
77.9503
79.064
80.2781
81.5937
83.0118
84.5331
86.1585
87.8881
89.7223
91.6608
93.7031
95.8482
98.0948
100.441
102.885
105.423
108.052
110.769
113.569
116.447
119.397
122.414
125.491
128.621
131.798
135.012
138.258
141.525
144.807
148.095
151.38
154.655
157.911
161.14
164.336
167.491
170.598
173.651
176.645
179.575
182.436
185.225
187.938
190.573
193.128
195.602
197.995
200.306
202.536
204.687
206.759
208.755
210.677
212.529
214.312
216.031
217.69
219.291
220.839
222.337
223.791
225.203
226.578
227.92
229.233
230.52
231.786
233.034
234.267
235.489
236.703
237.911
239.116
240.322
241.529
242.74
243.958
245.183
246.417
247.662
248.917
250.185
251.465
252.759
254.065
255.385
256.718
258.063
259.421
260.789
262.169
263.558
264.954
266.358
267.767
269.179
270.593
272.006
273.416
274.822
276.219
277.606
278.98
280.337
281.674
282.988
284.275
285.53
286.751
287.932
289.07
290.158
291.192
292.167
293.078
293.917
294.68
295.36
295.95
296.445
296.835
297.115
297.278
297.315
297.219
296.982
296.598
296.058
295.357
294.487
293.443
292.22
290.814
289.223
287.445
285.48
283.331
281.002
278.499
275.832
273.01
270.047
266.958
263.755
260.452
257.059
253.579
250.01
246.34
242.574
238.559
235.225
230.246
586.779
607.162
618.022
632.127
647.165
661.492
675.365
689.072
702.904
717.147
732.104
748.1
765.498
784.673
806.097
830.152
857.579
888.466
924.589
964.192
1013.89
1062.44
1140.19
1190.24
1381.43
308.309
316.247
322.238
327.57
332.396
336.588
340.283
343.6
346.646
349.522
352.332
355.186
358.207
361.526
365.293
369.65
374.794
380.837
388.113
396.509
406.945
418.264
433.964
448.686
477.925
248.92
253.527
257.64
261.32
264.454
267.011
269.056
270.659
271.888
272.807
273.484
273.992
274.414
274.838
275.366
276.098
277.156
278.639
280.706
283.404
287.023
291.395
297.313
303.995
313.901
227.873
231.023
234.066
236.77
238.979
240.657
241.835
242.559
242.876
242.836
242.493
241.907
241.148
240.293
239.428
238.646
238.047
237.73
237.808
238.368
239.543
241.39
244.063
247.715
252.093
220.371
222.586
224.802
226.745
228.246
229.255
229.78
229.849
229.496
228.76
227.69
226.34
224.774
223.066
221.3
219.566
217.96
216.581
215.527
214.899
214.775
215.273
216.342
218.357
220.296
219.451
220.928
222.417
223.68
224.547
224.957
224.899
224.387
223.445
222.106
220.413
218.418
216.184
213.788
211.311
208.847
206.492
204.346
202.503
201.065
200.089
199.706
199.784
200.737
201.335
222.331
223.15
223.956
224.564
224.816
224.641
224.014
222.939
221.43
219.516
217.237
214.644
211.803
208.79
205.693
202.608
199.632
196.869
194.409
192.356
190.75
189.722
189.103
189.296
189.041
227.628
227.812
227.95
227.905
227.534
226.764
225.559
223.914
221.835
219.347
216.489
213.314
209.89
206.297
202.627
198.981
195.46
192.168
189.195
186.641
184.536
183.005
181.854
181.469
180.614
234.53
234.076
233.542
232.834
231.823
230.436
228.634
226.399
223.735
220.663
217.222
213.467
209.468
205.313
201.1
196.932
192.915
189.155
185.738
182.762
180.245
178.305
176.728
175.885
174.58
242.494
241.382
240.165
238.775
237.103
235.076
232.652
229.806
226.538
222.868
218.834
214.495
209.925
205.22
200.482
195.821
191.346
187.163
183.356
180.017
177.154
174.874
172.949
171.736
170.082
251.101
249.307
247.388
245.3
242.944
240.257
237.189
233.713
229.824
225.541
220.906
215.979
210.841
205.594
200.35
195.22
190.319
185.753
181.6
177.946
174.79
172.227
170.016
168.501
166.574
259.988
257.486
254.848
252.046
248.992
245.628
241.903
237.782
233.26
228.356
223.115
217.601
211.901
206.121
200.391
194.817
189.522
184.608
180.149
176.226
172.824
170.028
167.583
165.825
163.69
268.798
265.568
262.2
258.679
254.917
250.853
246.441
241.652
236.485
230.962
225.127
219.05
212.821
206.549
200.357
194.368
188.712
183.487
178.764
174.614
171.01
168.027
165.397
163.449
161.161
277.158
273.191
269.08
264.803
260.297
255.507
250.392
244.932
239.127
233.001
226.603
220.003
213.295
206.587
200
193.66
187.688
182.194
177.249
172.916
169.155
166.03
163.262
161.174
158.786
284.631
279.88
274.988
269.932
264.665
259.141
253.329
247.214
240.798
234.111
227.201
220.142
213.024
205.956
199.058
192.45
186.247
180.555
175.437
170.97
167.097
163.877
161.018
158.841
156.402
290.643
285.081
279.392
273.549
267.523
261.281
254.797
248.065
241.092
233.909
226.566
219.135
211.704
204.378
197.271
190.498
184.164
178.37
173.169
168.63
164.695
161.431
158.529
156.313
153.872
294.603
288.222
281.734
275.116
268.355
261.428
254.322
247.037
239.586
232
224.33
216.643
209.024
201.569
194.381
187.568
181.225
175.44
170.259
165.742
161.822
158.569
155.674
153.474
151.077
295.915
288.724
281.457
274.095
266.642
259.09
251.436
243.688
235.865
227.999
220.137
212.34
204.684
197.254
190.14
183.436
177.222
171.576
166.533
162.143
158.335
155.177
152.346
150.222
147.913
293.985
286.012
278.002
269.947
261.864
253.76
245.647
237.541
229.464
221.449
213.538
205.785
198.251
191.007
184.126
177.684
171.744
166.37
161.586
157.43
153.827
150.843
148.148
146.148
143.951
288.191
279.471
270.761
262.068
253.423
244.853
236.379
228.029
219.829
211.81
204.009
196.467
189.232
182.355
175.888
169.887
164.396
159.459
155.087
151.308
148.041
145.346
142.903
141.114
139.101
277.944
268.554
259.236
250.014
240.937
232.045
223.376
214.962
206.833
199.017
191.539
184.428
177.71
171.415
165.573
160.215
155.365
151.046
147.257
144.011
141.229
138.957
136.897
135.431
133.71
262.659
252.735
242.959
233.381
224.061
215.057
206.415
198.175
190.365
183.003
176.102
169.669
163.709
158.225
153.223
148.709
144.686
141.158
138.111
135.544
133.38
131.657
130.099
129.059
127.742
241.877
231.639
221.643
211.959
202.661
193.819
185.488
177.709
170.506
163.886
157.842
152.356
147.405
142.965
139.013
135.533
132.505
129.918
127.747
125.984
124.552
123.48
122.524
122
121.182
215.516
205.295
195.412
185.958
177.015
168.66
160.956
153.944
147.642
142.046
137.126
132.84
129.134
125.951
123.239
120.956
119.066
117.541
116.351
115.481
114.864
114.52
114.239
114.296
114.052
184.241
174.476
165.132
156.306
148.085
140.55
133.768
127.781
122.608
118.239
114.631
111.719
109.421
107.647
106.313
105.347
104.694
104.314
104.172
104.25
104.496
104.922
105.359
106.037
106.41
149.795
140.988
132.643
124.851
117.696
111.257
105.602
100.78
96.8183
93.7145
91.4326
89.9022
89.0247
88.684
88.7622
89.1544
89.7774
90.574
91.5039
92.5482
93.667
94.8722
96.0362
97.3441
98.3533
114.983
107.59
100.639
94.2048
88.3604
83.1783
78.7221
75.0455
72.1915
70.183
69.0125
68.6352
68.965
69.8803
71.2391
72.9007
74.7444
76.6825
78.6583
80.6448
82.6141
84.5759
86.4458
88.3665
90.0032
83.2245
77.5158
72.1677
67.2368
62.7904
58.8889
55.5784
52.9085
50.9367
49.7134
49.2726
49.6226
50.7283
52.5019
54.808
57.4825
60.3634
63.3162
66.2489
69.111
71.8755
74.5458
77.0768
79.5721
81.8058
57.1285
53.1204
49.3767
45.9319
42.8217
40.0829
37.7537
35.877
34.5216
33.7459
33.6125
34.1891
35.5151
37.5802
40.3065
43.5486
47.121
50.8383
54.5527
58.1669
61.6335
64.9388
68.0649
71.081
73.8573
37.5988
35.0499
32.6679
30.4725
28.4827
26.7185
25.2024
23.9619
23.0368
22.4804
22.3643
22.7964
23.8694
25.665
28.2095
31.441
35.2085
39.3041
43.5217
47.695
51.728
55.5677
59.2065
62.6741
65.9262
24.4567
22.9791
21.5892
20.2978
19.1155
18.0531
17.1229
16.3404
15.7276
15.3181
15.1632
15.3433
15.9669
17.1727
19.0854
21.7674
25.1781
29.1616
33.495
37.9469
42.3511
46.5886
50.6367
54.4741
58.1258
16.4193
15.6173
14.8512
14.1276
13.4531
12.8343
12.2784
11.7941
11.3931
11.093
10.9226
10.9295
11.1906
11.8231
12.9795
14.8214
17.45
20.8409
24.8418
29.2101
33.7191
38.1682
42.4916
46.5994
50.5634
11.8102
11.3829
10.9647
10.5602
10.1737
9.81005
9.47387
9.17035
8.9058
8.68904
8.53396
8.46431
8.52177
8.77865
9.35139
10.4037
12.1153
14.6112
17.8883
21.7851
26.0753
30.4941
34.9186
39.1719
43.3469
9.22318
8.98947
8.75364
8.51901
8.28888
8.06654
7.85529
7.65846
7.47963
7.32327
7.19587
7.10827
7.08003
7.14776
7.37869
7.88749
8.84194
10.4308
12.7893
15.91
19.6591
23.77
28.0824
32.324
36.592
7.71304
7.58053
7.44334
7.3033
7.1624
7.02278
6.88664
6.75614
6.6334
6.52075
6.4212
6.33942
6.28381
6.27059
6.33195
6.53049
6.9783
7.84385
9.3212
11.5396
14.5131
18.0616
22.0448
26.1136
30.3609
6.83975
6.76248
6.68053
6.5949
6.50673
6.41732
6.32805
6.2403
6.15532
6.07432
5.99868
5.93037
5.87289
5.83305
5.82475
5.87711
6.0498
6.45326
7.25761
8.64831
10.7653
13.5685
17.0046
20.7142
24.7821
6.39352
6.3454
6.29359
6.23862
6.1811
6.12175
6.06135
6.00066
5.94032
5.88089
5.82289
5.76712
5.71515
5.66995
5.63737
5.62986
5.67489
5.83146
6.21296
6.98738
8.34618
10.3693
13.1206
16.3012
20.0155
6.22483
6.19321
6.15903
6.12261
6.08426
6.0443
6.00305
5.96077
5.91761
5.87363
5.82886
5.78369
5.73915
5.69679
5.65904
5.6308
5.62325
5.66298
5.81089
6.18439
6.9643
8.29996
10.3487
12.9105
16.1504
6.26336
6.24274
6.22071
6.19745
6.17306
6.14757
6.12095
6.09307
6.06367
6.03241
5.99906
5.96416
5.92922
5.89505
5.86217
5.83198
5.80829
5.80117
5.83692
5.97916
6.35893
7.14787
8.55854
10.5036
13.216
6.49139
6.48014
6.46887
6.45767
6.44647
6.43509
6.42326
6.41065
6.39683
6.38132
6.36378
6.34445
6.32446
6.30437
6.28384
6.26264
6.24141
6.22315
6.21691
6.24856
6.38624
6.76874
7.62287
9.00435
11.1827
6.93986
6.93853
6.93937
6.9424
6.94751
6.95444
6.9629
6.97253
6.98293
6.99357
7.00387
7.01329
7.02143
7.02774
7.03141
7.03149
7.0274
7.01951
7.01037
7.00825
7.03707
7.16736
7.56118
8.41237
10.0363
7.70467
7.71487
7.73131
7.75398
7.78297
7.81816
7.85937
7.90637
7.95876
8.01579
8.0763
8.13873
8.2011
8.26112
8.31631
8.36428
8.40324
8.43245
8.45274
8.46753
8.48337
8.52368
8.64118
9.02507
9.98496
8.99419
9.01672
9.05385
9.10587
9.17346
9.25686
9.35615
9.4713
9.6018
9.7464
9.90291
10.0681
10.2376
10.4064
10.569
10.7203
10.8562
10.9747
11.076
11.1636
11.2408
11.3186
11.3969
11.5712
11.8912
11.23
11.2601
11.3262
11.428
11.5665
11.7419
11.9543
12.2034
12.4883
12.8063
13.1528
13.521
13.9022
14.2861
14.6621
15.02
15.3517
15.6524
15.9207
16.1592
16.3698
16.5681
16.7927
17.0471
17.0409
15.4105
15.463
15.5943
15.8042
16.095
16.4665
16.9184
17.4496
18.0565
18.7319
19.4646
20.2393
21.0372
21.8373
22.6182
23.36
24.0461
24.6641
25.2059
25.6667
26.0485
26.3914
26.6741
26.8475
26.5801
24.2222
24.3208
24.6019
25.0655
25.7106
26.5291
27.5112
28.6438
29.9065
31.271
32.701
34.1536
35.5821
36.9389
38.1797
39.266
40.1677
40.8644
41.3457
41.6161
41.7191
41.6697
41.3333
40.7777
39.7531
39.794
40.0648
40.6351
41.5415
42.7564
44.2338
45.9241
47.7714
49.708
51.657
53.5378
55.2715
56.7871
58.0274
58.9517
59.5392
59.7882
59.7138
59.3487
58.7503
57.9819
56.959
55.7097
54.2967
52.5353
64.0641
64.8067
65.6807
66.9802
68.6123
70.4536
72.3882
74.31
76.1029
77.6626
78.9053
79.7723
80.2321
80.2795
79.9305
79.2267
78.2261
76.9791
75.5517
74.0196
72.3161
70.5132
68.6342
66.7201
64.5531
96.376
97.1524
98.2013
99.2686
100.472
101.642
102.638
103.347
103.686
103.611
103.116
102.22
100.967
99.4125
97.62
95.6738
93.615
91.4935
89.375
87.2404
85.1145
83.0635
81.0914
79.2218
77.1084
131.804
131.817
131.862
131.921
131.642
131.034
130.036
128.629
126.834
124.715
122.344
119.795
117.157
114.502
111.861
109.273
106.771
104.395
102.17
100.082
98.1871
96.5441
95.1404
93.9906
92.4923
165.257
163.888
162.106
160.095
157.628
154.643
151.307
147.734
144.044
140.395
136.856
133.472
130.28
127.311
124.579
122.097
119.879
117.964
116.332
115.033
114.126
113.688
113.704
114.208
114.099
194.65
191.411
187.18
182.471
177.395
172.137
166.945
161.985
157.361
153.152
149.393
146.084
143.217
140.776
138.753
137.147
135.971
135.268
135.055
135.424
136.474
138.344
141.042
144.714
147.251
220.705
214.89
207.644
200.271
193.043
186.293
180.208
174.941
170.497
166.837
163.899
161.624
159.959
158.873
158.359
158.434
159.145
160.572
162.821
166.068
170.51
176.429
183.888
193.397
200.826
246.067
236.764
226.555
217.01
208.629
201.652
196.133
191.986
189.027
187.083
186.016
185.726
186.161
187.313
189.223
191.974
195.695
200.56
206.831
214.855
225.02
237.906
253.684
273.789
290.301
275.683
262.336
249.354
239.072
231.524
226.392
223.358
222.018
222.02
223.104
225.106
227.948
231.634
236.243
241.927
248.91
257.468
267.957
280.905
296.983
316.933
341.901
372.272
411.465
445.46
317.49
300.825
287.243
279.668
276.516
276.532
278.869
282.798
287.947
294.069
301.071
308.994
317.997
328.345
340.413
354.692
371.767
392.192
417.022
447.519
485.067
531.821
588.728
662.599
733.729
294.266
289.384
280.732
273.198
268.171
266.07
266.671
269.829
274.531
280.431
287.401
295.409
304.486
314.706
326.185
339.124
353.993
370.703
389.482
410.669
434.766
462.26
494.386
531.504
581.553
)
;

boundaryField
{
    inlet
    {
        type            fixedValue;
        value           uniform 14.855;
    }
    outlet
    {
        type            zeroGradient;
    }
    upperWall
    {
        type            zeroGradient;
    }
    lowerWall
    {
        type            zeroGradient;
    }
    frontAndBack
    {
        type            empty;
    }
}


// ************************************************************************* //
