/*--------------------------------*- C++ -*----------------------------------*\
| =========                 |                                                 |
| \\      /  F ield         | OpenFOAM: The Open Source CFD Toolbox           |
|  \\    /   O peration     | Version:  1.4.2                                 |
|   \\  /    A nd           | Web:      http://www.openfoam.org               |
|    \\/     M anipulation  |                                                 |
\*---------------------------------------------------------------------------*/
FoamFile
{
    version     2.0;
    format      ascii;
    class       volScalarField;
    object      epsilon;
    location    "500";
}
// * * * * * * * * * * * * * * * * * * * * * * * * * * * * * * * * * * * * * //

dimensions      [0 2 -3 0 0 0 0];

internalField   nonuniform List<scalar> 
12225
(
443.026
353.451
290.585
245.344
212.187
187.591
169.242
155.568
145.481
138.205
133.177
129.979
128.294
127.874
128.521
130.075
132.401
135.663
60.1661
73.6164
79.5695
83.6973
87.7171
92.3576
97.9733
104.746
112.774
122.11
132.773
144.755
158.021
172.508
188.118
204.715
222.054
240.192
26.296
33.71
37.8449
40.6834
42.9304
44.9536
46.9656
49.0944
51.4197
53.9924
56.8446
59.9947
63.4488
67.2013
71.2316
75.4963
79.9058
84.2957
18.7356
22.7237
25.4807
27.3755
28.8174
30.0124
31.0724
32.0711
33.0576
34.065
35.1147
36.2204
37.3894
38.6236
39.9191
41.2656
42.643
44.0076
16.1687
18.1637
19.933
21.2923
22.3448
23.185
23.8873
24.5049
25.0718
25.6099
26.134
26.6545
27.1781
27.7086
28.2471
28.7927
29.3414
29.8747
15.2354
16.0866
17.0488
17.9374
18.6898
19.3121
19.8313
20.273
20.6588
21.0054
21.3251
21.6266
21.916
22.1972
22.4727
22.7435
23.0089
23.2587
14.8942
15.1701
15.5866
16.0526
16.5068
16.9225
17.2905
17.611
17.89
18.1355
18.3546
18.5534
18.7366
18.9079
19.0699
19.2242
19.3706
19.5029
14.7876
14.838
14.9916
15.2094
15.4541
15.7015
15.9376
16.1552
16.3521
16.5288
16.6874
16.8303
16.9601
17.0793
17.1897
17.2927
17.3889
17.4745
14.7441
14.6884
14.7003
14.7663
14.8677
14.9885
15.1168
15.2446
15.367
15.4816
15.5873
15.6841
15.7728
15.854
15.9288
15.998
16.0622
16.1196
14.7239
14.6134
14.5425
14.5091
14.5063
14.5262
14.5615
14.6062
14.6555
14.7063
14.7566
14.8049
14.8505
14.8933
14.9331
14.9701
15.0045
15.0353
14.7149
14.579
14.4657
14.3757
14.3076
14.2584
14.2248
14.2034
14.1911
14.1854
14.1843
14.1862
14.19
14.195
14.2004
14.206
14.2116
14.2165
14.7109
14.5642
14.4318
14.3141
14.211
14.1216
14.0447
13.9788
13.9225
13.8741
13.8324
13.7961
13.7643
13.7361
13.7109
13.6881
13.6674
13.6484
14.7089
14.5577
14.4176
14.2881
14.169
14.0598
13.9602
13.8695
13.7868
13.7116
13.643
13.5803
13.5228
13.4699
13.4211
13.376
13.3341
13.2956
14.7077
14.5544
14.4112
14.2771
14.1516
14.0343
13.9247
13.8223
13.7268
13.6376
13.5543
13.4765
13.4038
13.3357
13.2719
13.212
13.1558
13.1038
14.7067
14.5523
14.4076
14.2717
14.1438
14.0234
13.9099
13.8029
13.7021
13.6069
13.5171
13.4322
13.3521
13.2763
13.2047
13.1368
13.0728
13.0132
14.706
14.5508
14.4052
14.2683
14.1394
14.0177
13.9028
13.7941
13.6912
13.5938
13.5014
13.4138
13.3306
13.2516
13.1766
13.1053
13.0377
12.9747
14.7055
14.5497
14.4036
14.2662
14.1367
14.0144
13.8988
13.7893
13.6856
13.5873
13.4939
13.4052
13.3209
13.2408
13.1645
13.0919
13.023
12.9587
14.7053
14.5494
14.4031
14.2654
14.1356
14.013
13.8971
13.7874
13.6834
13.5848
13.4911
13.4021
13.3176
13.2372
13.1606
13.0879
13.0188
12.9544
14.7055
14.5497
14.4035
14.266
14.1363
14.014
13.8983
13.7889
13.6853
13.5872
13.4942
13.4059
13.3222
13.2428
13.1674
13.0958
13.028
12.9648
14.7059
14.5507
14.4051
14.2684
14.1398
14.0187
13.9048
13.7975
13.6964
13.6011
13.5113
13.4267
13.3468
13.2714
13.2002
13.133
13.0696
13.011
14.7068
14.5529
14.4093
14.2756
14.1511
14.0355
13.9282
13.8288
13.7365
13.6509
13.5715
13.4975
13.4287
13.3644
13.3043
13.2481
13.1955
13.1472
14.7086
14.5589
14.4228
14.3002
14.1906
14.0933
14.0071
13.9306
13.8626
13.8019
13.7473
13.698
13.653
13.6117
13.5735
13.538
13.505
13.4747
14.7142
14.5802
14.4709
14.3854
14.321
14.274
14.2406
14.2172
14.2011
14.1897
14.1814
14.1748
14.1691
14.1635
14.1577
14.1515
14.1448
14.138
14.7358
14.6588
14.6349
14.6533
14.7003
14.7637
14.8346
14.9064
14.9749
15.0378
15.0937
15.1425
15.184
15.2189
15.2476
15.2709
15.2896
15.3045
14.8205
14.9297
15.1379
15.3944
15.6598
15.9118
16.1393
16.3377
16.5066
16.6486
16.7671
16.8655
16.947
17.0144
17.0702
17.1163
17.1546
17.1865
15.1412
15.7854
16.5167
17.2063
17.7955
18.2807
18.6738
18.9894
19.2423
19.4454
19.6094
19.7431
19.8532
19.9449
20.0224
20.0889
20.1469
20.198
16.3188
18.2992
19.9617
21.2347
22.181
22.882
23.4045
23.8
24.1053
24.3458
24.5396
24.6999
24.8365
24.9566
25.0656
25.1674
25.2648
25.3595
20.7543
25.6371
28.692
30.5982
31.8392
32.6629
33.2218
33.6179
33.9166
34.16
34.3755
34.581
34.788
35.0037
35.2326
35.4769
35.7373
36.0129
43.961
54.4816
58.7072
60.4204
60.9756
60.9905
60.8461
60.7555
60.7859
60.9665
61.3064
61.8039
62.4518
63.2399
64.1565
65.1892
66.3233
67.5512
332.626
280.253
240.732
210.192
186.153
166.941
151.388
138.655
128.132
119.365
112.01
105.804
100.541
96.0605
92.2333
88.9562
86.1459
83.733
0.235803
0.334981
0.474806
0.61605
0.754146
0.893721
1.05348
1.2634
1.52293
1.83456
2.20719
2.65875
3.22669
3.87026
4.59939
5.42287
6.34549
7.37134
8.50525
9.75368
11.1258
12.6348
14.3004
16.1518
18.232
20.6033
23.351
26.5792
30.3782
35.1471
38.6289
42.166
45.8757
49.7703
53.853
58.1258
62.5904
67.2483
72.1004
77.1476
82.3903
87.8284
93.4615
99.289
105.31
111.522
117.923
124.512
131.284
138.237
145.366
152.667
160.135
167.766
175.553
183.491
191.573
199.795
208.15
216.632
225.236
233.957
242.79
251.733
260.783
269.941
279.207
288.586
298.084
307.709
317.475
327.398
337.498
347.8
358.334
369.136
380.245
391.708
403.577
415.909
428.769
442.225
456.353
471.232
486.947
503.588
521.248
540.023
560.014
581.322
604.049
628.3
654.178
681.785
711.221
742.582
775.962
811.447
849.117
889.047
931.301
975.936
1023
1072.55
1124.63
1179.3
1236.65
1296.85
1360.18
1427.15
1497.02
1568.52
1641.16
1714.3
1787.14
1858.71
1927.82
1993.07
2052.85
2105.35
2148.6
2180.53
2199.1
2202.45
2189.09
2158.11
2109.35
2043.66
1963.15
1871.88
1771.89
1670.22
1582.31
1499.25
1417.21
1336.81
1259.04
1184.69
1114.31
1048.2
986.479
929.141
876.059
827.042
781.858
740.248
701.946
666.682
634.197
604.248
576.608
551.065
527.426
505.515
485.173
466.256
448.633
432.19
416.822
402.436
388.948
376.284
364.375
353.16
342.583
332.592
323.14
314.181
305.673
297.573
289.837
282.418
275.263
268.311
261.578
254.951
248.271
241.234
233.427
222.352
0.834204
0.691178
0.71629
0.79352
0.915895
1.08383
1.30285
1.57583
1.90802
2.29578
2.74505
3.26128
3.84811
4.50414
5.22992
6.02628
6.89427
7.83547
8.85234
9.94849
11.129
12.4005
13.7717
15.2527
16.8545
18.587
20.4546
22.45
24.5484
26.7174
28.8649
31.0698
33.3578
35.7363
38.2078
40.7735
43.4344
46.191
49.0437
51.9929
55.0386
58.1808
61.4193
64.7537
68.1835
71.7077
75.3256
79.0358
82.8372
86.7281
90.707
94.7721
98.9215
103.153
107.465
111.855
116.321
120.861
125.473
130.156
134.908
139.728
144.615
149.571
154.595
159.688
164.855
170.098
175.422
180.833
186.34
191.952
197.681
203.54
209.545
215.714
222.066
228.624
235.412
242.458
249.789
257.437
265.434
273.815
282.615
291.869
301.617
311.894
322.737
334.183
346.267
359.021
372.478
386.664
401.606
417.323
433.833
451.149
469.278
488.225
507.99
528.571
549.964
572.168
595.185
619.025
643.712
669.289
695.825
723.408
752.287
781.66
811.271
840.874
870.163
898.767
926.244
952.079
975.688
996.427
1013.6
1026.48
1034.34
1036.51
1032.4
1021.61
1004
979.689
949.065
912.799
870.867
826.674
783.925
742.332
701.621
662.027
623.865
587.399
552.812
520.214
489.648
461.107
434.546
409.89
387.043
365.901
346.351
328.277
311.568
296.113
281.809
268.558
256.269
244.858
234.248
224.368
215.156
206.552
198.506
190.968
183.898
177.257
171.009
165.123
159.572
154.328
149.369
144.672
140.219
135.99
131.969
128.139
124.486
121.001
117.731
114.662
111.835
109.368
107.64
107.866
1.63641
1.17038
1.15945
1.26874
1.45181
1.69232
1.98163
2.32411
2.72376
3.18326
3.70502
4.29088
4.94211
5.65931
6.44276
7.29276
8.20992
9.19531
10.2505
11.3776
12.5793
13.8587
15.2191
16.6636
18.1945
19.8119
21.5126
23.2887
25.1291
27.0295
28.9873
31.0122
33.1106
35.2858
37.5396
39.8731
42.2871
44.7821
47.3586
50.0169
52.7572
55.5796
58.4841
61.4706
64.5386
67.688
70.9181
74.2285
77.6182
81.0866
84.6328
88.2558
91.9547
95.7283
99.5757
103.496
107.488
111.551
115.684
119.887
124.16
128.502
132.914
137.397
141.952
146.581
151.287
156.073
160.942
165.901
170.956
176.113
181.38
186.768
192.286
197.947
203.764
209.752
215.926
222.302
228.898
235.734
242.828
250.2
257.87
265.858
274.184
282.867
291.925
301.374
311.23
321.505
332.21
343.353
354.94
366.971
379.446
392.362
405.711
419.488
433.682
448.285
463.291
478.695
494.5
510.714
527.351
544.436
561.999
580.059
598.586
617.314
636.105
654.812
673.253
691.201
708.385
724.491
739.166
752.022
762.631
770.533
775.241
776.251
773.079
765.339
752.805
735.401
713.303
686.992
658.023
628.166
598.238
568.5
539.129
510.375
482.487
455.668
430.065
405.777
382.856
361.318
341.149
322.316
304.768
288.443
273.271
259.18
246.096
233.945
222.657
212.164
202.4
193.307
184.828
176.912
169.511
162.584
156.09
149.994
144.264
138.871
133.787
128.99
124.456
120.166
116.103
112.25
108.592
105.115
101.808
98.6596
95.6612
92.8079
90.1173
87.6039
85.3031
83.3035
81.8269
81.3469
2.75121
1.82332
1.75705
1.8872
2.10735
2.38797
2.72539
3.12026
3.57433
4.08927
4.66646
5.3069
6.01139
6.78053
7.61474
8.51453
9.48052
10.5135
11.6147
12.7851
14.0263
15.3395
16.7258
18.1863
19.7209
21.3292
23.0093
24.7587
26.5749
28.4577
30.4084
32.43
34.5251
36.6954
38.9424
41.2671
43.6702
46.1524
48.7142
51.3561
54.0784
56.8814
59.7653
62.73
65.7757
68.9021
72.1092
75.3966
78.7641
82.2112
85.7376
89.3426
93.0259
96.7869
100.625
104.54
108.532
112.599
116.742
120.962
125.257
129.628
134.076
138.602
143.206
147.892
152.659
157.512
162.453
167.485
172.613
177.842
183.177
188.623
194.188
199.878
205.703
211.67
217.788
224.066
230.515
237.144
243.963
250.982
258.211
265.658
273.331
281.238
289.384
297.775
306.412
315.297
324.429
333.804
343.418
353.264
363.333
373.616
384.101
394.779
405.641
416.68
427.892
439.278
450.845
462.605
474.577
486.782
499.242
512.029
525.025
538.147
551.328
564.483
577.501
590.235
602.511
614.129
624.865
634.475
642.681
649.156
653.513
655.277
653.898
648.838
639.72
626.356
608.938
588.51
566.147
542.586
518.46
494.137
469.923
446.089
422.863
400.424
378.901
358.384
338.928
320.558
303.276
287.065
271.894
257.721
244.497
232.169
220.681
209.977
200.001
190.698
182.019
173.912
166.334
159.242
152.596
146.36
140.503
134.993
129.804
124.91
120.289
115.92
111.784
107.865
104.148
100.617
97.2615
94.0691
91.0301
88.1358
85.3796
82.7581
80.2775
77.9558
75.8184
73.9236
72.3931
71.4093
4.13866
2.5941
2.42728
2.53773
2.76605
3.0732
3.44639
3.88135
4.37705
4.93371
5.55197
6.23254
6.97619
7.78363
8.65562
9.59291
10.5963
11.6668
12.8053
14.0127
15.2899
16.6377
18.0568
19.5476
21.1103
22.7448
24.4509
26.2282
28.0767
29.9973
31.9911
34.0598
36.205
38.4281
40.7302
43.1125
45.5756
48.1205
50.7478
53.458
56.2517
59.1293
62.0911
65.1374
68.2684
71.4843
74.785
78.1707
81.6412
85.1964
88.8363
92.5606
96.369
100.261
104.238
108.298
112.441
116.668
120.978
125.371
129.848
134.408
139.053
143.782
148.597
153.498
158.486
163.563
168.731
173.991
179.346
184.797
190.347
196
201.757
207.623
213.601
219.694
225.904
232.237
238.694
245.278
251.992
258.838
265.816
272.927
280.17
287.543
295.043
302.666
310.406
318.255
326.204
334.244
342.364
350.551
358.794
367.08
375.398
383.74
392.098
400.471
408.859
417.27
425.72
434.23
442.828
451.547
460.423
469.505
478.723
488.051
497.46
506.909
516.332
525.64
534.723
543.465
551.744
559.439
566.405
572.454
577.308
580.513
581.404
579.153
573.205
563.29
549.865
533.76
515.512
495.732
475.108
454.042
432.897
411.968
391.477
371.592
352.434
334.091
316.621
300.055
284.407
269.67
255.827
242.848
230.698
219.335
208.714
198.789
189.514
180.843
172.732
165.139
158.024
151.351
145.085
139.194
133.65
128.425
123.495
118.838
114.434
110.263
106.31
102.558
98.9944
95.6062
92.3823
89.3124
86.3878
83.6012
80.947
78.4222
76.0299
73.7842
71.7048
69.8308
68.2319
66.9844
5.62056
3.39732
3.078
3.14686
3.37541
3.70094
4.10073
4.56564
5.09203
5.6788
6.32597
7.03414
7.80418
8.63712
9.53407
10.4962
11.5247
12.6206
13.7852
15.0194
16.3241
17.7003
19.1485
20.6695
22.2638
23.9319
25.6744
27.4918
29.385
31.3551
33.4032
35.5309
37.7394
40.03
42.404
44.8623
47.406
50.0361
52.7531
55.5581
58.4515
61.434
64.5062
67.6684
70.9211
74.2646
77.6991
81.2249
84.8421
88.5509
92.3512
96.2431
100.227
104.302
108.468
112.726
117.075
121.516
126.048
130.671
135.385
140.19
145.086
150.073
155.152
160.322
165.584
170.937
176.382
181.919
187.548
193.27
199.083
204.989
210.986
217.075
223.254
229.523
235.88
242.323
248.85
255.457
262.141
268.897
275.719
282.6
289.533
296.508
303.515
310.543
317.58
324.61
331.62
338.594
345.517
352.374
359.15
365.832
372.41
378.877
385.228
391.465
397.596
403.635
409.606
415.539
421.473
427.453
433.53
439.734
446.025
452.397
458.846
465.356
471.891
478.402
484.829
491.122
497.25
503.213
509.027
514.696
520.151
524.66
527.432
527.704
524.845
518.638
509.362
497.259
482.699
466.187
448.307
429.592
410.617
391.717
373.116
354.977
337.417
320.525
304.364
288.973
274.375
260.576
247.567
235.33
223.838
213.06
202.959
193.495
184.629
176.321
168.533
161.226
154.366
147.919
141.854
136.143
130.757
125.674
120.87
116.325
112.021
107.939
104.065
100.384
96.8836
93.5521
90.3791
87.3554
84.4729
81.7251
79.1069
76.616
74.2541
72.0309
69.9623
68.0749
66.4096
64.9998
7.00116
4.09983
3.64577
3.67872
3.90489
4.24242
4.6606
5.14624
5.69353
6.30022
6.96584
7.69089
8.4764
9.3237
10.2343
11.2098
12.2518
13.3617
14.5409
15.7908
17.1125
18.5072
19.9757
21.5192
23.1384
24.8345
26.6084
28.4611
30.394
32.4083
34.5053
36.6866
38.9533
41.307
43.7489
46.2801
48.9019
51.6152
54.4211
57.3204
60.3141
63.4028
66.5874
69.8684
73.2464
76.722
80.2955
83.9675
87.7382
91.6079
95.5768
99.6451
103.813
108.08
112.447
116.914
121.481
126.146
130.911
135.776
140.739
145.8
150.96
156.217
161.571
167.022
172.568
178.208
183.942
189.768
195.683
201.688
207.778
213.952
220.206
226.538
232.942
239.414
245.949
252.54
259.181
265.864
272.579
279.317
286.066
292.816
299.55
306.256
312.917
319.516
326.035
332.454
338.755
344.917
350.922
356.75
362.387
367.816
373.028
378.017
382.779
387.32
391.651
395.792
399.772
403.629
407.41
411.169
414.969
418.824
422.696
426.579
430.473
434.371
438.255
442.099
445.875
449.583
453.271
457.062
461.156
465.83
470.996
475.943
480.058
482.657
483.104
480.976
475.983
468.041
457.315
444.186
429.175
412.857
395.813
378.565
361.482
344.723
328.407
312.622
297.44
282.912
269.069
255.93
243.498
231.764
220.712
210.316
200.547
191.372
182.757
174.667
167.068
159.924
153.204
146.878
140.917
135.293
129.982
124.962
120.211
115.709
111.44
107.388
103.536
99.8735
96.3867
93.065
89.8988
86.8795
83.9995
81.2529
78.635
76.1437
73.7799
71.5502
69.4669
67.548
65.8174
64.2902
8.10376
4.66924
4.11328
4.11638
4.33736
4.68047
5.10895
5.60649
6.16556
6.78296
7.45777
8.19038
8.98195
9.83405
10.7485
11.7272
12.7721
13.8851
15.0678
16.3218
17.6487
19.05
20.5268
22.0806
23.7127
25.4244
27.217
29.0921
31.0511
33.0955
35.2268
37.4466
39.7564
42.1578
44.652
47.2406
49.9248
52.7058
55.5849
58.5632
61.6418
64.8215
68.1034
71.4883
74.9769
78.5701
82.2684
86.0725
89.983
94.0001
98.1245
102.356
106.696
111.144
115.699
120.363
125.135
130.015
135.002
140.097
145.299
150.607
156.021
161.539
167.16
172.883
178.707
184.628
190.646
196.756
202.957
209.245
215.615
222.062
228.582
235.169
241.815
248.514
255.256
262.032
268.833
275.645
282.457
289.255
296.024
302.746
309.406
315.982
322.456
328.805
335.007
341.04
346.879
352.502
357.885
363.007
367.848
372.394
376.631
380.553
384.158
387.451
390.443
393.158
395.628
397.893
400.004
402.021
404.013
405.979
407.855
409.617
411.248
412.727
414.032
415.139
416.032
416.737
417.364
418.144
419.464
421.896
425.363
429.543
434.152
438.71
442.378
444.32
443.817
440.407
433.959
424.656
412.926
399.337
384.5
368.992
353.325
337.826
322.622
307.807
293.462
279.652
266.423
253.806
241.818
230.462
219.73
209.605
200.065
191.084
182.631
174.677
167.189
160.138
153.493
147.227
141.312
135.724
130.439
125.435
120.694
116.196
111.926
107.867
104.006
100.329
96.827
93.4878
90.3025
87.2631
84.3625
81.595
78.9564
76.4445
74.0597
71.8061
69.6928
67.7319
65.9369
64.3143
8.98274
5.11823
4.47903
4.45422
4.66583
5.00758
5.43821
5.93903
6.50118
7.12068
7.79621
8.52801
9.31723
10.1656
11.075
12.0477
13.0857
14.1913
15.3663
16.6128
17.9325
19.3272
20.7986
22.3483
23.9781
25.6895
27.4843
29.3642
31.3309
33.3862
35.5319
37.7696
40.1011
42.5281
45.0522
47.675
50.3981
53.223
56.1511
59.1836
62.3221
65.5676
68.9214
72.3845
75.9581
79.6431
83.4404
87.3509
91.3753
95.5144
99.7687
104.139
108.625
113.228
117.948
122.785
127.739
132.809
137.997
143.3
148.72
154.254
159.901
165.661
171.532
177.511
183.596
189.786
196.075
202.461
208.94
215.506
222.154
228.878
235.671
242.525
249.431
256.379
263.359
270.359
277.366
284.366
291.343
298.282
305.163
311.969
318.679
325.27
331.72
338.006
344.101
349.98
355.616
360.984
366.057
370.812
375.225
379.279
382.962
386.264
389.181
391.717
393.883
395.7
397.201
398.426
399.426
400.262
400.999
401.62
402.013
402.114
401.865
401.205
400.073
398.414
396.193
393.428
390.259
386.99
384.188
382.693
382.68
384.444
388.257
393.669
399.752
405.381
409.419
410.924
409.322
404.48
396.645
386.321
374.138
360.733
346.685
332.492
318.415
304.562
291.029
277.898
265.234
253.087
241.487
230.45
219.981
210.072
200.709
191.87
183.532
175.668
168.25
161.252
154.645
148.404
142.504
136.921
131.633
126.62
121.864
117.347
113.052
108.967
105.076
101.369
97.8338
94.4608
91.2412
88.1672
85.2322
82.4307
79.7587
77.214
74.7964
72.5084
70.3557
68.3465
66.4877
64.7822
9.62236
5.44567
4.74257
4.69202
4.89022
5.22392
5.64883
6.14468
6.70166
7.31517
7.98352
8.70671
9.48577
10.3223
11.2184
12.1763
13.1981
14.2861
15.4426
16.6698
17.9696
19.3443
20.7957
22.3259
23.9368
25.6305
27.4088
29.2739
31.2277
33.2721
35.4093
37.6412
39.9697
42.3969
44.9245
47.5546
50.2888
53.129
56.0769
59.1341
62.3023
65.583
68.9777
72.4879
76.1149
79.8601
83.7245
87.7095
91.8162
96.0454
100.398
104.875
109.477
114.205
119.059
124.039
129.145
134.378
139.738
145.223
150.834
156.569
162.427
168.406
174.505
180.721
187.051
193.492
200.041
206.691
213.44
220.28
227.205
234.208
241.281
248.414
255.596
262.818
270.066
277.327
284.586
291.828
299.036
306.192
313.277
320.269
327.148
333.891
340.473
346.87
353.057
359.005
364.687
370.077
375.146
379.867
384.215
388.17
391.72
394.859
397.576
399.871
401.755
403.246
404.376
405.183
405.719
406.047
406.216
406.168
405.742
404.816
403.272
400.979
397.799
393.608
388.302
381.857
374.388
366.196
357.995
350.738
345.213
342.512
343.344
347.542
354.382
362.662
370.857
377.436
381.209
381.534
378.334
371.963
363.026
352.211
340.181
327.517
314.692
301.888
289.225
276.807
264.726
253.051
241.833
231.104
220.883
211.171
201.964
193.247
185.003
177.21
169.843
162.879
156.292
150.059
144.157
138.564
133.259
128.223
123.439
118.889
114.56
110.437
106.506
102.758
99.1806
95.765
92.5025
89.3859
86.4087
83.5657
80.8531
78.2683
75.8109
73.4819
71.2844
69.2236
67.3022
65.5216
10.0202
5.65314
4.90653
4.8335
5.01531
5.33519
5.74741
6.23085
6.77513
7.37521
8.02903
8.7363
9.4978
10.315
11.1898
12.1243
13.1207
14.1815
15.309
16.5054
17.7731
19.1144
20.5315
22.0268
23.6023
25.2605
27.0036
28.8338
30.7535
32.7648
34.8701
37.0717
39.3719
41.7727
44.2766
46.8856
49.602
52.4278
55.3651
58.416
61.5824
64.8664
68.2697
71.7943
75.4418
79.2141
83.1127
87.1392
91.2951
95.5818
100
104.552
109.238
114.06
119.017
124.111
129.341
134.708
140.213
145.854
151.631
157.543
163.589
169.767
176.075
182.511
189.07
195.75
202.546
209.453
216.466
223.577
230.78
238.066
245.426
252.851
260.327
267.844
275.389
282.945
290.499
298.033
305.53
312.971
320.336
327.605
334.755
341.766
348.614
355.275
361.724
367.936
373.883
379.54
384.878
389.869
394.481
398.692
402.494
405.897
408.87
411.406
413.515
415.214
416.53
417.503
418.188
418.657
418.928
418.859
418.263
416.951
414.738
411.417
406.745
400.491
392.478
382.625
371.003
357.775
343.386
329.349
316.904
307.572
302.571
302.563
307.487
316.402
327.568
338.845
348.24
354.355
356.566
354.925
349.933
342.299
332.771
322.032
310.672
299.075
287.4
275.784
264.349
253.191
242.387
231.988
222.027
212.521
203.475
194.882
186.731
179.006
171.687
164.753
158.182
151.953
146.044
140.436
135.109
130.045
125.228
120.643
116.274
112.108
108.134
104.341
100.717
97.2553
93.9464
90.7835
87.7605
84.8724
82.1154
79.4868
76.9857
74.6122
72.3671
70.2536
68.2714
66.4218
10.1857
5.74641
4.97678
4.88563
5.04947
5.35124
5.74514
6.20996
6.73508
7.31518
7.94787
8.63251
9.36958
10.1603
11.0063
11.9096
12.8723
13.8968
14.9854
16.1405
17.3647
18.6603
20.0298
21.4757
23.0005
24.6067
26.2968
28.0734
29.9391
31.8965
33.948
36.0964
38.3442
40.694
43.1485
45.7101
48.3815
51.1652
54.0637
57.0794
60.215
63.4726
66.8549
70.364
74.0022
77.7718
81.6749
85.7135
89.8896
94.2051
98.6616
103.261
108.004
112.893
117.928
123.111
128.442
133.922
139.55
145.327
151.252
157.325
163.543
169.906
176.411
183.055
189.835
196.747
203.786
210.947
218.224
225.609
233.095
240.673
248.333
256.063
263.853
271.688
279.556
287.44
295.326
303.194
311.029
318.81
326.519
334.135
341.639
349.01
356.229
363.272
370.121
376.752
383.144
389.267
395.107
400.63
405.785
410.547
414.899
418.837
422.349
425.436
428.108
430.382
432.286
433.86
435.175
436.296
437.128
437.413
436.955
435.536
432.92
428.842
422.972
414.925
404.551
391.713
376.389
358.786
339.442
319.525
300.291
283.319
270.338
263.025
262.531
268.871
280.629
295.273
309.913
322.118
330.4
334.266
333.97
330.177
323.699
315.33
305.771
295.596
285.076
274.39
263.698
253.135
242.803
232.778
223.114
213.842
204.978
196.527
188.484
180.838
173.576
166.68
160.131
153.91
147.999
142.38
137.033
131.944
127.097
122.476
118.068
113.862
109.845
106.006
102.337
98.829
95.4735
92.264
89.1948
86.2609
83.4586
80.7851
78.2389
75.8195
73.5263
71.3604
69.32
67.4064
10.1328
5.7338
4.9615
4.85772
5.00367
5.28481
5.65652
6.09807
6.59895
7.1537
7.75967
8.41592
9.12258
9.88057
10.6913
11.5564
12.4781
13.4585
14.4999
15.6047
16.7756
18.015
19.3256
20.71
22.171
23.7113
25.3337
27.0409
28.836
30.7218
32.7012
34.7773
36.9529
39.2312
41.6152
44.1079
46.7123
49.4316
52.2687
55.2267
58.3084
61.517
64.8554
68.3266
71.9334
75.6785
79.5648
83.5948
87.7712
92.0962
96.5723
101.201
105.986
110.927
116.026
121.285
126.705
132.287
138.03
143.936
150.003
156.232
162.62
169.166
175.868
182.723
189.727
196.877
204.166
211.59
219.141
226.813
234.596
242.482
250.459
258.517
266.642
274.822
283.041
291.284
299.535
307.775
315.988
324.155
332.257
340.275
348.192
355.991
363.657
371.171
378.519
385.688
392.67
399.413
405.871
412.009
417.79
423.188
428.185
432.771
436.943
440.701
444.057
447.026
449.63
451.912
453.959
455.773
457.122
457.678
457.241
455.564
452.376
447.376
440.233
430.583
418.229
403.012
384.915
364.173
341.317
317.207
292.889
269.659
249.147
233.378
224.596
224.503
233.148
248.45
266.889
284.805
299.465
309.469
314.581
315.295
312.443
306.921
299.556
291.061
281.894
272.293
262.468
252.595
242.813
233.226
223.911
214.915
206.27
197.99
190.081
182.537
175.351
168.509
161.997
155.797
149.895
144.274
138.917
133.81
128.939
124.289
119.849
115.607
111.551
107.672
103.961
100.409
97.0097
93.7561
90.6427
87.6646
84.8182
82.1007
79.5101
77.0454
74.7051
72.4884
70.393
68.4202
9.87564
5.62486
4.87032
4.76062
4.89058
5.15056
5.49815
5.91363
6.38686
6.91242
7.48753
8.11099
8.78268
9.50322
10.2737
11.0957
11.9709
12.9014
13.8895
14.9376
16.0482
17.2239
18.4676
19.782
21.17
22.6347
24.179
25.8061
27.5192
29.3216
31.2167
33.2078
35.2983
37.4919
39.7921
42.2025
44.7267
47.3685
50.1317
53.0199
56.0361
59.1842
62.4681
65.8914
69.4576
73.1702
77.0327
81.0484
85.2204
89.5518
94.0456
98.7043
103.531
108.527
113.695
119.036
124.553
130.245
136.115
142.162
148.385
154.785
161.36
168.108
175.028
182.115
189.366
196.776
204.34
212.052
219.905
227.891
236
244.222
252.547
260.962
269.455
278.01
286.613
295.248
303.898
312.545
321.172
329.762
338.296
346.757
355.131
363.402
371.561
379.6
387.515
395.304
402.906
410.271
417.355
424.122
430.541
436.584
442.234
447.479
452.312
456.736
460.757
464.38
467.624
470.546
473.217
475.524
477.063
477.606
476.924
474.757
470.825
464.813
456.405
445.254
431.095
413.782
393.304
369.919
344.182
316.929
289.127
261.845
236.33
214.106
197.276
188.519
190.095
202.023
221.357
243.496
264.151
280.552
291.601
297.408
298.72
296.506
291.718
285.196
277.598
269.251
260.427
251.353
242.211
233.138
224.233
215.568
207.187
199.119
191.378
183.967
176.883
170.12
163.665
157.506
151.629
146.021
140.668
135.556
130.672
126.004
121.54
117.27
113.183
109.271
105.524
101.935
98.497
95.2039
92.0503
89.0317
86.1444
83.3854
80.7527
78.2448
75.8599
73.5951
71.4483
69.4213
9.42955
5.43041
4.7142
4.60634
4.72397
4.96431
5.28797
5.67664
6.12083
6.61535
7.15742
7.74572
8.37993
9.06051
9.78852
10.5652
11.3916
12.2697
13.2019
14.1904
15.2379
16.3471
17.5209
18.7621
20.074
21.4598
22.9228
24.4665
26.0945
27.8104
29.6182
31.5216
33.5248
35.6318
37.8469
40.1742
42.6181
45.1829
47.8732
50.6931
53.6472
56.74
59.9758
63.3592
66.8945
70.5859
74.4377
78.4539
82.6385
86.9952
91.5275
96.2387
101.132
106.21
111.475
116.93
122.575
128.413
134.445
140.67
147.089
153.7
160.504
167.496
174.675
182.038
189.579
197.294
205.177
213.221
221.417
229.759
238.235
246.835
255.546
264.357
273.253
282.22
291.241
300.3
309.381
318.465
327.537
336.577
345.571
354.503
363.36
372.133
380.815
389.41
397.928
406.317
414.52
422.488
430.181
437.561
444.597
451.264
457.542
463.416
468.879
473.925
478.554
482.762
486.574
490.054
493.187
495.72
497.244
497.565
496.449
493.635
488.84
481.724
471.978
459.176
442.984
423.254
400.076
373.839
345.218
315.118
284.562
254.6
226.3
200.64
178.886
163.051
156.161
160.94
177.109
200.604
225.826
248.227
265.365
276.631
282.521
283.999
282.121
277.859
272.032
265.103
257.414
249.251
240.842
232.361
223.937
215.662
207.599
199.789
192.257
185.015
178.067
171.411
165.04
158.945
153.116
147.542
142.21
137.109
132.227
127.555
123.08
118.793
114.686
110.75
106.976
103.357
99.8882
96.5623
93.3745
90.3207
87.397
84.6008
81.9297
79.3819
76.9554
74.6467
72.4532
70.377
8.84236
5.17098
4.50798
4.40885
4.51886
4.74301
5.04522
5.40885
5.82525
6.28962
6.79929
7.3529
7.94999
8.59074
9.27587
10.0065
10.7839
11.6099
12.4868
13.4168
14.4026
15.447
16.5531
17.7239
18.9629
20.2737
21.6599
23.1254
24.6743
26.3109
28.0394
29.8645
31.7909
33.8233
35.9668
38.2263
40.607
43.1141
45.753
48.5289
51.4472
54.5133
57.7325
61.1102
64.6516
68.3619
72.2461
76.3091
80.5554
84.9897
89.6159
94.438
99.4595
104.684
110.113
115.75
121.596
127.654
133.923
140.405
147.097
154
161.112
168.429
175.949
183.666
191.576
199.673
207.95
216.399
225.011
233.776
242.683
251.721
260.877
270.136
279.485
288.907
298.386
307.906
317.449
326.998
336.537
346.05
355.521
364.938
374.291
383.575
392.791
401.951
411.04
419.997
428.767
437.305
445.571
453.53
461.152
468.41
475.283
481.757
487.818
493.455
498.658
503.424
507.789
511.79
515.273
517.78
519.094
518.991
517.215
513.495
507.556
498.971
487.271
472.04
452.999
430.094
403.572
374.003
342.251
309.377
276.51
244.719
214.917
187.835
164.19
144.932
132.05
128.951
138.548
159.67
186.89
214.002
236.789
253.51
264.15
269.547
270.81
269.022
265.137
259.765
253.33
246.179
238.593
230.783
222.909
215.087
207.397
199.896
192.619
185.588
178.813
172.298
166.042
160.04
154.284
148.766
143.477
138.407
133.546
128.885
124.415
120.126
116.012
112.063
108.273
104.636
101.144
97.7937
94.5793
91.497
88.5433
85.7153
83.0108
80.4278
77.964
75.6161
73.3809
71.2608
8.16631
4.86313
4.26495
4.18139
4.28957
4.50268
4.78802
5.13066
5.52291
5.96048
6.44095
6.96301
7.52618
8.13059
8.77687
9.46609
10.1997
10.9796
11.8079
12.6871
13.62
14.6097
15.6595
16.7728
17.9534
19.2052
20.5326
21.9399
23.4319
25.0135
26.6898
28.4662
30.3484
32.342
34.453
36.6874
39.0515
41.5516
44.194
46.9851
49.9313
53.0392
56.3151
59.7654
63.3963
67.2139
71.2241
75.4325
79.8446
84.4653
89.2993
94.3506
99.6231
105.12
110.844
116.797
122.981
129.397
136.045
142.924
150.033
157.37
164.932
172.713
180.71
188.917
197.326
205.931
214.721
223.688
232.821
242.11
251.541
261.101
270.776
280.55
290.409
300.335
310.312
320.323
330.351
340.38
350.394
360.378
370.322
380.215
390.051
399.831
409.561
419.256
428.862
438.327
447.604
456.652
465.434
473.916
482.071
489.873
497.303
504.342
510.975
517.182
522.948
528.279
533.192
537.581
541.062
543.299
544.092
543.182
540.268
535.062
527.158
516.067
501.319
482.552
459.601
432.593
402.003
368.648
333.612
298.113
263.359
230.404
200.064
172.883
149.186
129.324
114.144
105.871
108.423
124.232
150.34
180.045
207.346
229.014
244.231
253.537
258.004
258.789
256.95
253.229
248.133
242.077
235.39
228.323
221.065
213.757
206.498
199.357
192.383
185.606
179.045
172.709
166.602
160.724
155.07
149.636
144.414
139.398
134.578
129.948
125.5
121.226
117.119
113.172
109.379
105.734
102.231
98.8662
95.6342
92.5317
89.5554
86.7025
83.9709
81.3583
78.8627
76.4812
74.2097
72.0514
7.41937
4.513
3.99361
3.9358
4.05133
4.26231
4.53948
4.86968
5.24619
5.66532
6.12501
6.62424
7.16275
7.74085
8.35939
9.01967
9.72341
10.4727
11.2701
12.1185
13.021
13.981
15.0025
16.0893
17.246
18.4771
19.7877
21.1831
22.6689
24.2512
25.9362
27.7307
29.6414
31.6756
33.8404
36.1433
38.5921
41.1943
43.9577
46.8901
49.9993
53.293
56.7787
60.464
64.3562
68.4622
72.7888
77.3421
82.1278
87.1511
92.4165
97.9277
103.688
109.7
115.965
122.484
129.257
136.284
143.562
151.09
158.864
166.877
175.125
183.601
192.296
201.202
210.309
219.605
229.081
238.723
248.519
258.456
268.518
278.692
288.961
299.308
309.717
320.17
330.651
341.144
351.634
362.107
372.549
382.95
393.303
403.603
413.851
424.055
434.232
444.342
454.341
464.19
473.85
483.285
492.463
501.356
509.938
518.188
526.085
533.609
540.738
547.446
553.716
559.532
564.761
569.044
571.984
573.404
573.042
570.566
565.584
557.665
546.382
531.315
512.065
488.392
460.343
428.319
393.099
355.78
317.651
280.036
244.136
210.904
180.99
154.732
132.211
113.406
98.4848
88.4224
86.2268
96.1351
118.733
148.642
178.782
204.386
223.612
236.528
244.059
247.37
247.581
245.54
241.828
236.92
231.188
224.923
218.341
211.604
204.831
198.103
191.481
185.005
178.7
172.582
166.662
160.941
155.421
150.099
144.972
140.034
135.279
130.701
126.295
122.054
117.972
114.043
110.261
106.622
103.12
99.7522
96.5132
93.4001
90.4099
87.5401
84.7885
82.1532
79.6322
77.2229
74.9213
72.7309
6.83186
4.21801
3.7666
3.73893
3.87136
4.09238
4.37525
4.708
5.08466
5.50213
5.95892
6.45457
6.98935
7.56413
8.1803
8.83972
9.54473
10.2981
11.1029
11.9628
12.8816
13.8637
14.9137
16.0364
17.2373
18.5222
19.8972
21.3691
22.9451
24.6329
26.4406
28.3766
30.4499
32.6696
35.0447
37.5849
40.2996
43.1982
46.2901
49.5847
53.0912
56.8184
60.7751
64.9697
69.4098
74.103
79.0558
84.2739
89.7621
95.5241
101.562
107.879
114.474
121.347
128.496
135.92
143.615
151.576
159.797
168.273
176.993
185.948
195.128
204.521
214.114
223.894
233.848
243.96
254.217
264.603
275.105
285.706
296.391
307.144
317.947
328.783
339.636
350.489
361.328
372.14
382.916
393.646
404.32
414.933
425.489
435.988
446.447
456.863
467.212
477.465
487.594
497.566
507.352
516.923
526.252
535.315
544.09
552.555
560.685
568.453
575.824
582.758
589.198
594.974
599.7
602.969
604.614
604.369
601.879
596.714
588.385
576.383
560.256
539.688
514.562
484.855
450.924
413.526
373.778
333.032
292.706
254.118
218.337
186.104
157.816
133.56
113.19
96.4409
83.1551
73.5842
69.5715
75.3063
93.9164
122.379
153.629
181.785
204.027
219.871
230.016
235.563
237.642
237.17
234.778
230.984
226.199
220.742
214.852
208.711
202.45
196.166
189.927
183.782
177.764
171.896
166.19
160.656
155.297
150.114
145.106
140.27
135.603
131.099
126.756
122.567
118.528
114.634
110.88
107.262
103.777
100.419
97.1852
94.0732
91.0801
88.2034
85.4413
82.792
80.2537
77.8242
75.5003
73.2852
6.29624
3.94074
3.56524
3.57874
3.73896
3.98111
4.28116
4.62854
5.01823
5.44802
5.91727
6.42638
6.97646
7.56921
8.20689
8.89226
9.62859
10.4197
11.2698
12.1836
13.1664
14.2234
15.3606
16.5844
17.9016
19.3198
20.8471
22.4924
24.2654
26.1763
28.2362
30.4562
32.8481
35.4239
38.1956
41.1753
44.3748
47.8055
51.4785
55.4047
59.5942
64.0567
68.801
73.8352
79.1663
84.8002
90.7415
96.9933
103.556
110.43
117.613
125.1
132.886
140.966
149.331
157.974
166.884
176.053
185.467
195.113
204.977
215.041
225.29
235.706
246.272
256.971
267.784
278.696
289.688
300.745
311.853
322.998
334.163
345.331
356.486
367.612
378.694
389.719
400.677
411.561
422.372
433.109
443.761
454.331
464.849
475.307
485.695
496.003
506.219
516.323
526.296
536.114
545.755
555.195
564.41
573.378
582.077
590.474
598.536
606.215
613.451
620.127
626.069
630.829
634.046
635.543
635.049
632.201
626.552
617.594
604.792
587.651
565.831
539.288
508.071
472.49
433.261
391.481
348.516
305.842
264.861
226.745
192.327
162.079
136.128
114.332
96.3673
81.8263
70.3818
61.9445
57.4831
60.3524
74.8722
100.587
131.427
160.908
185.305
203.517
215.919
223.481
227.295
228.308
227.187
224.484
220.637
215.987
210.796
205.26
199.526
193.7
187.861
182.065
176.352
170.75
165.278
159.948
154.768
149.741
144.869
140.152
135.588
131.175
126.909
122.787
118.806
114.96
111.248
107.664
104.206
100.869
97.652
94.5511
91.5643
88.6895
85.925
83.2691
80.7205
78.2775
75.9376
73.7043
5.82849
3.68602
3.39276
3.46093
3.66313
3.94173
4.2753
4.65484
5.07675
5.54018
6.04586
6.59554
7.19173
7.83757
8.53682
9.29388
10.1139
11.0027
11.967
13.0137
14.1505
15.3852
16.7262
18.1828
19.7649
21.4838
23.3516
25.3818
27.5892
29.9894
32.5989
35.4345
38.5134
41.8526
45.4687
49.3777
53.5938
58.1301
62.9983
68.2085
73.7693
79.6876
85.9681
92.6134
99.6241
106.999
114.734
122.823
131.254
140.016
149.093
158.47
168.128
178.052
188.22
198.616
209.223
220.022
230.993
242.115
253.363
264.714
276.147
287.638
299.169
310.72
322.273
333.811
345.318
356.782
368.196
379.55
390.83
402.019
413.104
424.075
434.921
445.638
456.221
466.675
477.03
487.29
497.44
507.481
517.424
527.274
537.031
546.694
556.256
565.709
575.04
584.232
593.267
602.125
610.781
619.212
627.385
635.245
642.734
649.755
656.136
661.676
665.847
668.397
669.131
667.772
663.948
657.209
647.04
632.9
614.285
590.822
562.426
529.354
491.9
450.747
406.964
361.913
317.095
273.969
233.779
197.435
165.467
138.041
115.023
96.0726
80.7328
68.5211
59.0388
52.0023
47.832
48.8982
59.6269
81.7678
110.971
140.729
166.564
186.703
201.118
210.574
216.073
218.565
218.735
217.153
214.281
210.479
206.027
201.136
195.964
190.631
185.225
179.808
174.429
169.121
163.907
158.805
153.825
148.976
144.26
139.68
135.238
130.931
126.759
122.719
118.809
115.026
111.367
107.829
104.409
101.104
97.9131
94.8324
91.8603
88.9951
86.2352
83.5794
81.0266
78.5755
76.2245
73.9777
5.44814
3.4818
3.28976
3.42902
3.69419
4.03451
4.42916
4.87122
5.35939
5.89506
6.48132
7.12245
7.82363
8.59082
9.43091
10.3519
11.3633
12.476
13.7023
15.0556
16.5497
18.1988
20.0177
22.0231
24.233
26.6678
29.3501
32.3049
35.5591
39.1407
43.0779
47.3981
52.1275
57.2901
62.9068
68.9936
75.5607
82.6129
90.1504
98.1688
106.66
115.61
125.002
134.816
145.027
155.611
166.543
177.79
189.315
201.082
213.053
225.193
237.469
249.85
262.305
274.806
287.338
299.887
312.424
324.918
337.342
349.672
361.886
373.966
385.896
397.666
409.267
420.689
431.924
442.967
453.84
464.545
475.058
485.368
495.468
505.36
515.045
524.527
533.817
542.926
551.879
560.691
569.372
577.934
586.39
594.753
603.034
611.237
619.366
627.418
635.384
643.252
651
658.602
666.027
673.238
680.179
686.73
692.746
698.085
702.341
705.113
706.231
705.459
702.501
696.978
688.438
676.37
660.243
639.561
613.953
583.293
547.888
508.231
464.975
419.159
372.126
325.38
280.402
238.478
200.566
167.232
138.662
114.724
95.0568
79.1725
66.5377
56.6494
49.0848
43.4781
39.9467
40.0235
47.5601
65.7602
92.354
121.409
147.946
169.534
185.678
196.876
203.993
207.941
209.41
208.976
207.115
204.201
200.528
196.321
191.751
186.948
182.008
177.003
171.987
167
162.071
157.22
152.464
147.813
143.273
138.85
134.546
130.362
126.3
122.357
118.532
114.824
111.231
107.751
104.381
101.119
97.9634
94.9119
91.9629
89.1151
86.3671
83.718
81.167
78.7134
76.3564
74.1007
5.10006
3.37523
3.32945
3.57606
3.94402
4.39623
4.90811
5.47599
6.10344
6.79645
7.56337
8.41475
9.36275
10.4211
11.6058
12.9356
14.4335
16.1271
18.0481
20.232
22.7145
25.5303
28.7157
32.3106
36.3579
40.9029
45.9953
51.6877
58.0323
65.0764
72.8593
81.4099
90.7449
100.868
111.769
123.42
135.772
148.765
162.329
176.391
190.875
205.704
220.8
236.088
251.5
266.983
282.503
297.993
313.389
328.635
343.69
358.516
373.085
387.366
401.337
414.984
428.35
441.465
454.267
466.724
478.818
490.541
501.889
512.861
523.462
533.704
543.608
553.174
562.396
571.278
579.834
588.078
596.02
603.67
611.042
618.149
625.011
631.646
638.076
644.326
650.423
656.394
662.263
668.051
673.781
679.472
685.139
690.795
696.444
702.085
707.708
713.293
718.804
724.194
729.399
734.323
738.895
742.876
745.97
747.816
748.242
746.999
743.825
738.4
730.332
719.17
704.415
685.557
662.13
633.792
600.431
562.299
520.129
474.624
426.796
377.961
329.6
283.184
240
201.014
166.798
137.535
113.079
93.0466
76.9169
64.1221
54.115
46.4229
40.6044
36.314
33.5207
33.1452
38.1695
52.4051
75.6424
103.082
129.574
152.096
169.649
182.408
191.059
196.425
199.192
199.929
199.112
197.125
194.273
190.793
186.866
182.63
178.193
173.633
169.012
164.376
159.758
155.185
150.675
146.244
141.9
137.653
133.506
129.463
125.525
121.694
117.97
114.351
110.837
107.426
104.117
100.908
97.7981
94.7851
91.868
89.0455
86.3168
83.6811
81.1382
78.6879
76.3301
74.0703
4.70169
3.51545
3.72362
4.17021
4.74118
5.43191
6.21471
7.09352
8.08542
9.20997
10.4936
11.9709
13.6827
15.676
18.0065
20.7419
23.9656
27.7794
32.3027
37.6663
43.9963
51.3953
59.9597
69.7805
80.9349
93.4807
107.468
122.923
139.829
158.125
177.703
198.416
220.09
242.532
265.58
289.028
312.638
336.189
359.486
382.366
404.693
426.359
447.277
467.385
486.646
505.141
523.008
540.109
556.386
571.841
586.505
600.382
613.477
625.798
637.361
648.193
658.335
667.839
676.734
685.048
692.81
700.047
706.785
713.051
718.873
724.301
729.381
734.085
738.417
742.392
746.036
749.377
752.44
755.253
757.839
760.223
762.432
764.489
766.423
768.26
770.029
771.758
773.474
775.201
776.961
778.775
780.656
782.613
784.645
786.742
788.88
791.017
793.091
795.017
796.672
797.867
798.319
797.867
796.294
793.336
788.735
782.191
773.359
761.842
747.192
728.935
706.596
679.758
648.134
611.665
570.628
525.775
478.027
428.374
378.088
328.601
281.337
237.537
198.131
163.661
134.282
109.814
89.8439
73.8239
61.16
51.28
43.6803
37.9265
33.6147
30.4553
28.3622
27.8521
31.0214
41.554
60.9276
85.9091
111.587
134.483
153.083
167.19
177.261
183.996
188.052
189.975
190.233
189.214
187.227
184.517
181.275
177.65
173.754
169.676
165.484
161.229
156.952
152.683
148.445
144.257
140.132
136.08
132.109
128.224
124.428
120.725
117.115
113.599
110.176
106.847
103.611
100.467
97.4125
94.4477
91.5714
88.7827
86.081
83.466
80.9377
78.4966
76.1434
73.8848
4.19216
4.62625
5.52612
6.52627
7.71056
9.2196
10.9935
13.1276
15.6925
18.7819
22.5287
27.1198
32.782
39.7785
48.4132
59.034
72.0291
87.8106
106.776
129.246
155.412
185.094
217.985
253.697
291.753
331.683
373.121
415.462
458.053
500.259
541.506
581.305
619.263
655.108
689.188
721.32
751.12
778.432
803.227
825.553
845.505
863.208
878.802
892.437
904.267
914.462
923.201
930.621
936.841
942.05
946.36
949.777
952.349
954.143
955.238
955.715
955.651
955.123
954.196
952.927
951.364
949.551
947.521
945.305
942.925
940.371
937.615
934.719
931.724
928.655
925.532
922.374
919.194
916.004
912.815
909.636
906.475
903.343
900.247
897.199
894.207
891.284
888.439
885.682
883.019
880.456
877.99
875.612
873.304
871.033
868.75
866.386
863.847
861.009
857.718
853.792
849.011
843.143
835.939
827.113
816.347
803.283
787.525
768.647
746.21
719.797
689.064
653.806
614.04
570.107
522.77
473.116
422.126
371.023
321.162
273.876
230.317
191.333
157.395
128.598
104.72
85.3131
69.8059
57.5916
48.0907
40.7909
35.2661
31.1192
28.0367
25.7937
24.2963
23.8158
25.7052
33.0298
48.3174
70.1053
94.1829
116.833
136.056
151.25
162.599
170.632
175.952
179.068
180.43
180.416
179.339
177.446
174.937
171.966
168.655
165.099
161.373
157.534
153.63
149.694
145.755
141.836
137.952
134.118
130.342
126.634
122.998
119.438
115.958
112.56
109.243
106.009
102.858
99.7886
96.8013
93.8949
91.069
88.323
85.6566
83.0699
80.5633
78.1378
75.7952
73.5432
3.71974
14.7779
19.9488
24.1468
29.0178
35.792
44.9563
57.2605
73.2911
93.7356
119.355
151.19
190.266
237.371
292.925
356.89
428.727
507.392
591.376
678.908
770.523
861.924
950.28
1033.59
1110.43
1180.35
1243.51
1298.57
1345.12
1383.35
1413.76
1437.06
1454.03
1465.46
1472.15
1474.83
1474.11
1470.51
1464.49
1456.46
1446.78
1435.74
1423.63
1410.68
1397.08
1383.01
1368.62
1354.03
1339.34
1324.55
1309.64
1294.74
1279.97
1265.37
1251.01
1236.94
1223.18
1209.76
1196.71
1184.03
1171.74
1159.82
1148.3
1137.15
1126.37
1115.96
1105.9
1096.18
1086.79
1077.7
1068.92
1060.41
1052.17
1044.17
1036.41
1028.86
1021.51
1014.33
1007.33
1000.47
993.74
987.129
980.621
974.199
967.846
961.544
955.268
948.986
942.658
936.229
929.628
922.764
915.521
907.758
899.308
889.98
879.55
867.764
854.335
838.949
821.257
800.888
777.456
750.583
719.936
685.269
646.488
603.719
557.374
508.24
457.504
406.117
355.235
306.104
259.924
217.712
180.188
147.718
120.317
97.7088
79.4146
64.852
53.418
44.5466
37.7413
32.5904
28.7237
25.8399
23.7108
22.1727
21.1452
20.7607
21.828
26.5931
37.9013
55.9408
77.6389
99.3556
118.7
134.653
147.087
156.324
162.859
167.161
169.645
170.673
170.549
169.522
167.795
165.527
162.848
159.858
156.639
153.256
149.759
146.189
142.58
138.957
135.34
131.747
128.189
124.678
121.22
117.823
114.489
111.223
108.027
104.901
101.848
98.8667
95.9577
93.1207
90.3555
87.6619
85.0399
82.4899
80.0128
77.6102
75.2847
73.0453
8.50317
192.536
239.77
246.674
258.97
296.348
368.351
479.781
631.33
817.757
1022.03
1232.3
1439.52
1636.53
1817.82
1979.44
2118.9
2235.06
2327.96
2398.59
2448.82
2480.75
2496.66
2498.84
2489.52
2470.31
2441.95
2406.67
2366.33
2322.51
2276.46
2229.17
2181.41
2133.75
2086.61
2040.29
1995
1950.9
1908.05
1866.52
1826.34
1787.52
1750.05
1713.92
1679.12
1645.62
1613.39
1582.4
1552.62
1524.02
1496.57
1470.24
1444.98
1420.74
1397.5
1375.2
1353.81
1333.3
1313.64
1294.8
1276.74
1259.45
1242.9
1227.06
1211.9
1197.41
1183.55
1170.3
1157.64
1145.53
1133.95
1122.86
1112.22
1102
1092.17
1082.68
1073.5
1064.59
1055.9
1047.39
1039.02
1030.75
1022.54
1014.32
1006.06
997.709
989.205
980.49
971.494
962.135
952.317
941.927
930.83
918.869
905.863
891.605
875.862
858.373
838.85
816.986
792.463
764.967
734.212
699.976
662.14
620.749
576.049
528.556
479.051
428.719
378.472
329.362
282.488
238.88
199.375
164.535
134.594
109.478
88.8575
72.2381
59.0476
48.7114
40.7006
34.5577
29.9057
26.4093
23.7953
21.8545
20.4302
19.4095
18.7314
18.4547
19.0307
21.9274
29.6923
43.7044
62.3121
82.3513
101.223
117.52
130.777
141.074
148.747
154.206
157.817
159.914
160.785
160.673
159.779
158.268
156.271
153.896
151.231
148.346
145.297
142.131
138.884
135.589
132.268
128.942
125.627
122.335
119.076
115.86
112.691
109.575
106.514
103.513
100.571
97.6911
94.8732
92.1176
89.4244
86.7939
84.2264
81.7225
79.2836
76.9119
74.611
72.3912
263.122
433.914
630.023
837.698
1044.82
1241.72
1421.71
1580.72
1717.01
1830.63
1922.77
1995.37
2050.8
2091.59
2120.21
2138.91
2149.68
2154.15
2153.66
2149.21
2141.54
2131.16
2118.43
2103.55
2086.7
2068.04
2047.79
2026.09
2002.99
1978.6
1953.01
1926.35
1898.78
1870.47
1841.6
1812.34
1782.87
1753.36
1723.94
1694.74
1665.87
1637.42
1609.45
1582.04
1555.22
1529.02
1503.47
1478.59
1454.38
1430.86
1408.04
1385.92
1364.5
1343.8
1323.79
1304.48
1285.85
1267.9
1250.61
1233.97
1217.97
1202.6
1187.84
1173.69
1160.14
1147.15
1134.73
1122.85
1111.5
1100.65
1090.29
1080.39
1070.92
1061.85
1053.15
1044.77
1036.67
1028.81
1021.14
1013.59
1006.11
998.638
991.101
983.427
975.536
967.345
958.765
949.7
940.046
929.689
918.5
906.339
893.051
878.46
862.376
844.589
824.872
802.987
778.69
751.747
721.942
689.104
653.144
614.094
572.125
527.633
481.194
433.66
385.964
338.96
293.586
250.778
211.372
176.008
145.074
118.674
96.6527
78.6473
64.1722
52.6953
43.6995
36.7185
31.3543
27.2816
24.211
21.9067
20.1876
18.9158
17.9882
17.3303
16.8984
16.7152
17.0191
18.6822
23.6225
33.7351
48.7587
66.3965
84.1253
100.252
113.977
125.114
133.805
140.344
145.051
148.217
150.103
150.94
150.921
150.209
148.941
147.226
145.158
142.811
140.249
137.522
134.672
131.735
128.738
125.706
122.657
119.607
116.568
113.552
110.566
107.616
104.707
101.844
99.0288
96.2634
93.5492
90.8872
88.2778
85.7215
83.2191
80.7715
78.3803
76.0484
73.7802
71.5879
253.37
268.962
287.269
308.46
332.433
358.822
387.098
416.652
446.871
477.191
507.14
536.353
564.58
591.678
617.595
642.349
666.014
688.694
710.511
731.587
752.037
771.959
791.43
810.503
829.206
847.546
865.509
883.069
900.182
916.792
932.829
948.214
962.862
976.686
989.605
1001.54
1012.43
1022.21
1030.85
1038.31
1044.57
1049.65
1053.56
1056.32
1057.97
1058.57
1058.18
1056.86
1054.69
1051.74
1048.11
1043.89
1039.17
1034.04
1028.56
1022.81
1016.86
1010.75
1004.54
998.276
991.997
985.735
979.524
973.388
967.352
961.434
955.652
950.017
944.54
939.229
934.087
929.116
924.311
919.664
915.162
910.782
906.499
902.276
898.072
893.835
889.506
885.015
880.285
875.228
869.747
863.738
857.085
849.664
841.341
831.973
821.405
809.474
796.009
780.829
763.75
744.583
723.143
699.257
672.781
643.617
611.719
577.118
539.971
500.61
459.443
417.183
374.54
332.163
290.823
251.313
214.38
180.659
150.604
124.454
102.221
83.711
68.5765
56.3864
46.6874
39.0495
33.0901
28.4839
24.9652
22.2966
20.2826
18.7711
17.645
16.8153
16.2149
15.7944
15.523
15.4045
15.5536
16.4346
19.2732
25.8629
37.0009
51.5434
67.3994
82.7615
96.5345
108.241
117.802
125.352
131.124
135.364
138.296
140.126
141.037
141.185
140.705
139.71
138.295
136.542
134.516
132.275
129.865
127.326
124.69
121.985
119.233
116.453
113.661
110.869
108.087
105.324
102.587
99.8796
97.2072
94.5723
91.977
89.4228
86.9108
84.4419
82.0171
79.6375
77.3054
75.0238
72.7984
70.6426
86.7481
89.4918
92.6097
96.1518
100.157
104.642
109.603
115.012
120.824
126.978
133.411
140.057
146.853
153.746
160.693
167.661
174.632
181.596
188.556
195.522
202.512
209.55
216.664
223.884
231.242
238.771
246.503
254.467
262.69
271.196
280.007
289.137
298.598
308.395
318.526
328.985
339.759
350.828
362.167
373.744
385.523
397.463
409.517
421.637
433.77
445.864
457.863
469.714
481.365
492.765
503.942
514.944
525.704
536.162
546.269
555.985
565.277
574.123
582.508
590.423
597.868
604.847
611.371
617.455
623.118
628.382
633.269
637.805
642.014
645.921
649.55
652.931
656.084
659.024
661.76
664.291
666.609
668.7
670.536
672.081
673.288
674.098
674.44
674.231
673.376
671.766
669.28
665.786
661.141
655.193
647.781
638.741
627.907
615.119
600.225
583.088
563.601
541.692
517.355
490.675
461.779
430.879
398.314
364.744
330.527
296.181
262.305
229.518
198.427
169.577
143.401
120.185
100.051
82.9502
68.6926
56.9885
47.5016
39.8923
33.8453
29.0824
25.3657
22.5011
20.3077
18.6377
17.374
16.425
15.7198
15.2037
14.8349
14.5821
14.4242
14.3575
14.4309
14.865
16.3243
20.1017
27.4379
38.3308
51.5006
65.3263
78.5394
90.3909
100.553
108.97
115.739
121.029
125.024
127.893
129.795
130.875
131.26
131.062
130.378
129.291
127.872
126.183
124.273
122.189
119.966
117.636
115.225
112.756
110.247
107.713
105.167
102.62
100.081
97.5549
95.0486
92.5659
90.1099
87.683
85.2868
82.9228
80.5922
78.2966
76.0384
73.8214
71.652
69.5453
44.7111
45.4416
46.2301
47.0877
48.0253
49.052
50.1741
51.3939
52.7106
54.1195
55.6132
57.1822
58.8155
60.5016
62.2293
63.9879
65.7682
67.5625
69.365
71.1716
72.9803
74.7906
76.6041
78.4239
80.2545
82.1017
83.9727
85.8756
87.8193
89.8136
91.869
93.9965
96.2077
98.5145
100.929
103.464
106.133
108.947
111.92
115.063
118.39
121.912
125.641
129.586
133.758
138.164
142.812
147.708
152.856
158.258
163.917
169.835
176.013
182.446
189.126
196.044
203.186
210.537
218.079
225.793
233.657
241.651
249.751
257.933
266.174
274.45
282.738
291.015
299.258
307.446
315.585
323.713
331.794
339.794
347.68
355.416
362.969
370.298
377.361
384.112
390.495
396.45
401.905
406.783
410.993
414.434
416.997
418.56
418.993
418.158
415.917
412.128
406.658
399.383
390.201
379.037
365.857
350.674
333.583
314.889
294.722
273.3
250.931
228.012
204.966
182.24
160.279
139.499
120.253
102.811
87.335
73.8767
62.3808
52.7083
44.6698
38.0579
32.6696
28.3177
24.8362
22.0802
19.9262
18.2539
16.9646
15.9782
15.2303
14.6699
14.2564
13.9582
13.7505
13.6143
13.5358
13.5093
13.5525
13.7605
14.4474
16.356
20.5721
27.7863
37.6708
49.1455
61.0205
72.383
82.6779
91.642
99.2085
105.429
110.419
114.305
117.211
119.257
120.557
121.216
121.327
120.974
120.229
119.155
117.81
116.239
114.485
112.582
110.561
108.447
106.263
104.026
101.752
99.4547
97.1436
94.8279
92.5146
90.2094
87.9166
85.6395
83.3807
81.1421
78.9254
76.7327
74.5665
72.4312
70.334
68.2917
30.1365
30.393
30.6608
30.9425
31.2411
31.5592
31.8992
32.2631
32.652
33.0665
33.5061
33.97
34.4563
34.9629
35.4869
36.0256
36.576
37.1351
37.7002
38.2687
38.8385
39.4077
39.9749
40.5391
41.0998
41.6569
42.2105
42.7614
43.3105
43.8592
44.4091
44.9622
45.5206
46.0867
46.6633
47.253
47.859
48.4844
49.1327
49.8074
50.5122
51.251
52.0279
52.847
53.7128
54.6298
55.6028
56.6369
57.7371
58.9088
60.1578
61.4901
62.9118
64.4295
66.0497
67.7789
69.6238
71.5909
73.6866
75.9174
78.2893
80.8081
83.4794
86.308
89.2985
92.4547
95.7797
99.2757
102.944
106.784
110.796
114.98
119.333
123.848
128.519
133.331
138.269
143.312
148.435
153.607
158.791
163.942
169.009
173.932
178.641
183.06
187.1
190.667
193.657
195.96
197.465
198.06
197.636
196.098
193.365
189.379
184.114
177.583
169.841
161.001
151.212
140.661
129.572
118.192
106.785
95.6085
84.8993
74.8585
65.6367
57.3267
49.9625
43.5269
37.968
33.2155
29.1929
25.8222
23.0286
20.7395
18.8922
17.4176
16.2511
15.337
14.6281
14.0848
13.6745
13.3703
13.1506
12.9978
12.898
12.8399
12.8146
12.8168
12.851
12.9542
13.2601
14.127
16.2372
20.3787
26.9002
35.4431
45.1977
55.3021
65.0758
74.0771
82.0693
88.9645
94.7723
99.5617
103.409
106.399
108.62
110.162
111.108
111.537
111.52
111.12
110.396
109.397
108.167
106.745
105.165
103.456
101.642
99.7447
97.7829
95.7717
93.7242
91.6512
89.5617
87.4629
85.3607
83.2596
81.1631
79.0739
76.9944
74.9269
72.8742
70.8411
68.8357
66.8765
23.3729
23.4782
23.585
23.6943
23.8069
23.9239
24.0461
24.1746
24.3101
24.4532
24.6044
24.7637
24.9311
25.1063
25.2888
25.478
25.6729
25.8728
26.0766
26.2835
26.4923
26.7023
26.9124
27.1221
27.3305
27.5371
27.7414
27.9431
28.142
28.338
28.5311
28.7214
28.9091
29.0945
29.2781
29.4602
29.6416
29.8229
30.0047
30.1878
30.3731
30.5615
30.7539
30.9514
31.1549
31.3656
31.5848
31.8136
32.0532
32.3052
32.5708
32.8517
33.1493
33.4653
33.8016
34.1599
34.5422
34.9504
35.3867
35.8531
36.3521
36.8858
37.4568
38.0676
38.7208
39.4192
40.1658
40.9633
41.8147
42.7232
43.6917
44.7234
45.8213
46.9882
48.2265
49.538
50.9238
52.3838
53.9168
55.5197
57.1875
58.9124
60.6838
62.4872
64.3042
66.1113
67.8801
69.5767
71.1618
72.5906
73.8139
74.7791
75.4322
75.7202
75.5945
75.0142
73.95
72.3875
70.3302
67.8026
64.8497
61.5362
57.9422
54.1579
50.2768
46.3906
42.5829
38.9229
35.4618
32.2345
29.2648
26.5674
24.1499
22.0131
20.152
18.5552
17.2096
16.0941
15.1807
14.4421
13.8528
13.3893
13.0307
12.7588
12.5579
12.4146
12.3177
12.2578
12.2269
12.2186
12.2271
12.248
12.2808
12.3379
12.4717
12.8346
13.7687
15.8213
19.5296
25.0842
32.2112
40.343
48.8585
57.2381
65.1145
72.2655
78.5833
84.0437
88.6708
92.4983
95.5788
97.9752
99.754
100.982
101.723
102.036
101.979
101.6
100.946
100.056
98.9677
97.7114
96.3151
94.8031
93.1961
91.5123
89.7669
87.9731
86.1418
84.2823
82.4019
80.5066
78.6011
76.6892
74.7737
72.8575
70.9437
69.0374
67.1472
65.2934
19.5594
19.6063
19.6515
19.6955
19.7391
19.7828
19.8272
19.8728
19.9202
19.9695
20.0213
20.0757
20.1328
20.1929
20.2558
20.3215
20.3899
20.4607
20.5338
20.6088
20.6854
20.7631
20.8418
20.9209
21.0001
21.0791
21.1575
21.2351
21.3116
21.3867
21.4603
21.5322
21.6023
21.6705
21.7369
21.8013
21.864
21.9248
21.984
22.0416
22.0979
22.1531
22.2073
22.2608
22.3139
22.3668
22.42
22.4736
22.5282
22.5839
22.6413
22.7007
22.7625
22.8273
22.8954
22.9674
23.0438
23.125
23.2117
23.3044
23.4036
23.51
23.6241
23.7467
23.8784
24.0198
24.1717
24.3347
24.5095
24.697
24.8979
25.1129
25.3428
25.5883
25.8501
26.1287
26.4248
26.7386
27.0701
27.4193
27.7857
28.1681
28.5651
28.9744
29.3928
29.8162
30.2395
30.656
31.0579
31.4355
31.7779
32.0727
32.3061
32.4639
32.5318
32.4966
32.3455
32.0675
31.6543
31.102
30.4122
29.593
28.6572
27.6194
26.4952
25.3029
24.0638
22.8016
21.5407
20.3052
19.1177
17.9984
16.9646
16.0283
15.1998
14.4819
13.8696
13.3559
12.9325
12.5897
12.3178
12.1075
11.9495
11.8358
11.7588
11.7119
11.6893
11.6858
11.6969
11.7186
11.747
11.7788
11.8117
11.8487
11.9081
12.0497
12.4212
13.3093
15.1187
18.2166
22.7347
28.5045
35.1501
42.2316
49.3508
56.2005
62.5725
68.3464
73.4721
77.9263
81.7139
84.8613
87.408
89.4006
90.889
91.9238
92.554
92.8264
92.7847
92.469
91.9156
91.1577
90.2246
89.1423
87.9341
86.6199
85.2176
83.7421
82.2068
80.6225
78.9985
77.3425
75.6606
73.9575
72.237
70.5023
68.7571
67.0063
65.2591
63.5372
17.5039
17.5259
17.5459
17.5638
17.58
17.5949
17.6091
17.6229
17.6365
17.6504
17.6648
17.6799
17.6959
17.7129
17.7309
17.7502
17.7705
17.7921
17.8147
17.8383
17.8627
17.8879
17.9137
17.9399
17.9663
17.9928
18.0192
18.0452
18.0708
18.0957
18.1199
18.1431
18.1654
18.1865
18.2064
18.225
18.2422
18.2582
18.2727
18.2858
18.2976
18.3081
18.3172
18.3251
18.3319
18.3376
18.3423
18.3461
18.3492
18.3517
18.3536
18.3552
18.3567
18.358
18.3595
18.3614
18.3637
18.3667
18.3706
18.3755
18.3817
18.3894
18.3988
18.41
18.4234
18.439
18.4572
18.4781
18.5019
18.5288
18.5591
18.5929
18.6304
18.6718
18.7172
18.7667
18.8204
18.8784
18.9406
19.007
19.0774
19.1514
19.2287
19.3086
19.3904
19.473
19.5551
19.635
19.7106
19.7795
19.8385
19.8839
19.9118
19.918
19.8998
19.8551
19.7784
19.6633
19.5041
19.2964
19.037
18.7247
18.3604
17.9468
17.4888
16.9933
16.4692
15.927
15.3784
14.8351
14.3089
13.8107
13.352
12.939
12.5742
12.2582
11.99
11.7677
11.588
11.4473
11.3415
11.2664
11.2178
11.1918
11.1846
11.1926
11.2126
11.2416
11.2767
11.3152
11.3543
11.3913
11.4239
11.4515
11.4795
11.5298
11.6612
12.0005
12.7674
14.2483
16.6982
20.2264
24.7515
30.0433
35.8034
41.7364
47.5928
53.1859
58.3937
63.1316
67.3528
71.0397
74.1959
76.8397
78.9992
80.7081
82.0034
82.923
83.5044
83.7839
83.7957
83.5718
83.1414
82.5312
81.7653
80.8654
79.8506
78.7379
77.5421
76.2761
74.9511
73.5762
72.159
70.7056
69.2207
67.7079
66.1709
64.6147
63.0481
61.4944
16.1366
16.1475
16.1564
16.1632
16.168
16.1709
16.1719
16.1715
16.1697
16.1669
16.1635
16.1597
16.1557
16.1517
16.1478
16.1442
16.141
16.1382
16.1358
16.1338
16.1322
16.1309
16.1298
16.129
16.1282
16.1276
16.1268
16.126
16.1249
16.1234
16.1216
16.1192
16.1163
16.1126
16.1083
16.1031
16.097
16.0901
16.0821
16.0732
16.0633
16.0523
16.0403
16.0272
16.0132
15.998
15.9819
15.9648
15.9468
15.9279
15.9082
15.8876
15.8664
15.8444
15.8219
15.7989
15.7754
15.7515
15.7273
15.703
15.6785
15.654
15.6296
15.6053
15.5813
15.5576
15.5344
15.5116
15.4895
15.468
15.4474
15.4276
15.4087
15.3908
15.3739
15.3582
15.3436
15.3302
15.318
15.307
15.2971
15.2883
15.2803
15.273
15.2661
15.2593
15.252
15.2436
15.2334
15.2203
15.203
15.18
15.1494
15.1093
15.0579
14.9933
14.9135
14.8162
14.6996
14.5619
14.4023
14.2205
14.0171
13.794
13.5535
13.2991
13.0348
12.7653
12.4957
12.2322
11.9817
11.75
11.54
11.3538
11.1926
11.0567
10.9459
10.8592
10.7952
10.7521
10.7279
10.7203
10.7272
10.7462
10.7752
10.8118
10.8541
10.8998
10.9471
10.9937
11.0374
11.0761
11.1073
11.1297
11.144
11.1575
11.1921
11.2993
11.5785
12.1874
13.3233
15.1665
17.8141
21.2458
25.3366
29.898
34.7233
39.6186
44.4233
49.0113
53.2911
57.202
60.7085
63.7957
66.4634
68.7227
70.5923
72.096
73.2605
74.1138
74.6843
74.9999
75.0871
74.9712
74.6756
74.2219
73.6298
72.9172
72.1003
71.1933
70.2088
69.1576
68.0487
66.8894
65.6852
64.44
63.1574
61.8416
60.5004
59.1573
15.0409
15.0424
15.0427
15.0418
15.0395
15.0358
15.0306
15.0239
15.0156
15.006
14.995
14.9828
14.9697
14.9557
14.9411
14.9258
14.9103
14.8944
14.8784
14.8623
14.8461
14.8298
14.8136
14.7974
14.7811
14.7648
14.7484
14.7319
14.7152
14.6984
14.6813
14.6639
14.6461
14.628
14.6094
14.5904
14.5708
14.5506
14.5299
14.5085
14.4865
14.4637
14.4403
14.4161
14.3912
14.3655
14.3391
14.3119
14.2839
14.2552
14.2258
14.1956
14.1648
14.1332
14.101
14.0682
14.0347
14.0007
13.9662
13.9312
13.8957
13.8598
13.8236
13.7871
13.7503
13.7132
13.676
13.6387
13.6013
13.5639
13.5266
13.4893
13.4522
13.4152
13.3785
13.342
13.3059
13.2701
13.2346
13.1995
13.1647
13.1302
13.0958
13.0615
13.0269
12.9919
12.9562
12.9193
12.8808
12.8401
12.7965
12.7495
12.6981
12.6416
12.5793
12.5103
12.434
12.3498
12.2573
12.1562
12.0466
11.9288
11.8033
11.6713
11.5341
11.3932
11.2507
11.1088
10.9707
10.8413
10.7229
10.6169
10.5246
10.447
10.3844
10.3369
10.3044
10.2861
10.2814
10.289
10.3078
10.3363
10.3733
10.417
10.466
10.5187
10.5735
10.6288
10.6829
10.734
10.7802
10.8197
10.8503
10.8705
10.8796
10.8796
10.8785
10.8965
10.9746
11.1848
11.6339
12.4551
13.7778
15.6882
18.2032
21.269
24.7784
28.5954
32.5787
36.5967
40.537
44.3097
47.8472
51.1028
54.0475
56.6663
58.9561
60.9219
62.5753
63.9323
65.0115
65.8335
66.4193
66.79
66.9663
66.9681
66.8142
66.5223
66.1088
65.5886
64.9754
64.2811
63.516
62.6884
61.8043
60.8678
59.8818
58.8488
57.7748
56.6817
14.2098
14.2009
14.1915
14.1815
14.1708
14.1594
14.1471
14.1341
14.1201
14.1052
14.0893
14.0725
14.0548
14.0361
14.0165
13.996
13.9747
13.9527
13.93
13.9068
13.8832
13.8591
13.8347
13.8101
13.7852
13.76
13.7346
13.7091
13.6833
13.6573
13.6311
13.6047
13.578
13.5511
13.5239
13.4964
13.4685
13.4403
13.4118
13.3828
13.3535
13.3237
13.2935
13.2628
13.2316
13.1999
13.1677
13.1349
13.1017
13.0679
13.0336
12.9987
12.9633
12.9274
12.8909
12.854
12.8165
12.7785
12.74
12.7011
12.6617
12.622
12.5818
12.5412
12.5002
12.459
12.4174
12.3756
12.3335
12.2913
12.2488
12.2063
12.1636
12.1208
12.078
12.0352
11.9923
11.9495
11.9066
11.8637
11.8207
11.7775
11.7342
11.6906
11.6466
11.602
11.5567
11.5105
11.4632
11.4145
11.3643
11.3122
11.258
11.2015
11.1423
11.0805
11.0157
10.948
10.8773
10.8039
10.7279
10.6497
10.5699
10.489
10.4078
10.3271
10.248
10.172
10.1028
10.0415
9.989
9.94597
9.91295
9.89029
9.8781
9.87631
9.88464
9.90263
9.92964
9.96491
10.0075
10.0565
10.1107
10.169
10.2302
10.2929
10.3557
10.4174
10.4764
10.531
10.5797
10.6208
10.6524
10.6732
10.6821
10.6797
10.6693
10.6598
10.6663
10.7162
10.8572
11.1607
11.7166
12.6178
13.9372
15.7098
17.9252
20.5321
23.4505
26.5854
29.8389
33.1189
36.3452
39.4517
42.387
45.1135
47.6062
49.8504
51.8402
53.5763
55.065
56.3159
57.3419
58.1574
58.7778
59.2191
59.4976
59.6291
59.6289
59.5119
59.2918
58.981
58.5906
58.1292
57.6034
57.0166
56.3703
55.6648
54.9028
54.1026
13.6294
13.61
13.5903
13.5704
13.5502
13.5298
13.5089
13.4877
13.4661
13.444
13.4214
13.3984
13.3748
13.3507
13.3261
13.3008
13.275
13.2487
13.2218
13.1944
13.1664
13.1379
13.109
13.0796
13.0499
13.0197
12.9892
12.9585
12.9274
12.896
12.8644
12.8326
12.8005
12.7682
12.7357
12.7029
12.6699
12.6366
12.6031
12.5693
12.5353
12.501
12.4664
12.4315
12.3963
12.3607
12.3249
12.2887
12.2522
12.2153
12.1781
12.1405
12.1026
12.0643
12.0256
11.9865
11.9471
11.9073
11.8672
11.8267
11.7859
11.7447
11.7032
11.6614
11.6193
11.5769
11.5342
11.4912
11.4481
11.4046
11.361
11.3172
11.2732
11.2291
11.1848
11.1404
11.0959
11.0512
11.0064
10.9615
10.9165
10.8712
10.8258
10.7802
10.7343
10.6881
10.6416
10.5947
10.5473
10.4994
10.4509
10.4018
10.3522
10.3018
10.2508
10.1993
10.1471
10.0946
10.0417
9.98883
9.9361
9.88386
9.83247
9.78233
9.73391
9.68769
9.64434
9.60585
9.57399
9.54926
9.53209
9.52284
9.52173
9.52886
9.54422
9.56766
9.59889
9.63751
9.68299
9.73469
9.79188
9.85372
9.91928
9.98755
10.0574
10.1278
10.1974
10.2649
10.3289
10.388
10.4406
10.4852
10.5203
10.5448
10.5579
10.5601
10.5541
10.5414
10.5264
10.519
10.5379
10.6146
10.7956
11.141
11.7163
12.5805
13.7733
15.3073
17.1668
19.312
21.6863
24.2239
26.8566
29.5196
32.1547
34.7125
37.153
39.4457
41.5688
43.508
45.2557
46.8097
48.1722
49.3487
50.3476
51.1789
51.8541
52.3858
52.7869
53.0704
53.2494
53.3357
53.3403
53.2718
53.1359
52.9351
52.6686
52.3334
51.9276
51.4642
13.2657
13.2367
13.2076
13.1785
13.1493
13.12
13.0906
13.0611
13.0314
13.0016
12.9716
12.9414
12.911
12.8803
12.8494
12.8183
12.7869
12.7552
12.7232
12.6909
12.6583
12.6255
12.5923
12.5588
12.525
12.4909
12.4566
12.422
12.3871
12.352
12.3167
12.2811
12.2453
12.2094
12.1732
12.1368
12.1002
12.0635
12.0265
11.9894
11.952
11.9145
11.8768
11.8389
11.8009
11.7626
11.7241
11.6854
11.6465
11.6074
11.568
11.5285
11.4887
11.4487
11.4084
11.3679
11.3272
11.2863
11.2451
11.2037
11.1621
11.1202
11.0781
11.0358
10.9933
10.9506
10.9077
10.8646
10.8213
10.7778
10.7342
10.6905
10.6466
10.6026
10.5585
10.5143
10.47
10.4257
10.3813
10.3368
10.2923
10.2479
10.2034
10.1589
10.1144
10.0699
10.0255
9.98121
9.93698
9.89288
9.84895
9.80525
9.76183
9.71878
9.67619
9.63416
9.59285
9.55239
9.51297
9.47479
9.43809
9.40311
9.37013
9.33944
9.31135
9.28622
9.26448
9.24794
9.23769
9.23406
9.23731
9.24763
9.26514
9.28986
9.32172
9.36055
9.4061
9.45801
9.51581
9.57894
9.64676
9.71853
9.7934
9.87046
9.94869
10.027
10.1041
10.1789
10.25
10.3159
10.3752
10.4267
10.4691
10.5017
10.5246
10.5381
10.541
10.5329
10.515
10.4904
10.4659
10.454
10.4747
10.5578
10.7427
11.075
11.6002
12.3556
13.3634
14.6281
16.136
17.8588
19.7576
21.7872
23.9006
26.0518
28.1986
30.304
32.3369
34.2726
36.0924
37.7831
39.3366
40.7491
42.0206
43.1542
44.1554
45.0319
45.7928
46.4483
47.0092
47.4861
47.8883
48.2235
48.4959
48.7057
48.8492
48.9192
48.9081
48.8221
13.0658
13.0295
12.9931
12.9567
12.9203
12.8839
12.8475
12.811
12.7745
12.738
12.7013
12.6647
12.6279
12.5911
12.5542
12.5172
12.4802
12.443
12.4057
12.3683
12.3308
12.2932
12.2554
12.2175
12.1795
12.1413
12.1031
12.0646
12.0261
11.9874
11.9485
11.9096
11.8705
11.8312
11.7919
11.7524
11.7128
11.6731
11.6333
11.5934
11.5533
11.5132
11.4729
11.4325
11.392
11.3514
11.3107
11.2698
11.2289
11.1878
11.1466
11.1053
11.0639
11.0223
10.9807
10.9389
10.8969
10.8549
10.8127
10.7705
10.728
10.6855
10.6429
10.6001
10.5573
10.5143
10.4712
10.4281
10.3849
10.3416
10.2982
10.2548
10.2114
10.1679
10.1245
10.081
10.0376
9.99431
9.95106
9.90792
9.86492
9.82209
9.77946
9.73708
9.69497
9.6532
9.61181
9.57085
9.5304
9.49053
9.45132
9.41286
9.37526
9.33863
9.30309
9.26879
9.23587
9.20452
9.17491
9.14722
9.12168
9.0985
9.07792
9.06018
9.04553
9.03423
9.02662
9.02382
9.02712
9.03679
9.05305
9.07602
9.1058
9.1424
9.18575
9.23572
9.29207
9.35449
9.42259
9.49587
9.57375
9.65555
9.74049
9.82768
9.91615
10.0048
10.0925
10.178
10.26
10.3371
10.4081
10.4718
10.5276
10.5755
10.6132
10.6392
10.6521
10.6512
10.6364
10.6086
10.5703
10.526
10.4838
10.4564
10.4625
10.5275
10.6827
10.9618
11.3967
12.012
12.8217
13.8275
15.0195
16.3786
17.8785
19.4886
21.1766
22.9105
24.6598
26.3972
28.0992
29.7463
31.3233
32.8192
34.2269
35.5425
36.7657
37.8987
38.9463
39.9149
40.8121
41.6459
42.4235
43.15
43.8271
44.4522
45.0177
45.5115
45.9205
46.2433
12.9703
12.9294
12.8885
12.8475
12.8065
12.7654
12.7243
12.6831
12.6419
12.6006
12.5593
12.5179
12.4765
12.4351
12.3936
12.3521
12.3105
12.2689
12.2273
12.1856
12.1439
12.1021
12.0604
12.0185
11.9767
11.9348
11.8928
11.8509
11.8088
11.7668
11.7247
11.6825
11.6404
11.5981
11.5559
11.5136
11.4712
11.4289
11.3864
11.344
11.3015
11.2589
11.2163
11.1737
11.1311
11.0884
11.0456
11.0029
10.96
10.9172
10.8743
10.8314
10.7884
10.7454
10.7024
10.6593
10.6162
10.573
10.5299
10.4867
10.4434
10.4002
10.3569
10.3136
10.2703
10.227
10.1837
10.1404
10.0972
10.0539
10.0108
9.96767
9.92464
9.88172
9.83892
9.79627
9.7538
9.71153
9.66949
9.62772
9.58626
9.54516
9.50445
9.46419
9.42445
9.38527
9.34674
9.30892
9.27191
9.23579
9.20066
9.16665
9.13386
9.10243
9.0725
9.04422
9.01776
8.99328
8.97098
8.95104
8.93368
8.9191
8.90752
8.89919
8.89432
8.89318
8.89603
8.90328
8.91636
8.93584
8.96193
8.99478
9.03452
9.08116
9.13471
9.19507
9.26206
9.33543
9.41487
9.49994
9.59013
9.68481
9.78325
9.88458
9.98786
10.0921
10.1959
10.2983
10.398
10.4936
10.5846
10.6699
10.7469
10.8133
10.8672
10.9065
10.93
10.9367
10.9261
10.8985
10.8549
10.7974
10.7293
10.6559
10.5854
10.5294
10.5043
10.5309
10.6337
10.8386
11.1689
11.6424
12.2687
13.049
13.9767
15.0392
16.2192
17.4962
18.8482
20.2533
21.6903
23.1403
24.5866
26.0154
27.4155
28.7791
30.101
31.3793
32.6147
33.8098
34.9689
36.0969
37.1978
38.2738
39.3235
40.3407
41.3138
42.2265
43.06
43.8062
12.9294
12.8863
12.8431
12.7998
12.7564
12.7129
12.6693
12.6256
12.5819
12.538
12.4941
12.4501
12.4061
12.3619
12.3178
12.2735
12.2292
12.1849
12.1406
12.0962
12.0517
12.0073
11.9628
11.9183
11.8738
11.8293
11.7848
11.7403
11.6958
11.6513
11.6068
11.5623
11.5178
11.4733
11.4289
11.3844
11.34
11.2955
11.2511
11.2067
11.1623
11.118
11.0736
11.0293
10.985
10.9407
10.8964
10.8522
10.8079
10.7637
10.7195
10.6754
10.6313
10.5872
10.5431
10.4991
10.4551
10.4111
10.3672
10.3233
10.2795
10.2357
10.1919
10.1483
10.1047
10.0612
10.0178
9.97447
9.93128
9.88821
9.8453
9.80256
9.76001
9.71767
9.67557
9.63374
9.59221
9.55101
9.51019
9.46979
9.42985
9.39042
9.35156
9.31333
9.2758
9.23904
9.20313
9.16817
9.13423
9.10144
9.0699
9.03974
9.01108
8.98408
8.95889
8.93567
8.91459
8.89584
8.87963
8.86615
8.85563
8.84829
8.84437
8.84413
8.84781
8.85569
8.86804
8.88517
8.9075
8.93631
8.97212
9.01517
9.06565
9.12365
9.18923
9.26238
9.34302
9.431
9.52609
9.62797
9.7362
9.85021
9.96931
10.0926
10.2194
10.3485
10.4788
10.6091
10.739
10.866
10.9874
11.1005
11.2026
11.291
11.3632
11.4174
11.4517
11.4653
11.4577
11.4291
11.3802
11.3125
11.2282
11.1301
11.0222
10.9102
10.8015
10.7065
10.6385
10.6146
10.6544
10.7784
11.0057
11.351
11.8225
12.4221
13.145
13.9822
14.9215
15.9493
17.0518
18.2159
19.4288
20.6784
21.954
23.2467
24.5499
25.8598
27.1746
28.4946
29.8212
31.1564
32.5018
33.8566
35.2165
36.5724
37.9095
39.2077
40.4443
41.6054
12.9125
12.8686
12.8245
12.7804
12.7361
12.6917
12.6472
12.6026
12.5579
12.5131
12.4682
12.4232
12.3782
12.3331
12.2879
12.2426
12.1973
12.1519
12.1065
12.0611
12.0156
11.9701
11.9246
11.879
11.8335
11.788
11.7425
11.6969
11.6514
11.606
11.5605
11.5151
11.4697
11.4243
11.379
11.3337
11.2884
11.2432
11.1981
11.153
11.1079
11.0629
11.018
10.9731
10.9282
10.8834
10.8387
10.7941
10.7495
10.705
10.6605
10.6161
10.5718
10.5275
10.4834
10.4393
10.3953
10.3513
10.3075
10.2638
10.2201
10.1766
10.1332
10.0899
10.0467
10.0037
9.96084
9.91816
9.87567
9.83339
9.79134
9.74955
9.70804
9.66683
9.62597
9.58548
9.5454
9.50578
9.46665
9.42807
9.39009
9.35277
9.31616
9.28035
9.2454
9.2114
9.17844
9.14662
9.11604
9.08683
9.05911
9.03302
9.00871
8.98634
8.96608
8.94812
8.93266
8.91991
8.9101
8.90346
8.90026
8.90075
8.90523
8.914
8.92736
8.94565
8.96921
8.9984
9.03361
9.07528
9.12398
9.18101
9.24668
9.32115
9.40461
9.49717
9.59892
9.7099
9.83006
9.95922
10.0971
10.2431
10.3966
10.5567
10.7235
10.8958
11.0713
11.2477
11.4223
11.5919
11.7531
11.9027
12.037
12.153
12.2477
12.3188
12.3646
12.384
12.3768
12.3435
12.2854
12.2043
12.1025
11.9831
11.8492
11.7046
11.5538
11.4017
11.2543
11.1192
11.0061
10.9274
10.8981
10.9355
11.057
11.2781
11.6097
12.0575
12.6213
13.2962
14.0739
14.9446
15.898
16.9246
18.0161
19.1657
20.3686
21.6219
22.924
24.2748
25.6745
27.1237
28.6222
30.1679
31.7551
33.3732
35.006
36.632
38.2264
39.7715
12.9082
12.8643
12.8203
12.7763
12.7321
12.6879
12.6436
12.5992
12.5548
12.5103
12.4657
12.4211
12.3765
12.3318
12.2871
12.2423
12.1976
12.1528
12.1081
12.0633
12.0185
11.9738
11.9291
11.8844
11.8397
11.7951
11.7505
11.7059
11.6614
11.6169
11.5725
11.5282
11.4839
11.4397
11.3955
11.3514
11.3074
11.2634
11.2196
11.1757
11.132
11.0884
11.0448
11.0013
10.9578
10.9145
10.8712
10.8281
10.785
10.742
10.699
10.6562
10.6135
10.5708
10.5283
10.4859
10.4435
10.4013
10.3592
10.3172
10.2754
10.2337
10.1921
10.1507
10.1095
10.0685
10.0276
9.98707
9.94673
9.90668
9.86692
9.82749
9.78843
9.74977
9.71153
9.67377
9.63653
9.59986
9.5638
9.52841
9.49376
9.45991
9.42694
9.39492
9.36395
9.33412
9.30554
9.27832
9.25259
9.22848
9.20616
9.18577
9.16751
9.15156
9.13813
9.12746
9.11978
9.11536
9.11448
9.11745
9.1246
9.13627
9.15283
9.1747
9.20228
9.23604
9.27645
9.32402
9.3793
9.44283
9.51524
9.59718
9.68928
9.7922
9.90655
10.0329
10.1718
10.3236
10.4887
10.667
10.8583
11.0623
11.2779
11.5039
11.7385
11.9794
12.2237
12.468
12.7084
12.9406
13.1601
13.3623
13.543
13.698
13.8239
13.9182
13.9792
14.0063
13.9999
13.9615
13.8934
13.7986
13.6807
13.5434
13.3907
13.2262
13.0533
12.8751
12.6947
12.5148
12.3389
12.1708
12.0162
11.8822
11.7789
11.7193
11.719
11.7959
11.9673
12.248
12.6473
13.1688
13.8105
14.5675
15.4332
16.401
17.465
18.6205
19.864
21.1933
22.6071
24.105
25.6868
27.3507
29.0921
30.9015
32.7643
34.6622
36.5748
38.4859
12.9199
12.8772
12.8346
12.7919
12.7493
12.7067
12.6641
12.6216
12.579
12.5365
12.4941
12.4517
12.4093
12.367
12.3248
12.2826
12.2405
12.1985
12.1565
12.1146
12.0729
12.0311
11.9895
11.948
11.9065
11.8651
11.8238
11.7826
11.7415
11.7005
11.6595
11.6187
11.5779
11.5372
11.4966
11.4561
11.4157
11.3753
11.3351
11.2949
11.2548
11.2147
11.1748
11.1349
11.0951
11.0554
11.0158
10.9763
10.9368
10.8975
10.8582
10.819
10.7799
10.741
10.7021
10.6634
10.6247
10.5863
10.5479
10.5097
10.4717
10.4339
10.3962
10.3588
10.3216
10.2847
10.248
10.2117
10.1757
10.14
10.1048
10.07
10.0357
10.0019
9.96863
9.936
9.90404
9.8728
9.84235
9.81276
9.78409
9.75644
9.72988
9.70452
9.68047
9.65785
9.63678
9.61741
9.5999
9.58442
9.57117
9.56036
9.55221
9.54698
9.54494
9.54641
9.5517
9.56117
9.57522
9.59426
9.61877
9.64923
9.68618
9.73021
9.78195
9.84207
9.9113
9.99042
10.0803
10.1817
10.2956
10.4231
10.5649
10.7223
10.896
11.0871
11.2963
11.5242
11.7712
12.0374
12.3224
12.6254
12.9449
13.2788
13.6242
13.9775
14.3343
14.6895
15.0376
15.3725
15.6881
15.9785
16.2382
16.4622
16.647
16.79
16.8902
16.9477
16.9643
16.9426
16.886
16.7987
16.6849
16.5488
16.3944
16.2257
16.0463
15.8594
15.6682
15.4755
15.284
15.0962
14.9146
14.7419
14.5812
14.4364
14.3127
14.217
14.1589
14.1512
14.2092
14.3511
14.5955
14.9605
15.4611
16.1073
16.9036
17.8496
18.941
20.171
21.5327
23.0196
24.6276
26.3536
28.1919
30.1336
32.1688
34.2887
36.4919
38.7784
12.9697
12.9308
12.8921
12.8535
12.8151
12.7768
12.7387
12.7008
12.663
12.6253
12.5879
12.5505
12.5133
12.4763
12.4394
12.4026
12.366
12.3295
12.2931
12.2569
12.2207
12.1847
12.1488
12.1129
12.0772
12.0415
12.006
11.9705
11.935
11.8997
11.8644
11.8292
11.794
11.7589
11.7238
11.6888
11.6539
11.619
11.5841
11.5493
11.5146
11.4799
11.4452
11.4107
11.3761
11.3417
11.3073
11.2731
11.2389
11.2048
11.1708
11.137
11.1033
11.0697
11.0363
11.003
10.97
10.9371
10.9045
10.8721
10.84
10.8082
10.7767
10.7455
10.7147
10.6843
10.6543
10.6248
10.5958
10.5673
10.5394
10.5122
10.4856
10.4598
10.4347
10.4105
10.3872
10.3649
10.3437
10.3236
10.3048
10.2873
10.2712
10.2568
10.2441
10.2332
10.2244
10.2179
10.2138
10.2124
10.2139
10.2186
10.2269
10.2391
10.2555
10.2767
10.303
10.335
10.3732
10.4183
10.4709
10.5318
10.6017
10.6816
10.7725
10.8753
10.9911
11.1213
11.2671
11.4298
11.6109
11.8119
12.0343
12.2796
12.5493
12.8447
13.167
13.517
13.8951
14.3014
14.7351
15.1948
15.6781
16.1818
16.7017
17.2323
17.7676
18.3005
18.8235
19.3288
19.8084
20.2551
20.6622
21.0242
21.3371
21.5981
21.8063
21.9623
22.0678
22.1258
22.1401
22.1151
22.0557
21.9671
21.8545
21.7233
21.5787
21.4258
21.2695
21.1145
20.9653
20.826
20.7006
20.5928
20.5059
20.443
20.4071
20.4006
20.4259
20.4852
20.581
20.7162
20.8954
21.1262
21.4185
21.785
22.241
22.8102
23.5104
24.3515
25.3415
26.487
27.7946
29.2756
30.9281
32.7459
34.729
36.8891
39.257
41.8829
13.1143
13.0835
13.053
13.0227
12.9928
12.963
12.9335
12.9041
12.875
12.846
12.8172
12.7885
12.76
12.7315
12.7032
12.6749
12.6467
12.6186
12.5905
12.5625
12.5344
12.5064
12.4784
12.4504
12.4223
12.3943
12.3662
12.3382
12.3101
12.2819
12.2538
12.2256
12.1974
12.1692
12.141
12.1128
12.0846
12.0564
12.0283
12.0002
11.9721
11.9441
11.9162
11.8884
11.8607
11.8331
11.8057
11.7785
11.7514
11.7246
11.698
11.6717
11.6457
11.62
11.5946
11.5696
11.545
11.5208
11.497
11.4737
11.4509
11.4287
11.407
11.386
11.3656
11.3458
11.3268
11.3086
11.2912
11.2746
11.2589
11.2442
11.2305
11.218
11.2066
11.1964
11.1875
11.1801
11.1742
11.17
11.1675
11.1669
11.1684
11.1721
11.1782
11.187
11.1986
11.2134
11.2316
11.2536
11.2798
11.3105
11.3462
11.3874
11.4347
11.4888
11.5502
11.6198
11.6984
11.787
11.8866
11.9984
12.1236
12.2635
12.4198
12.594
12.7879
13.0033
13.2425
13.5074
13.8005
14.1239
14.4801
14.8714
15.3
15.7679
16.2768
16.8279
17.4218
18.0583
18.7364
19.4538
20.2073
20.9921
21.8024
22.6308
23.4691
24.3079
25.1373
25.9472
26.7273
27.4682
28.1613
28.7993
29.3765
29.8893
30.3357
30.7158
31.0314
31.2861
31.4848
31.6336
31.7394
31.8097
31.8526
31.8761
31.8882
31.8969
31.9098
31.9344
31.9772
32.0444
32.1412
32.272
32.4403
32.65
32.9033
33.2006
33.5408
33.9213
34.3382
34.7862
35.2611
35.7767
36.3229
36.8897
37.4678
38.0492
38.6273
39.1973
39.7572
40.3113
40.8743
41.4777
42.1729
43.0323
44.1465
45.6252
47.5733
50.2069
13.4558
13.4383
13.4209
13.4036
13.3865
13.3693
13.3522
13.3351
13.3179
13.3007
13.2834
13.266
13.2484
13.2308
13.213
13.195
13.1769
13.1585
13.1401
13.1214
13.1025
13.0835
13.0643
13.045
13.0255
13.0058
12.986
12.9662
12.9462
12.9261
12.9061
12.8859
12.8658
12.8457
12.8257
12.8057
12.7859
12.7662
12.7466
12.7273
12.7082
12.6894
12.6709
12.6528
12.635
12.6177
12.6008
12.5844
12.5685
12.5532
12.5386
12.5245
12.5112
12.4985
12.4867
12.4756
12.4654
12.456
12.4475
12.44
12.4335
12.428
12.4236
12.4202
12.4181
12.4171
12.4173
12.4189
12.4218
12.4261
12.4318
12.4391
12.448
12.4586
12.4709
12.4852
12.5015
12.5199
12.5405
12.5637
12.5894
12.618
12.6496
12.6846
12.7231
12.7656
12.8124
12.8639
12.9206
12.983
13.0516
13.127
13.2101
13.3016
13.4024
13.5135
13.636
13.771
13.9201
14.0847
14.2664
14.4672
14.689
14.9342
15.205
15.5043
15.8348
16.1997
16.6022
17.0459
17.5343
18.0712
18.6602
19.305
20.009
20.7752
21.6061
22.5036
23.4684
24.5002
25.5974
26.7567
27.9731
29.2399
30.5486
31.8888
33.2487
34.6153
35.9746
37.3125
38.6149
39.8685
41.0615
42.184
43.2284
44.1896
45.0656
45.8569
46.5666
47.2004
47.7657
48.271
48.7264
49.1424
49.5293
49.8967
50.2536
50.6083
50.9707
51.3467
51.74
52.1515
52.5803
53.0237
53.48
53.9698
54.4783
54.9911
55.4952
55.9784
56.4307
56.8443
57.2145
57.5412
57.8271
58.078
58.3016
58.5078
58.7071
58.9091
59.1206
59.3432
59.5732
59.8038
60.0357
60.2989
60.6811
61.3765
62.6228
65.0173
14.1365
14.1352
14.1335
14.1314
14.1288
14.1257
14.1222
14.1182
14.1136
14.1086
14.1031
14.0971
14.0907
14.0838
14.0765
14.0687
14.0606
14.0521
14.0433
14.0342
14.0249
14.0154
14.0056
13.9958
13.9859
13.9759
13.966
13.9561
13.9463
13.9367
13.9274
13.9183
13.9095
13.9012
13.8933
13.8859
13.879
13.8729
13.8673
13.8626
13.8586
13.8556
13.8534
13.8523
13.8522
13.8532
13.8554
13.8589
13.8636
13.8697
13.8772
13.8862
13.8966
13.9087
13.9223
13.9377
13.9547
13.9735
13.9941
14.0166
14.041
14.0673
14.0956
14.126
14.1584
14.1929
14.2297
14.2686
14.3099
14.3535
14.3996
14.4482
14.4995
14.5534
14.6103
14.6701
14.7331
14.7995
14.8695
14.9434
15.0213
15.1038
15.191
15.2835
15.3818
15.4863
15.5978
15.7168
15.8441
15.9807
16.1274
16.2855
16.456
16.6404
16.8401
17.057
17.2928
17.5497
17.8299
18.1361
18.4712
18.8381
19.2404
19.6819
20.1666
20.699
21.2837
21.9259
22.631
23.4043
24.2517
25.1789
26.1913
27.2944
28.4931
29.7913
31.1921
32.6975
34.3074
36.0203
37.8323
39.7369
41.7255
43.7865
45.9059
48.0674
50.2527
52.4421
54.6149
56.7506
58.829
60.832
62.7433
64.5499
66.2419
67.8134
69.262
70.5891
71.7996
72.9005
73.9003
74.8068
75.633
76.3901
77.0841
77.7176
78.2911
78.8134
79.3241
79.8023
80.2301
80.5936
80.881
81.0823
81.1924
81.2083
81.1259
80.943
80.6598
80.2797
79.809
79.2576
78.6381
77.9651
77.2556
76.529
75.8064
75.1117
74.471
73.9132
73.4688
73.1697
73.0475
73.1317
73.4488
74.0275
74.9129
76.2424
78.1931
81.6734
15.3191
15.3327
15.3452
15.3567
15.3672
15.3769
15.3856
15.3936
15.4007
15.4072
15.413
15.4182
15.4229
15.4271
15.431
15.4346
15.4379
15.4412
15.4444
15.4477
15.451
15.4546
15.4586
15.4629
15.4677
15.4731
15.4793
15.4862
15.4939
15.5027
15.5126
15.5236
15.536
15.5498
15.565
15.5819
15.6005
15.621
15.6434
15.6678
15.6944
15.7232
15.7544
15.7881
15.8243
15.8632
15.9049
15.9494
15.9969
16.0474
16.1011
16.1579
16.2181
16.2816
16.3485
16.4189
16.4929
16.5705
16.6518
16.7368
16.8255
16.9181
17.0145
17.1149
17.2192
17.3275
17.44
17.5565
17.6773
17.8024
17.9319
18.0659
18.2046
18.3481
18.4967
18.6505
18.8098
18.975
19.1465
19.3245
19.5098
19.7027
19.9041
20.1146
20.3351
20.5666
20.8102
21.0671
21.3387
21.6267
21.9328
22.259
22.6075
22.9809
23.3817
23.8131
24.2785
24.7815
25.3263
25.9173
26.5595
27.2581
28.019
28.8484
29.7529
30.7396
31.8158
32.9893
34.2679
35.6594
37.1717
38.812
40.5872
42.5032
44.5644
46.774
49.1329
51.6396
54.2899
57.0765
59.9886
63.0117
66.1277
69.3151
72.5488
75.8009
79.0414
82.239
85.3619
88.3791
91.2615
93.9832
96.5217
98.8595
100.984
102.887
104.567
106.026
107.278
108.333
109.197
109.872
110.418
110.845
111.131
111.257
111.213
110.994
110.604
110.051
109.343
108.496
107.517
106.416
105.205
103.891
102.484
101.002
99.4635
97.8879
96.2941
94.7018
93.1281
91.5869
90.0905
88.6516
87.2837
86.0027
84.8288
83.7877
82.9103
82.2382
81.8253
81.7403
82.0675
82.9119
84.4085
86.7794
90.2401
96.0664
17.215
17.242
17.2678
17.2926
17.3165
17.3395
17.3619
17.3837
17.4051
17.4261
17.4471
17.468
17.489
17.5104
17.5322
17.5546
17.5777
17.6018
17.627
17.6534
17.6812
17.7107
17.742
17.7752
17.8105
17.8482
17.8884
17.9313
17.9772
18.0261
18.0784
18.1342
18.1937
18.2571
18.3246
18.3965
18.473
18.5542
18.6404
18.7318
18.8285
18.9309
19.039
19.1531
19.2734
19.4001
19.5333
19.6732
19.8199
19.9738
20.1347
20.303
20.4788
20.6621
20.853
21.0517
21.2583
21.4728
21.6953
21.9259
22.1645
22.4114
22.6664
22.9297
23.2014
23.4814
23.7698
24.0668
24.3723
24.6866
25.0097
25.3419
25.6833
26.0343
26.3952
26.7664
27.1483
27.5415
27.9468
28.3648
28.7965
29.243
29.7055
30.1853
30.6841
31.2037
31.7461
32.3137
32.909
33.5349
34.1946
34.8917
35.6302
36.4144
37.249
38.1394
39.0912
40.1105
41.204
42.3788
43.6426
45.0034
46.4696
48.05
49.7538
51.59
53.5679
55.6964
57.984
60.4387
63.0671
65.8747
68.8652
72.0399
75.3976
78.9338
82.6403
86.505
90.511
94.6368
98.8558
103.136
107.443
111.733
115.965
120.091
124.063
127.834
131.358
134.593
137.503
140.057
142.234
144.018
145.404
146.396
147.015
147.279
147.288
147.047
146.542
145.768
144.736
143.462
141.967
140.27
138.393
136.363
134.206
131.955
129.625
127.232
124.789
122.322
119.837
117.362
114.922
112.54
110.231
108.006
105.874
103.861
101.969
100.191
98.5242
96.9677
95.5237
94.1979
92.9995
91.9432
91.0572
90.3839
89.9812
89.9331
90.3571
91.4181
93.384
96.6178
101.497
110.007
20.2445
20.2901
20.3356
20.381
20.4266
20.4727
20.5195
20.5673
20.6162
20.6668
20.7191
20.7736
20.8305
20.8902
20.9529
21.019
21.0888
21.1627
21.241
21.3241
21.4123
21.506
21.6055
21.7114
21.824
21.9436
22.0708
22.2059
22.3494
22.5017
22.6633
22.8346
23.0161
23.2083
23.4117
23.6267
23.8538
24.0936
24.3464
24.6128
24.8932
25.1881
25.4979
25.8232
26.1643
26.5216
26.8955
27.2865
27.6947
28.1206
28.5644
29.0264
29.5068
30.0058
30.5236
31.0602
31.6158
32.1903
32.7839
33.3965
34.0281
34.6786
35.348
36.0361
36.7428
37.4681
38.2119
38.9739
39.7543
40.553
41.37
42.2053
43.0593
43.9321
44.8241
45.7359
46.668
47.6213
48.5967
49.5955
50.6192
51.6693
52.7478
53.857
54.9994
56.178
57.3961
58.6572
59.9655
61.3254
62.742
64.2207
65.7672
67.3879
69.0896
70.8797
72.7657
74.7557
76.8582
79.0816
81.4349
83.9269
86.5665
89.3621
92.3217
95.4527
98.7612
102.252
105.929
109.792
113.841
118.07
122.471
127.031
131.734
136.558
141.474
146.449
151.444
156.413
161.305
166.066
170.635
174.95
178.949
182.57
185.755
188.452
190.617
192.217
193.231
193.653
193.487
192.754
191.487
189.741
187.653
185.229
182.503
179.517
176.315
172.938
169.427
165.823
162.163
158.481
154.808
151.177
147.605
144.091
140.646
137.266
134.006
130.901
127.95
125.154
122.513
120.024
117.688
115.501
113.462
111.573
109.831
108.233
106.775
105.453
104.264
103.212
102.302
101.546
100.968
100.61
100.535
100.839
101.665
103.222
105.803
109.85
115.966
127.36
25.4475
25.5383
25.6329
25.7317
25.8351
25.9437
26.058
26.1786
26.3062
26.4415
26.585
26.7374
26.8996
27.0721
27.2558
27.4514
27.6597
27.8815
28.1178
28.3694
28.6372
28.9221
29.2252
29.5475
29.8899
30.2537
30.6398
31.0495
31.4839
31.9442
32.4316
32.9473
33.4927
34.0689
34.6773
35.3191
35.9955
36.7079
37.4574
38.2453
39.0727
39.9408
40.8506
41.803
42.799
43.8394
44.9249
46.0561
47.2334
48.4573
49.7279
51.0453
52.4093
53.8198
55.2764
56.7784
58.3252
59.916
61.5496
63.2251
64.941
66.6962
68.4891
70.3182
72.182
74.0787
76.0067
77.9645
79.9504
81.963
84.001
86.0629
88.1477
90.2545
92.3825
94.5315
96.7012
98.8919
101.104
103.338
105.596
107.879
110.189
112.529
114.902
117.31
119.759
122.252
124.794
127.391
130.048
132.771
135.566
138.441
141.402
144.456
147.61
150.871
154.247
157.742
161.363
165.114
169
173.021
177.18
181.473
185.898
190.447
195.109
199.87
204.713
209.613
214.542
219.467
224.348
229.14
233.791
238.244
242.438
246.308
249.784
252.797
255.279
257.165
258.396
258.924
258.711
257.737
255.996
253.505
250.296
246.422
241.953
236.972
231.571
225.851
219.924
213.885
207.819
201.8
195.887
190.129
184.562
179.214
174.1
169.229
164.605
160.215
156.054
152.096
148.353
144.837
141.558
138.519
135.712
133.13
130.762
128.596
126.624
124.836
123.223
121.779
120.499
119.376
118.406
117.585
116.91
116.383
116.01
115.805
115.791
116.014
116.539
117.475
118.987
121.318
124.804
129.965
137.507
152.238
36.2575
36.5181
36.7962
37.0929
37.4095
37.7478
38.1094
38.4959
38.9091
39.3506
39.8224
40.3264
40.8645
41.4388
42.0514
42.7044
43.4003
44.1413
44.93
45.769
46.6608
47.6084
48.6144
49.6819
50.8139
52.0133
53.2833
54.6272
56.048
57.549
59.1333
60.8041
62.5646
64.4176
66.3661
68.4127
70.5601
72.8105
75.1661
77.6286
80.1995
82.8799
85.6704
88.5713
91.5824
94.7028
97.9314
101.266
104.705
108.246
111.883
115.615
119.435
123.34
127.323
131.379
135.501
139.683
143.918
148.198
152.517
156.866
161.24
165.63
170.029
174.43
178.827
183.213
187.583
191.93
196.251
200.541
204.796
209.012
213.186
217.318
221.406
225.45
229.449
233.405
237.317
241.19
245.024
248.823
252.592
256.334
260.053
263.754
267.442
271.123
274.802
278.484
282.174
285.876
289.595
293.336
297.1
300.89
304.707
308.55
312.416
316.302
320.2
324.101
327.993
331.861
335.685
339.443
343.106
346.644
350.018
353.188
356.106
358.721
360.976
362.812
364.164
364.966
365.153
364.659
363.422
361.388
358.512
354.76
350.117
344.584
338.186
330.968
323.002
314.38
305.213
295.629
285.766
275.764
265.763
255.893
246.271
236.994
228.142
219.767
211.906
204.573
197.771
191.487
185.693
180.347
175.418
170.862
166.663
162.828
159.341
156.189
153.355
150.823
148.573
146.585
144.842
143.329
142.03
140.935
140.031
139.312
138.769
138.395
138.186
138.139
138.252
138.529
138.977
139.61
140.461
141.569
143.008
144.9
147.431
150.875
155.593
162.168
171.208
190.404
68.4627
69.4538
70.5222
71.6717
72.9078
74.2353
75.6584
77.1815
78.8092
80.5464
82.3982
84.3699
86.4669
88.6948
91.0596
93.5673
96.224
99.0361
102.01
105.152
108.469
111.968
115.655
119.536
123.617
127.905
132.406
137.123
142.063
147.23
152.627
158.257
164.122
170.223
176.56
183.132
189.937
196.971
204.23
211.706
219.393
227.282
235.361
243.619
252.042
260.617
269.326
278.153
287.08
296.087
305.156
314.266
323.397
332.527
341.637
350.705
359.711
368.637
377.463
386.171
394.745
403.169
411.429
419.511
427.405
435.1
442.588
449.861
456.915
463.744
470.347
476.721
482.867
488.787
494.481
499.953
505.206
510.245
515.073
519.697
524.12
528.348
532.39
536.25
539.935
543.45
546.798
549.984
553.011
555.882
558.599
561.163
563.572
565.826
567.921
569.852
571.614
573.199
574.595
575.791
576.772
577.522
578.02
578.245
578.171
577.77
577.011
575.859
574.277
572.222
569.652
566.519
562.776
558.371
553.255
547.377
540.69
533.15
524.719
515.372
505.09
493.874
481.741
468.728
454.896
440.33
425.142
409.465
393.454
377.279
361.121
345.16
329.572
314.519
300.143
286.557
273.847
262.068
251.247
241.38
232.445
224.404
217.206
210.781
205.002
199.797
195.107
190.948
187.3
184.141
181.436
179.149
177.245
175.691
174.457
173.517
172.846
172.426
172.24
172.275
172.52
172.965
173.601
174.424
175.428
176.611
177.973
179.521
181.262
183.214
185.401
187.869
190.715
194.082
198.178
203.303
209.826
218.309
228.888
251.78
82.2734
80.9505
79.7253
78.5958
77.5595
76.6146
75.7596
74.9931
74.3142
73.7219
73.2157
72.7951
72.4598
72.2098
72.0451
71.966
71.973
72.0664
72.2472
72.516
72.8739
73.3219
73.8611
74.4928
75.2182
76.0387
76.9555
77.9701
79.0836
80.2973
81.6123
83.0297
84.5502
86.1745
87.9029
89.7357
91.6726
93.713
95.8561
98.1004
100.444
102.885
105.421
108.047
110.761
113.558
116.432
119.38
122.394
125.468
128.596
131.77
134.983
138.227
141.494
144.775
148.063
151.35
154.627
157.885
161.119
164.319
167.479
170.593
173.654
176.656
179.594
182.465
185.263
187.986
190.631
193.196
195.679
198.08
200.398
202.633
204.785
206.857
208.849
210.763
212.599
214.361
216.051
217.672
219.226
220.717
222.146
223.516
224.829
226.089
227.296
228.454
229.563
230.626
231.643
232.616
233.546
234.432
235.276
236.077
236.834
237.546
238.213
238.833
239.403
239.922
240.386
240.792
241.136
241.414
241.62
241.749
241.792
241.742
241.59
241.326
240.938
240.415
239.742
238.906
237.893
236.689
235.281
233.658
231.815
229.747
227.459
224.962
222.277
219.43
216.46
213.41
210.331
207.275
204.293
201.436
198.744
196.245
193.96
191.893
190.04
188.391
186.931
185.631
184.754
183.964
183.163
182.34
181.513
180.703
179.929
179.202
178.531
177.919
177.366
176.869
176.429
176.052
175.741
175.499
175.331
175.245
175.244
175.331
175.514
175.801
176.196
176.72
177.403
178.342
179.581
181.227
183.473
186.633
191.178
197.747
207.179
220.158
238.179
260.396
224.639
227.874
233.579
239.847
246.135
252.55
259.209
266.213
273.7
281.845
290.844
300.922
312.331
325.364
340.364
357.738
377.987
401.709
429.744
462.765
256.083
171.519
136.92
121.059
128.551
104.411
101.953
100.535
100.001
100.035
100.415
101.031
101.836
102.816
103.977
105.343
106.951
108.848
111.091
113.749
116.902
120.65
125.11
130.415
136.362
120.196
104.48
92.8551
86.1547
81.5833
79.2725
77.3577
75.7307
74.4762
73.5472
72.8655
72.3747
72.0378
71.8319
71.7456
71.7772
71.9327
72.2246
72.6705
73.2932
74.1207
75.1863
76.53
78.189
80.0588
77.5289
73.1925
68.7297
65.4992
62.3037
69.833
68.2566
66.7497
65.4013
64.2303
63.2206
62.3524
61.6086
60.975
60.4419
60.0043
59.6618
59.4177
59.2789
59.2555
59.3606
59.6105
60.0247
60.6196
61.3438
60.8043
59.2695
57.2422
55.5313
53.4461
65.5685
64.1345
62.7056
61.3454
60.0832
58.9246
57.8687
56.9117
56.0481
55.2728
54.5822
53.9751
53.4523
53.0169
52.6743
52.4318
52.2991
52.2879
52.4075
52.633
52.4352
51.7498
50.6778
49.6826
48.2383
63.6241
62.2383
60.8381
59.4674
58.1524
56.9052
55.7329
54.6389
53.6237
52.6864
51.8257
51.0412
50.3334
49.7042
49.1568
48.6961
48.3284
48.0616
47.9021
47.8384
47.6405
47.2198
46.5467
45.8989
44.8246
62.9032
61.5181
60.1143
58.7225
57.3636
56.0508
54.7939
53.5998
52.4726
51.4141
50.4254
49.5071
48.6602
47.8863
47.1878
46.5682
46.0323
45.5858
45.2335
44.9709
44.6898
44.3256
43.8114
43.3274
42.4663
62.8898
61.4792
60.0513
58.6278
57.2253
55.8559
54.53
53.2558
52.0392
50.8838
49.7922
48.7662
47.8073
46.9173
46.0984
45.3535
44.6862
44.1013
43.6024
43.1891
42.8074
42.4187
41.9504
41.5323
40.7891
63.3059
61.854
60.3887
58.9255
57.4773
56.0548
54.668
53.3254
52.0333
50.7967
49.619
48.5028
47.4502
46.4633
45.5441
44.6954
43.9202
43.2226
42.6056
42.0711
41.591
41.1464
40.6682
40.2621
39.5771
63.9857
62.4828
60.9715
59.4628
57.9667
56.4925
55.0495
53.6456
52.2875
50.9806
49.7286
48.5349
47.4019
46.3319
45.3271
44.39
43.5236
42.7313
42.0156
41.3801
40.8094
40.2983
39.7831
39.3594
38.6945
64.8223
63.2627
61.7
60.142
58.5964
57.0712
55.5748
54.1147
52.6973
51.328
50.0108
48.7493
47.5462
46.404
45.3249
44.3115
43.3664
42.4929
41.6933
40.9719
40.3196
39.7408
39.1761
38.7188
38.0505
65.742
64.1228
62.5055
60.8961
59.3002
57.725
56.1776
54.6651
53.1935
51.768
50.3928
49.0714
47.8067
46.6011
45.4571
44.3772
43.3637
42.42
41.5479
40.7525
40.0277
39.3843
38.7659
38.2673
37.5811
66.6915
65.0117
63.3388
61.6771
60.0312
58.407
56.811
55.2494
53.7281
52.2518
50.8245
49.4499
48.1306
46.8694
45.6684
44.5303
43.4573
42.4525
41.5177
40.6582
39.8694
39.1664
38.4943
37.9517
37.2399
67.6303
65.8908
64.1626
62.4493
60.7543
59.0828
57.4406
55.8333
54.2662
52.7437
51.2698
49.8478
48.4804
47.1702
45.9194
44.7305
43.6056
42.5478
41.5586
40.6437
39.7988
39.0422
38.3192
37.733
36.992
68.5269
66.7298
64.9481
63.1847
61.4425
59.726
58.0404
56.3907
54.7817
53.2176
51.7021
50.2381
48.8284
47.4753
46.1812
44.9481
43.7783
42.6748
41.6388
40.6762
39.7826
38.9784
38.2087
37.5812
36.8107
69.3559
67.5046
65.6721
63.8613
62.0746
60.316
58.5901
56.9016
55.2548
53.6535
52.101
50.6003
49.1537
47.7636
46.432
45.1611
43.9529
42.8103
41.7344
40.7312
39.7957
38.9502
38.1388
37.4732
36.6751
70.0967
68.1955
66.3162
64.4614
62.6336
60.8364
59.074
57.3505
55.67
54.0359
52.4513
50.9188
49.4407
48.019
46.6557
45.3528
44.1123
42.9368
41.8273
40.79
39.8193
38.9383
38.0908
37.391
36.5688
70.7324
68.7866
66.8651
64.9707
63.1059
61.2741
59.4792
57.725
56.0152
54.353
52.741
51.1817
49.6771
48.2292
46.8397
45.5105
44.2433
43.0409
41.904
40.8386
39.8389
38.9281
38.0506
37.3203
36.4787
71.2503
69.2665
67.3087
65.3801
63.4834
61.6219
59.7993
58.0192
56.2849
54.5993
52.9649
51.3837
49.8577
48.3886
46.9778
45.6273
44.3386
43.1141
41.9544
40.8655
39.8411
38.9043
38
37.241
36.3818
71.6392
69.6235
67.6349
65.6772
63.7532
61.8664
60.0204
58.2186
56.464
54.7592
53.1065
51.5079
49.9648
48.4788
47.0514
45.6841
44.3783
43.1362
41.9584
40.8506
39.8061
38.8476
37.9206
37.1367
36.2612
71.8892
69.8475
67.8336
65.8516
63.905
61.9972
60.1319
58.3124
56.5415
54.8217
53.155
51.543
49.9872
48.4888
47.0491
45.6695
44.3513
43.0965
41.9056
40.784
39.7247
38.7502
37.8062
37.0042
36.116
71.9953
69.934
67.9006
65.8998
63.9354
62.0113
60.1313
58.2984
56.5156
54.785
53.1084
51.4873
49.923
48.4164
46.9688
45.5813
44.255
42.9921
41.7926
40.6619
39.5927
38.6075
37.6516
36.8371
35.9406
71.9549
69.8806
67.8338
65.8199
63.8431
61.9078
60.0177
58.1762
56.3859
54.6489
52.9668
51.3409
49.7723
48.2618
46.8103
45.4191
44.089
42.8219
41.618
40.4826
39.408
38.4165
37.4538
36.6319
35.7318
71.7663
69.6861
67.6326
65.6116
63.6282
61.687
59.7921
57.9469
56.1539
54.4151
52.732
51.1056
49.5369
48.0265
46.5753
45.1843
43.8542
42.587
41.3826
40.2463
39.1703
38.1768
37.2117
36.3867
35.4875
71.4293
69.3506
67.2974
65.276
63.2922
61.351
59.4569
57.6132
55.8225
54.0868
52.4072
50.7848
49.2203
47.7141
46.267
44.8799
43.5535
42.2898
41.0884
39.9548
38.8811
37.8894
36.9258
36.102
35.2075
70.9443
68.8754
66.8301
64.8155
62.838
60.9032
59.0158
57.1794
55.3964
53.6688
51.9976
50.3836
48.8274
47.3294
45.8902
44.5106
43.1913
41.9342
40.7392
39.6115
38.5433
37.5567
36.5983
35.7794
34.893
70.3123
68.2623
66.2334
64.2334
62.2697
60.3483
58.4742
56.6511
54.8817
53.1675
51.5095
49.9085
48.3648
46.8788
45.451
44.0822
42.7731
41.5257
40.3399
39.221
38.1612
37.1829
36.2326
35.4223
34.5467
69.5419
67.5209
65.518
63.5418
61.6003
59.7003
57.847
56.0443
54.2947
52.5998
50.9605
49.3772
47.8504
46.3804
44.9676
43.6129
42.3173
41.0826
39.909
38.8019
37.7535
36.7865
35.8477
35.0494
34.188
68.6403
66.6596
64.6934
62.7511
60.8415
58.9718
57.1477
55.3729
53.65
51.9804
50.3651
48.8044
47.2987
45.8483
44.4538
43.1164
41.8369
40.6176
39.4587
38.3659
37.3316
36.3785
35.454
34.6702
33.8265
67.6002
65.6728
63.7555
61.8585
59.9914
58.1619
56.3758
54.6369
52.9477
51.3097
49.7236
48.1899
46.709
45.2815
43.9081
42.5901
41.3289
40.1268
38.9844
37.9075
36.8889
35.9514
35.0434
34.2754
33.4519
66.4198
64.5609
62.7066
60.8682
59.0558
57.2776
55.5395
53.8453
52.1974
50.5974
49.0459
47.5435
46.091
44.6891
43.3391
42.0426
40.8012
39.6178
38.4932
37.4336
36.4322
35.5114
34.6215
33.8706
33.0692
65.0968
63.3243
61.5496
59.7849
58.0412
56.3269
54.6478
53.0079
51.4094
49.854
48.3424
46.8757
45.4548
44.0812
42.7566
41.483
40.2628
39.0991
37.9933
36.9518
35.9685
35.0655
34.195
33.4622
32.684
63.6287
61.9633
60.2872
58.6138
56.9546
55.3183
53.7106
52.1354
50.5949
49.0909
47.6247
46.1977
44.8116
43.4685
42.1708
40.9213
39.723
38.5797
37.4932
36.4704
35.5058
34.6212
33.771
33.057
32.3031
62.0144
60.4794
58.9234
57.361
55.8042
54.2617
52.7389
51.2395
49.766
48.3206
46.9051
45.5218
44.1732
42.8625
41.5929
40.3682
39.1923
38.0695
37.0025
35.9985
35.0529
34.1869
33.3577
32.6627
31.9341
60.1492
58.7801
57.3776
55.9572
54.5308
53.1066
51.6897
50.2839
48.892
47.5167
46.1612
44.8287
43.5233
42.2492
41.0111
39.8139
38.6624
37.5621
36.5165
35.5331
34.6085
33.7632
32.9575
32.2838
31.5829
58.0289
56.8645
55.6525
54.408
53.1424
51.8629
50.5741
49.2799
47.984
46.6904
45.4037
44.1289
42.8716
41.6379
40.434
39.2666
38.1415
37.0655
36.043
35.0821
34.1805
33.3581
32.5781
31.9285
31.2572
55.799
54.8689
53.8739
52.8292
51.7447
50.6264
49.4788
48.3063
47.1136
45.9066
44.6918
43.4761
42.2675
41.0739
39.9036
38.7647
37.665
36.612
35.6116
34.6724
33.7932
32.9935
32.2391
31.614
30.9717
53.4998
52.8285
52.0773
51.2558
50.3719
49.4302
48.4354
47.3929
46.3093
45.1924
44.0512
42.895
41.7342
40.5792
39.4404
38.3279
37.2512
36.2194
35.2394
34.3204
33.4626
32.6849
31.9557
31.355
30.7409
51.1772
50.7936
50.3057
49.7282
49.0622
48.3106
47.4786
46.5731
45.603
44.5785
43.5111
42.4133
41.2981
40.1787
39.068
37.9786
36.9218
35.9082
34.9461
34.0456
33.2076
32.4511
31.7464
31.17
30.583
48.882
48.8117
48.6114
48.293
47.859
47.3089
46.648
45.8853
45.0318
44.1004
43.1058
42.0635
40.99
39.9017
38.8146
37.7437
36.7025
35.7035
34.7562
33.8716
33.0518
32.3152
31.6344
31.0822
30.5211
46.6758
46.9405
47.047
47.0047
46.8123
46.4729
45.9904
45.3751
44.6401
43.8012
42.8764
41.8851
40.8477
39.7843
38.7145
37.6561
36.6253
35.6363
34.7002
33.8288
33.0251
32.3075
31.6499
31.122
30.5858
44.6276
45.2485
45.6743
45.9196
45.981
45.8601
45.5631
45.0993
44.4836
43.7348
42.8749
41.9279
40.9186
39.872
38.8114
37.7584
36.7316
35.7474
34.8184
33.9572
33.168
32.4684
31.8339
31.331
30.8191
42.8093
43.7931
44.5547
45.1018
45.4318
45.5434
45.4404
45.1322
44.6355
43.9726
43.1701
42.2578
41.2662
40.2258
39.1646
38.1081
37.0779
36.0927
35.1665
34.3128
33.5365
32.8551
32.2442
31.7679
31.2794
41.3237
42.6602
43.7694
44.6398
45.2602
45.6232
45.7273
45.5802
45.2002
44.6157
43.8595
42.9684
41.9803
40.9323
39.858
38.7875
37.7456
36.7531
35.8256
34.9773
34.2135
33.5515
32.9664
32.5195
32.0546
40.339
42.0208
43.5002
44.7329
45.6858
46.3359
46.6719
46.6978
46.4326
45.9132
45.184
44.2919
43.285
42.2087
41.104
40.0058
38.9426
37.9376
37.0075
36.1671
35.422
34.7888
34.242
33.8379
33.4044
40.8375
42.7892
44.5924
46.164
47.4347
48.3529
48.8898
49.0439
48.8394
48.3204
47.5537
46.6023
45.5269
44.3835
43.2202
42.0767
40.9845
39.9676
39.0434
38.2263
37.5212
36.945
36.4664
36.1439
35.7556
43.8693
45.8435
47.7624
49.5044
50.9506
52.0083
52.6232
52.7863
52.5296
51.9131
51.0186
49.9361
48.7386
47.4908
46.246
45.0468
43.9253
42.905
42.0021
41.2304
40.5925
40.1078
39.7304
39.5372
39.1968
51.389
52.7285
54.2372
55.7346
57.0251
57.9495
58.4106
58.3835
57.9057
57.0543
55.9236
54.6287
53.254
51.8686
50.5279
49.2736
48.1359
47.1361
46.2877
45.6036
45.0829
44.7511
44.5358
44.5525
44.2696
64.8087
64.9193
65.3403
65.9553
66.5691
66.9413
66.9077
66.4153
65.5
64.2497
62.77
61.1847
59.5899
58.0526
56.6245
55.3429
54.2332
53.3128
52.592
52.0835
51.7823
51.7254
51.7987
52.1802
51.9973
81.5669
81.254
80.8946
80.5307
80.109
79.58
78.739
77.5229
75.973
74.1866
72.2779
70.3691
68.5596
66.9085
65.4596
64.2428
63.2772
62.5763
62.148
62.0083
62.1492
62.6313
63.2734
64.3598
64.4114
98.2703
99.2566
99.318
98.6839
97.5176
96.1348
94.4304
92.4144
90.1767
87.8413
85.5377
83.3913
81.4905
79.8868
78.6163
77.7022
77.1593
77.0008
77.2374
77.8983
78.9774
80.5868
82.434
85.0117
85.677
115.247
118.464
119.904
119.863
118.706
116.942
114.685
112.109
109.408
106.762
104.339
102.281
100.657
99.522
98.913
98.8538
99.3633
100.466
102.188
104.594
107.693
111.711
116.167
122.008
124.251
135.395
140.771
143.848
144.989
144.662
143.237
141.088
138.58
136.036
133.725
131.881
130.672
130.161
130.43
131.534
133.514
136.41
140.277
145.182
151.266
158.574
167.562
177.453
190.17
196.107
162.769
169.739
174.418
177.307
178.524
178.405
177.438
176.137
174.961
174.281
174.436
175.592
177.876
181.426
186.338
192.687
200.553
210.049
221.308
234.604
250.053
268.519
288.832
314.813
328.501
203.928
212.068
218.578
224.113
228.303
231.215
233.34
235.321
237.773
241.187
245.997
252.361
260.599
270.93
283.5
298.425
315.831
335.909
358.903
385.29
415.37
450.575
489.727
539.203
568.993
274.28
285.447
296.286
308.033
318.988
328.768
337.902
347.262
357.708
369.809
383.848
400.452
420.175
443.332
470.107
500.647
535.143
573.908
617.447
666.487
722.158
785.715
860.062
947.758
1017.57
363.296
394.63
418.059
432.229
438.063
437.186
431.057
421.667
410.953
401.403
393.108
386.574
382.307
380.595
381.558
385.239
391.681
400.966
413.317
428.926
448.53
472.002
502.324
536.745
594.542
)
;

boundaryField
{
    inlet
    {
        type            fixedValue;
        value           uniform 14.855;
    }
    outlet
    {
        type            zeroGradient;
    }
    upperWall
    {
        type            zeroGradient;
    }
    lowerWall
    {
        type            zeroGradient;
    }
    frontAndBack
    {
        type            empty;
    }
}


// ************************************************************************* //
