/*--------------------------------*- C++ -*----------------------------------*\
| =========                 |                                                 |
| \\      /  F ield         | OpenFOAM: The Open Source CFD Toolbox           |
|  \\    /   O peration     | Version:  1.4.2                                 |
|   \\  /    A nd           | Web:      http://www.openfoam.org               |
|    \\/     M anipulation  |                                                 |
\*---------------------------------------------------------------------------*/
FoamFile
{
    version     2.0;
    format      ascii;
    class       volScalarField;
    object      epsilon;
    location    "100";
}
// * * * * * * * * * * * * * * * * * * * * * * * * * * * * * * * * * * * * * //

dimensions      [0 2 -3 0 0 0 0];

internalField   nonuniform List<scalar> 
12225
(
474.823
667.281
1749.33
6463.45
12570.7
18924.5
24847.4
30033.5
34396.3
37956.3
40778.5
42942.8
44531.5
45618.6
46273.7
46575.5
46582.8
46827.2
75.1488
190.727
581.094
1778.58
3633.28
5822.48
8053.87
10136.5
11972.4
13525.9
14796.3
15801
16566.3
17120.7
17489.5
17699
17770.5
17730.2
44.6584
158.702
470.951
1176.57
2253.44
3557.06
4927.35
6242.73
7429.77
8453.39
9303.61
9985.18
10511.9
10898.9
11162.1
11317
11375.3
11336.3
43.0753
168.229
463.425
1011.71
1797.69
2735.09
3722.69
4678.3
5548.3
6304.29
6935.89
7444.56
7838.26
8127.39
8323.36
8437.24
8476.74
8441.39
48.4634
187.428
476.656
946.238
1577.33
2310.19
3075.18
3814.07
4487.3
5072.81
5561.87
5955
6257.54
6477.42
6623.47
6704.14
6725.23
6688.28
57.1777
210.095
494.979
913.427
1444.25
2042.63
2658.15
3248.3
3783.62
4247.33
4632.78
4940.26
5174.02
5340.48
5446.77
5499.63
5503.82
5461.94
67.9066
233.662
513.507
893.47
1351.61
1852.63
2358.83
2838.66
3270.18
3640.91
3946.19
4186.47
4365.52
4488.79
4562.19
4591.24
4580.05
4531.39
77.6425
251.795
525.492
878.021
1287.58
1724.6
2158.97
2565.92
2928.36
3236.77
3487.81
3682.31
3823.78
3917.05
3967.27
3979.17
3956.38
3901.48
83.4237
259.098
522.548
849.792
1219.65
1606.89
1986.81
2339.36
2650.81
2913.66
3125.37
3286.96
3401.63
3473.7
3507.66
3507.64
3476.93
3417.95
86.8259
258.953
507.633
807.567
1138.47
1478.99
1809.01
2112.48
2378.44
2601
2778.27
2911.28
3002.87
3056.79
3076.93
3066.89
3029.61
2967.4
88.3188
253.048
483.812
755.629
1049.32
1346.79
1631.76
1891.43
2117.19
2304.4
2451.66
2559.94
2631.71
2670.17
2678.68
2660.33
2617.78
2553.25
88.3292
243.005
454.029
697.948
956.914
1215.49
1460.46
1681.69
1872.44
2029.08
2150.59
2237.83
2292.92
2318.56
2317.63
2292.84
2246.58
2180.98
87.2093
230.29
421.029
638.24
865.59
1089.79
1300.06
1488.32
1649.31
1780.18
1880.19
1950.12
1991.72
2007.31
1999.33
1970.17
1922.02
1856.92
85.1773
216.091
387.194
579.837
779.286
974.021
1155.1
1316.04
1452.65
1562.69
1645.62
1702.08
1733.58
1742.04
1729.58
1698.32
1650.27
1587.39
82.2906
201.265
354.445
525.587
701.495
872.089
1029.82
1169.33
1287.19
1381.6
1452.09
1499.21
1524.19
1528.66
1514.45
1483.45
1437.5
1378.5
78.4825
186.408
324.321
477.938
635.39
787.73
928.397
1052.79
1157.96
1242.34
1305.47
1347.73
1370.12
1374
1360.96
1332.67
1290.82
1237.16
73.7017
172.118
298.324
439.359
584.343
725.133
855.78
972.108
1071.39
1152.1
1213.65
1256.24
1280.59
1287.82
1279.3
1256.47
1220.87
1174.12
68.408
160.025
279.525
414.525
554.677
692.22
821.447
938.265
1039.88
1124.59
1191.56
1240.7
1272.47
1287.76
1287.68
1273.52
1246.65
1208.53
62.6541
149.716
266.762
401.552
543.843
685.871
821.799
947.276
1059.16
1155.33
1234.57
1296.42
1341.05
1369.06
1381.4
1379.21
1363.73
1336.33
56.2597
139.172
255.507
393.298
542.163
694.052
842.694
983.182
1111.74
1225.62
1323.03
1403.03
1465.41
1510.49
1539.05
1552.1
1550.87
1536.71
49.3887
127.248
242.886
385.05
543.211
708.887
875.147
1036.23
1187.43
1325.08
1446.57
1550.3
1635.54
1702.31
1751.16
1783.07
1799.33
1801.42
42.4149
113.797
227.694
374.369
543.44
726.024
914.362
1101.54
1281.52
1449.33
1601.23
1734.68
1848.3
1941.64
2015.08
2069.57
2106.6
2128.05
35.864
99.2931
209.715
360.141
541.014
743.324
958.381
1177.71
1393.42
1598.72
1788.25
1958.25
2106.4
2231.71
2334.3
2415.2
2476.24
2520.07
30.1823
84.5468
189.393
342.177
535.407
760.58
1008
1267.04
1527.2
1779.1
2015.21
2230.05
2420.15
2583.78
2720.76
2832.22
2920.57
2989.59
25.658
70.5401
167.678
321.104
527.518
780.077
1067.89
1377.31
1694.07
2005.18
2300.05
2570.93
2812.77
3022.98
3201
3348.1
3467.42
3564.4
22.501
58.423
146.035
298.597
520.647
808.613
1150.18
1527.24
1919.94
2309.91
2682.22
3025.95
3334.08
3602.91
3831.53
4021.41
4176.53
4304.49
21.2158
49.7731
126.741
278.689
523.709
864.233
1286
1763.59
2267.91
2772.12
3254.7
3700.32
4099.34
4446.9
4741.83
4986.05
5184.65
5347.71
24.0122
48.044
114.423
273.095
565.56
1005.11
1572.73
2228.02
2924.38
3619.86
4282.19
4889.55
5429.09
5895.04
6286.74
6607.41
6863.93
7069.41
46.2317
69.9888
129.956
344.192
797.859
1518.62
2464.04
3550.44
4688.3
5803.6
6844.56
7779.9
8594.2
9283.16
9849.83
10302.1
10651.7
10916.8
337.332
317.081
426.846
1337.1
3049.66
5536.68
8541.86
11745.4
14883
17781.5
20348
22545.5
24371.8
25844.8
26993.2
27851.2
28457.6
28858.1
20.6294
36.545
57.9661
80.3033
103.047
126.246
149.95
174.179
198.937
224.224
250.035
276.365
303.212
330.573
358.449
386.84
415.747
445.173
475.119
505.585
536.571
568.073
600.085
632.598
665.595
699.058
732.959
767.267
801.938
836.923
872.16
907.579
943.097
978.62
1014.04
1049.25
1084.13
1118.57
1152.45
1185.71
1218.32
1249.27
1277.43
1302.27
1323.22
1339.73
1351.27
1357.36
1357.6
1351.69
1339.48
1320.93
1296.18
1265.52
1229.38
1188.35
1143.1
1094.39
1043.02
989.828
935.591
881.063
826.921
773.756
722.067
672.253
624.623
579.404
536.742
496.712
459.324
424.55
392.311
362.522
335.074
309.865
286.898
265.988
247.285
230.566
216.863
204.84
193.999
184.133
175.116
166.857
159.28
152.32
145.92
140.029
134.6
129.592
124.968
120.694
116.739
113.077
109.681
106.529
103.602
100.88
98.3466
95.9868
93.7868
91.7339
89.8168
88.0251
86.3495
84.7815
83.3134
81.9384
80.6499
79.4424
78.3104
77.2494
76.2549
75.3231
74.4503
73.6332
72.8687
72.1539
71.486
70.8625
70.2809
69.7389
69.2341
68.7643
68.3273
67.9211
67.5436
67.1928
66.8668
66.5639
66.2822
66.0202
65.7765
65.5495
65.338
65.1407
64.9564
64.7839
64.6218
64.4687
64.3232
64.1838
64.0488
63.9165
63.7852
63.653
63.5181
63.379
63.2345
63.084
62.9275
62.7616
62.5833
62.3902
62.1803
61.9524
61.7053
61.4388
61.1529
60.848
60.525
60.1849
59.8278
59.3701
43.9965
33.9165
27.0917
22.3488
18.9845
16.562
14.8014
13.5184
12.5879
11.9217
11.4559
11.1412
10.9413
10.7565
78.5732
67.6726
83.4425
102.262
120.87
138.563
155.264
171.08
186.15
200.604
214.549
228.077
241.264
254.175
266.86
279.363
291.718
303.951
316.081
328.122
340.081
351.962
363.764
375.486
387.12
398.658
410.091
421.409
432.6
443.653
454.557
465.303
475.882
486.289
496.519
506.575
516.46
526.182
535.753
545.187
554.504
563.56
571.749
578.805
584.515
588.672
591.088
591.594
590.055
586.372
580.491
572.405
562.154
549.824
535.55
519.506
501.913
483.017
463.073
442.352
421.131
399.68
378.251
357.069
336.331
316.202
296.816
278.255
260.579
243.825
228.014
213.145
199.206
186.167
173.995
162.624
152.038
142.002
132.911
124.681
117.373
110.809
104.86
99.4368
94.4767
89.9291
85.7522
81.9099
78.3703
75.1054
72.0896
69.3004
66.7171
64.3212
62.0959
60.026
58.0979
56.2989
54.6179
53.0447
51.57
50.1855
48.8836
47.6573
46.5006
45.4077
44.3737
43.394
42.4643
41.581
40.7407
39.9404
39.1773
38.449
37.7533
37.0881
36.4515
35.842
35.258
34.698
34.1608
33.645
33.1496
32.6735
32.2155
31.7749
31.3506
30.9419
30.5479
30.168
29.8015
29.4478
29.1064
28.7769
28.4588
28.1517
27.8553
27.5693
27.2934
27.0273
26.7708
26.5235
26.285
26.0551
25.8333
25.619
25.4119
25.2113
25.0166
24.8272
24.6426
24.4626
24.2879
24.1214
23.9589
23.7989
23.6403
23.4825
23.3249
23.1673
23.0098
22.8525
22.696
22.5416
22.3922
22.2316
21.4081
20.3267
19.1907
18.1006
17.1026
16.2145
15.4399
14.7755
14.2155
13.7795
13.4585
13.2532
13.1979
13.4847
117.97
88.9149
100.404
116.429
132.361
147.222
160.858
173.377
184.956
195.766
205.948
215.621
224.878
233.793
242.426
250.82
259.011
267.027
274.887
282.607
290.2
297.676
305.044
312.312
319.49
326.585
333.607
340.568
347.479
354.353
361.206
368.054
374.915
381.806
388.746
395.752
402.839
410.017
417.286
424.631
432.017
439.29
446.208
452.588
458.254
463.023
466.712
469.145
470.158
469.611
467.389
463.41
457.626
450.028
440.636
429.51
416.792
402.693
387.396
371.099
354.064
336.567
318.869
301.212
283.811
266.856
250.525
234.87
219.94
205.773
192.387
179.781
167.949
156.847
146.483
136.716
127.751
119.508
111.993
105.164
98.9797
93.3656
88.2521
83.5804
79.302
75.3762
71.7677
68.4457
65.383
62.5551
59.9402
57.5185
55.2724
53.1855
51.2434
49.4328
47.7418
46.1594
44.6761
43.2828
41.9716
40.7354
39.5676
38.4623
37.4144
36.4191
35.4721
34.5697
33.7085
32.8853
32.0976
31.3429
30.619
29.924
29.2561
28.6138
27.9957
27.4005
26.827
26.2742
25.741
25.2266
24.7299
24.2503
23.7869
23.339
22.9059
22.4871
22.0819
21.6898
21.3103
20.9432
20.5879
20.2442
19.9119
19.5907
19.2805
18.9811
18.6925
18.4144
18.1468
17.8896
17.6426
17.4055
17.1783
16.9605
16.7519
16.5521
16.3607
16.1773
16.0015
15.833
15.672
15.519
15.3741
15.2357
15.1027
14.9742
14.8495
14.7281
14.6096
14.4941
14.3816
14.2725
14.167
14.0619
13.8968
13.6675
13.3886
13.0795
12.7587
12.4412
12.1388
11.8607
11.6143
11.4091
11.255
11.1675
11.1797
11.3855
152.64
104.255
111.073
124.312
137.948
150.673
162.235
172.712
182.28
191.114
199.363
207.148
214.562
221.678
228.55
235.22
241.72
248.073
254.3
260.418
266.441
272.385
278.264
284.094
289.894
295.68
301.475
307.299
313.176
319.131
325.191
331.382
337.733
344.271
351.025
358.02
365.278
372.817
380.642
388.75
397.119
405.633
414.142
422.492
430.508
437.985
444.703
450.428
454.928
457.978
459.374
458.942
456.555
452.134
445.622
436.841
425.855
412.851
398.089
381.877
364.557
346.476
327.969
309.343
290.87
272.779
255.256
238.429
222.382
207.178
192.843
179.363
166.776
154.933
144.062
134.105
125
116.682
109.102
102.208
95.9411
90.2405
85.0461
80.3049
75.97
72
68.3583
65.0123
61.9332
59.0952
56.475
54.0519
51.807
49.7233
47.7854
45.9796
44.2933
42.7152
41.2352
39.8443
38.5342
37.2976
36.128
35.0194
33.9667
32.9652
32.0107
31.0995
30.2284
29.3946
28.5954
27.8287
27.0925
26.385
25.7047
25.0503
24.4205
23.8141
23.2303
22.6681
22.1266
21.605
21.1026
20.6186
20.1524
19.7032
19.2705
18.8538
18.4525
18.0661
17.6942
17.3365
16.9926
16.6622
16.3453
16.0415
15.7508
15.4729
15.2077
14.955
14.7146
14.4862
14.2695
14.064
13.8694
13.6849
13.5102
13.3446
13.1874
13.0382
12.8963
12.7614
12.6328
12.5116
12.3966
12.287
12.1817
12.0801
11.9817
11.886
11.7928
11.702
11.6136
11.5278
11.4448
11.364
11.2772
11.1782
11.0654
10.9402
10.8066
10.6696
10.5344
10.4066
10.2916
10.196
10.1282
10.1007
10.1349
10.2749
180.872
115.397
117.463
127.897
139.448
150.419
160.415
169.458
177.701
185.311
192.435
199.191
205.668
211.933
218.035
224.009
229.882
235.672
241.396
247.067
252.699
258.307
263.906
269.513
275.147
280.831
286.588
292.443
298.424
304.562
310.888
317.436
324.239
331.335
338.759
346.547
354.735
363.352
372.422
381.959
391.962
402.375
413.107
424.031
434.975
445.716
455.99
465.494
473.906
480.894
486.137
489.348
490.292
488.818
484.536
477.256
467.032
454.075
438.707
421.324
402.365
382.276
361.49
340.406
319.378
298.697
278.601
259.282
240.841
223.386
206.973
191.466
177.201
164.053
152.002
140.988
130.945
121.798
113.48
105.933
99.0838
92.859
87.1953
82.0364
77.3315
73.0341
69.1028
65.5006
62.1948
59.1559
56.3576
53.7761
51.3901
49.1802
47.1291
45.2211
43.4421
41.7795
40.2221
38.7596
37.3831
36.0845
34.8566
33.693
32.588
31.5368
30.5348
29.5782
28.6636
27.7882
26.9492
26.1445
25.3722
24.6305
23.9181
23.2337
22.5762
21.9445
21.3378
20.7552
20.196
19.6595
19.145
18.6518
18.1792
17.7266
17.2935
16.8792
16.4832
16.1051
15.7444
15.4006
15.0735
14.7628
14.4681
14.1892
13.9258
13.6776
13.4442
13.225
13.0196
12.8272
12.6473
12.4789
12.3212
12.1734
12.0346
11.9039
11.7805
11.6638
11.553
11.4475
11.3472
11.2518
11.1605
11.0725
10.9872
10.9042
10.8231
10.7438
10.666
10.5898
10.5152
10.4426
10.3721
10.3038
10.2364
10.1682
10.0978
10.025
9.9505
9.87584
9.80328
9.73562
9.67626
9.62948
9.60112
9.59973
9.63859
9.73967
201.849
123.047
120.672
128.343
137.925
147.364
156.1
164.074
171.399
178.224
184.687
190.899
196.943
202.881
208.753
214.587
220.402
226.209
232.017
237.832
243.662
249.515
255.401
261.335
267.329
273.404
279.58
285.881
292.334
298.969
305.819
312.921
320.314
328.043
336.152
344.692
353.712
363.264
373.394
384.143
395.539
407.606
420.331
433.643
447.405
461.4
475.338
488.851
501.515
512.865
522.429
529.761
534.476
536.292
534.575
529.052
519.74
506.867
490.812
472.06
451.16
428.679
405.159
381.105
356.988
333.168
309.925
287.59
266.196
245.94
227.104
209.606
193.469
178.643
165.072
152.682
141.393
131.122
121.789
113.315
105.622
98.6375
92.2917
86.5256
81.281
76.5021
72.141
68.1555
64.5076
61.1631
58.0918
55.2659
52.6606
50.2537
48.0248
45.956
44.031
42.2353
40.556
38.9814
37.5013
36.1065
34.7889
33.5413
32.3574
31.2316
30.159
29.1354
28.1572
27.2211
26.3245
25.465
24.6408
23.85
23.0914
22.3638
21.6661
20.9974
20.357
19.7441
19.1581
18.5984
18.0642
17.5551
17.0702
16.6091
16.171
15.7555
15.3618
14.9894
14.6378
14.3065
13.995
13.7029
13.4296
13.1748
12.9377
12.7178
12.5142
12.3263
12.1528
11.9928
11.8451
11.7086
11.582
11.4642
11.3541
11.2508
11.1532
11.0607
10.9726
10.8883
10.8075
10.7296
10.6538
10.5799
10.5073
10.4358
10.3653
10.2956
10.2268
10.159
10.0924
10.0273
9.9638
9.90238
9.84299
9.78538
9.72925
9.67451
9.62144
9.57073
9.5235
9.48135
9.44639
9.42147
9.4106
9.41951
9.45634
9.53311
215.59
127.618
121.383
126.441
134.154
142.202
149.87
157.006
163.667
169.974
176.051
181.999
187.894
193.79
199.721
205.704
211.751
217.861
224.034
230.267
236.557
242.901
249.302
255.761
262.284
268.881
275.563
282.345
289.248
296.296
303.518
310.949
318.63
326.609
334.942
343.692
352.931
362.736
373.186
384.362
396.341
409.237
423.166
438.162
454.175
471.051
488.515
506.156
523.44
539.735
554.366
566.672
576.06
582.072
583.812
580.859
573.168
560.968
544.694
524.92
502.312
477.588
451.41
424.364
397.128
370.132
343.525
318.133
294.047
271.379
250.234
230.625
212.536
195.921
180.71
166.823
154.171
142.661
132.203
122.708
114.089
106.266
99.1615
92.7077
86.8399
81.4994
76.6341
72.1984
68.1469
64.4409
61.0452
57.928
55.0607
52.4174
49.9748
47.7122
45.6109
43.6542
41.8274
40.117
38.5115
37.0002
35.574
34.2246
32.945
31.7287
30.5704
29.4653
28.4094
27.3991
26.4317
25.5045
24.6156
23.7634
22.9465
22.1637
21.4142
20.6972
20.0121
19.3583
18.7354
18.1426
17.5796
17.0457
16.5404
16.063
15.6128
15.1892
14.7914
14.4188
14.0707
13.7463
13.445
13.166
12.9087
12.6721
12.4554
12.2575
12.0772
11.9133
11.7643
11.6287
11.5051
11.392
11.2879
11.1915
11.1017
11.0172
10.9373
10.8611
10.7881
10.7176
10.6491
10.5821
10.5159
10.4504
10.3854
10.3206
10.2562
10.192
10.1283
10.0652
10.003
9.94196
9.88246
9.82487
9.7695
9.71658
9.66628
9.61879
9.57444
9.53372
9.49736
9.46641
9.4423
9.42702
9.42333
9.43511
9.46736
9.5274
222.619
129.451
120.082
122.773
128.734
135.494
142.213
148.646
154.789
160.729
166.566
172.391
178.27
184.25
190.356
196.598
202.976
209.48
216.099
222.817
229.62
236.494
243.424
250.401
257.416
264.461
271.533
278.633
285.764
292.936
300.163
307.471
314.892
322.473
330.272
338.366
346.848
355.83
365.442
375.827
387.139
399.595
413.502
429.065
446.401
465.498
486.168
507.998
530.338
552.336
573.03
591.454
606.737
618.188
624.575
625.3
620.232
609.588
593.869
573.739
549.955
523.471
495.084
465.277
435.219
405.517
376.53
348.679
322.209
297.282
273.992
252.371
232.406
214.052
197.237
181.877
167.877
155.138
143.56
133.046
123.503
114.84
106.975
99.8312
93.338
87.4308
82.0514
77.1475
72.6724
68.5859
64.8479
61.4223
58.2763
55.3808
52.7094
50.2385
47.9473
45.8167
43.8301
41.9724
40.2303
38.592
37.047
35.5861
34.2011
32.8849
31.6314
30.4353
29.292
28.1978
27.1494
26.1442
25.1802
24.2557
23.3693
22.5202
21.7074
20.9306
20.1891
19.4828
18.8113
18.1741
17.571
17.0014
16.4649
15.9609
15.4885
15.0471
14.6359
14.2539
13.9003
13.5741
13.2743
12.9999
12.7498
12.5228
12.3176
12.1328
11.9668
11.8178
11.6842
11.5641
11.4558
11.3574
11.2675
11.1846
11.1073
11.0346
10.9655
10.8993
10.8354
10.773
10.7116
10.6507
10.5899
10.529
10.468
10.4067
10.3454
10.284
10.2228
10.1621
10.1021
10.0431
9.98568
9.93008
9.87676
9.8261
9.77845
9.73414
9.69356
9.65717
9.62554
9.59947
9.57999
9.56853
9.56707
9.57822
9.60511
9.65273
223.792
128.887
117.152
117.792
122.147
127.707
133.549
139.349
145.045
150.681
156.335
162.081
167.976
174.056
180.338
186.823
193.502
200.356
207.362
214.494
221.725
229.027
236.372
243.733
251.084
258.399
265.653
272.825
279.893
286.841
293.66
300.348
306.914
313.386
319.81
326.263
332.852
339.73
347.092
355.184
364.29
374.758
387.14
401.889
419.38
439.85
463.291
489.345
517.235
545.805
573.674
599.445
621.885
639.986
652.176
657.675
656.248
648.08
633.785
614.129
589.783
562.199
532.398
501.188
469.439
437.832
406.894
377.046
348.587
321.72
296.562
273.166
251.531
231.616
213.355
196.661
181.435
167.572
154.968
143.518
133.122
123.683
115.112
107.327
100.251
93.8133
87.9516
82.6086
77.7331
73.2804
69.2112
65.4855
62.0671
58.9236
56.0263
53.349
50.8687
48.5645
46.4178
44.412
42.5323
40.7655
39.0998
37.5251
36.032
34.6128
33.2604
31.969
30.7336
29.5499
28.4144
27.3243
26.2774
25.2721
24.3071
23.3815
22.4949
21.6469
20.8374
20.0663
19.3336
18.6392
17.9831
17.3649
16.7843
16.2408
15.7337
15.2622
14.8254
14.4222
14.0515
13.712
13.4026
13.1218
12.8682
12.6403
12.4362
12.2543
12.0925
11.9489
11.8214
11.7079
11.6063
11.5148
11.4315
11.355
11.2837
11.2167
11.1529
11.0916
11.032
10.9734
10.9152
10.8569
10.7982
10.7392
10.6796
10.6196
10.5592
10.4987
10.4383
10.3783
10.319
10.2607
10.204
10.1492
10.0967
10.047
10.0005
9.95752
9.91851
9.8839
9.8542
9.83001
9.81216
9.80169
9.80004
9.80899
9.83047
9.86838
220.114
126.297
112.929
111.872
114.798
119.25
124.267
129.467
134.737
140.085
145.559
151.215
157.095
163.224
169.609
176.244
183.11
190.183
197.429
204.815
212.301
219.848
227.415
234.96
242.439
249.806
257.016
264.02
270.771
277.221
283.325
289.044
294.349
299.223
303.675
307.75
311.544
315.222
319.052
323.418
328.821
335.849
345.288
357.904
374.427
395.448
421.238
451.541
485.422
521.299
557.199
591.146
621.478
646.809
665.357
676.225
679.059
673.956
661.74
643.392
619.952
592.626
562.529
530.661
497.928
465.094
432.773
401.447
371.47
343.086
316.445
291.621
268.63
247.44
227.988
210.189
193.942
179.141
165.675
153.436
142.317
132.219
123.046
114.71
107.132
100.236
93.9558
88.2301
83.0042
78.2301
73.8659
69.8706
66.2058
62.8369
59.7329
56.8659
54.2112
51.7461
49.4506
47.3067
45.2982
43.4107
41.6314
39.9487
38.3528
36.8347
35.3868
34.0025
32.6762
31.4033
30.1798
29.0028
27.8698
26.7791
25.7297
24.7207
23.752
22.8234
21.9352
21.0878
20.2816
19.5168
18.7939
18.1128
17.4737
16.8761
16.3196
15.8035
15.3267
14.8882
14.4867
14.1207
13.7886
13.4887
13.2193
12.9784
12.7641
12.5741
12.4061
12.2579
12.1271
12.0113
11.9083
11.816
11.7324
11.6558
11.5847
11.518
11.4546
11.3938
11.3345
11.2759
11.2176
11.1591
11.1001
11.0405
10.9804
10.9197
10.8587
10.7976
10.7366
10.676
10.6162
10.5577
10.5007
10.4458
10.3933
10.3436
10.2973
10.2546
10.216
10.1819
10.1526
10.1288
10.111
10.1001
10.097
10.1031
10.1194
10.1494
212.344
122.05
107.729
105.354
107.063
110.521
114.771
119.401
124.262
129.323
134.604
140.134
145.937
152.026
158.399
165.044
171.937
179.047
186.338
193.769
201.293
208.864
216.429
223.935
231.323
238.534
245.502
252.16
258.437
264.258
269.548
274.232
278.238
281.505
283.989
285.678
286.612
286.922
286.885
286.997
288.021
291.003
296.898
306.787
321.814
342.995
370.927
405.441
445.356
488.524
532.245
573.89
611.529
643.116
667.164
682.771
689.623
687.972
678.526
662.264
640.317
613.896
584.189
552.299
519.21
485.765
452.652
420.414
389.455
360.057
332.402
306.586
282.638
260.538
240.228
221.626
204.631
189.137
175.03
162.199
150.536
139.936
130.302
121.544
113.576
106.323
99.7136
93.6854
88.1808
83.1492
78.546
74.3301
70.4618
66.9053
63.6283
60.6018
57.7996
55.1981
52.7761
50.5144
48.3958
46.4049
44.5277
42.752
41.0667
39.4623
37.9302
36.4632
35.0551
33.7005
32.3954
31.1361
29.9203
28.746
27.612
26.5178
25.4632
24.4486
23.4746
22.542
21.6518
20.8048
20.002
19.244
18.5313
17.8642
17.2424
16.6655
16.1327
15.643
15.195
14.7871
14.4176
14.0844
13.7855
13.5186
13.2814
13.0715
12.8861
12.7228
12.5789
12.4518
12.3389
12.2381
12.1471
12.064
11.9874
11.9158
11.848
11.7833
11.7205
11.6587
11.5973
11.5359
11.4742
11.4121
11.3495
11.2865
11.2234
11.1603
11.0974
11.0352
10.974
10.9141
10.856
10.8001
10.7468
10.6965
10.6496
10.6064
10.5674
10.5329
10.5032
10.4788
10.4601
10.4478
10.4426
10.4454
10.4567
10.4799
200.23
116.477
101.896
98.6315
99.4017
102.035
105.627
109.768
114.266
119.051
124.108
129.445
135.073
140.994
147.203
153.685
160.415
167.362
174.485
181.741
189.081
196.451
203.794
211.049
218.15
225.028
231.606
237.807
243.545
248.732
253.277
257.086
260.07
262.142
263.227
263.281
262.31
260.402
257.805
255.033
252.992
253.22
256.84
265.214
279.836
302.061
332.669
371.38
416.58
465.492
514.772
561.241
602.457
637.001
664.123
682.738
692.42
693.331
686.09
671.64
651.112
625.728
596.708
565.204
532.249
498.736
465.402
432.829
401.457
371.598
343.454
317.138
292.693
270.107
249.328
230.277
212.856
196.96
182.475
169.289
157.294
146.384
136.461
127.432
119.213
111.726
104.898
98.6668
92.9726
87.7633
82.9923
78.6186
74.603
70.9093
67.5047
64.3597
61.4476
58.744
56.2271
53.8771
51.6758
49.6072
47.6566
45.8108
44.0581
42.388
40.7913
39.26
37.7872
36.3671
34.9948
33.6665
32.3793
31.131
29.9202
28.7464
27.6096
26.5102
25.4493
24.428
23.448
22.5108
21.618
20.7711
19.9713
19.2196
18.5166
17.8622
17.2563
16.6981
16.1864
15.7197
15.2962
14.9137
14.57
14.2625
13.9886
13.7456
13.5305
13.3406
13.1728
13.0244
12.8927
12.775
12.669
12.5727
12.4843
12.4022
12.3251
12.2521
12.1818
12.1132
12.0457
11.9786
11.9117
11.8448
11.7779
11.7109
11.6441
11.5776
11.5116
11.4466
11.3828
11.3207
11.2605
11.2028
11.1478
11.096
11.0478
11.0033
10.9631
10.9273
10.8964
10.8705
10.8501
10.8357
10.8277
10.8268
10.8332
10.8501
184.842
110.575
96.6328
93.0145
93.1886
95.2042
98.2195
101.838
105.874
110.247
114.929
119.914
125.2
130.783
136.651
142.788
149.166
155.753
162.509
169.389
176.342
183.314
190.244
197.068
203.718
210.12
216.195
221.862
227.032
231.615
235.52
238.654
240.931
242.274
242.625
241.96
240.314
237.821
234.795
231.835
229.952
230.695
235.411
245.645
262.994
288.748
323.398
366.168
414.909
466.464
517.355
564.456
605.445
639.03
665.076
683.086
692.606
693.714
686.92
673.06
653.181
628.441
600.017
569.035
536.521
503.366
470.312
437.95
406.729
376.969
348.883
322.592
298.142
275.529
254.705
235.594
218.103
202.126
187.554
174.277
162.187
151.18
141.159
132.033
123.718
116.135
109.215
102.893
97.1104
91.8155
86.9607
82.5038
78.4066
74.6354
71.1574
67.9433
64.9664
62.2025
59.6295
57.2273
54.9776
52.8638
50.8706
48.9844
47.1927
45.4844
43.8497
42.2798
40.7672
39.3052
37.8886
36.5127
35.1742
33.8705
32.5998
31.3614
30.155
28.9812
27.841
26.7361
25.6684
24.6401
23.6536
22.7111
21.8149
20.967
20.1689
19.4216
18.7258
18.0815
17.488
16.9442
16.4486
15.9991
15.5933
15.2288
14.9025
14.6115
14.3528
14.1232
13.9195
13.7387
13.5777
13.4338
13.3044
13.187
13.0798
12.9809
12.8888
12.8024
12.7201
12.6407
12.5634
12.4876
12.4127
12.3385
12.265
12.192
12.1196
12.048
11.9775
11.9082
11.8406
11.775
11.7116
11.6509
11.5933
11.539
11.4884
11.4417
11.3993
11.3614
11.3281
11.2998
11.2768
11.2593
11.2478
11.2425
11.2436
11.2541
166.981
104.508
91.9378
88.384
88.2454
89.8235
92.3735
95.532
99.1197
103.053
107.299
111.843
116.682
121.806
127.206
132.861
138.746
144.829
151.072
157.43
163.854
170.289
176.678
182.957
189.058
194.911
200.439
205.566
210.21
214.29
217.727
220.447
222.387
223.502
223.778
223.246
222.013
220.319
218.625
217.707
218.906
223.599
233.305
249.641
274.023
307.195
348.722
396.765
448.352
500.047
548.658
591.688
627.511
655.397
675.536
688.489
694.007
692.15
683.322
668.205
647.686
622.775
594.518
563.938
531.977
499.463
467.091
435.418
404.87
375.75
348.26
322.515
298.561
276.39
255.958
237.19
219.997
204.277
189.924
176.832
164.897
154.018
144.103
135.062
126.815
119.286
112.407
106.116
100.355
95.0739
90.2263
85.7706
81.669
77.8877
74.396
71.1672
68.1759
65.398
62.8123
60.3987
58.139
56.0166
54.0161
52.1233
50.3256
48.6112
46.9698
45.392
43.8695
42.3952
40.963
39.5677
38.2052
36.8725
35.5671
34.2878
33.034
31.8059
30.6045
29.4314
28.2886
27.1786
26.1044
25.069
24.0755
23.1269
22.226
21.3752
20.5762
19.8302
19.1379
18.4989
17.9124
17.377
16.8905
16.4505
16.0542
15.6986
15.3803
15.0961
14.8426
14.6164
14.4143
14.2333
14.0703
13.9228
13.7885
13.6653
13.5514
13.4455
13.3457
13.2507
13.1593
13.0708
12.9845
12.8999
12.8169
12.7353
12.6551
12.5764
12.4993
12.424
12.3509
12.2801
12.212
12.147
12.0852
12.0271
11.9728
11.9226
11.8767
11.8352
11.7984
11.7664
11.7395
11.7177
11.7014
11.6907
11.6856
11.6891
148.447
98.3441
87.6373
84.4762
84.2621
85.5744
87.7828
90.5703
93.7733
97.3104
101.144
105.257
109.642
114.291
119.194
124.332
129.684
135.221
140.908
146.704
152.564
158.439
164.273
170.01
175.588
180.942
186.008
190.717
195.006
198.811
202.076
204.758
206.833
208.307
209.229
209.722
210.02
210.558
212.111
215.959
223.489
236.172
255.564
282.993
319.082
363.237
413.414
466.404
518.573
566.678
608.377
642.321
667.998
685.547
695.652
699.547
697.525
689.695
676.373
658.082
635.509
609.459
580.785
550.338
518.91
487.208
455.827
425.246
395.832
367.844
341.451
316.748
293.767
272.493
252.877
234.848
218.317
203.186
189.356
176.725
165.196
154.673
145.068
136.299
128.287
120.963
114.263
108.126
102.501
97.3368
92.591
88.2234
84.1981
80.4825
77.0473
73.8658
70.9142
68.171
65.6184
63.2364
61.0074
58.9152
56.9445
55.0812
53.3123
51.626
50.0113
48.4586
46.9589
45.5045
44.0887
42.7058
41.3508
40.02
38.7106
37.4204
36.1484
34.8944
33.6586
32.4424
31.2477
30.0768
28.9327
27.8189
26.739
25.6967
24.6959
23.7403
22.833
21.9768
21.1737
20.425
19.7312
19.0919
18.506
17.9717
17.4865
17.0478
16.6523
16.2966
15.9773
15.6909
15.4338
15.2027
14.9944
14.8059
14.6345
14.4779
14.334
14.201
14.077
13.9602
13.8493
13.7431
13.6409
13.542
13.4459
13.3524
13.2613
13.1726
13.0863
13.0026
12.9216
12.8436
12.7688
12.6974
12.6296
12.5657
12.5059
12.4503
12.3991
12.3524
12.3102
12.2728
12.2402
12.2124
12.1897
12.172
12.1593
12.1546
130.646
92.1797
83.6415
81.1375
81.058
82.2742
84.2789
86.8107
89.7298
92.9629
96.4736
100.245
104.267
108.534
113.037
117.762
122.691
127.8
133.06
138.436
143.89
149.379
154.857
160.275
165.582
170.728
175.662
180.337
184.709
188.746
192.428
195.757
198.769
201.546
204.251
207.166
210.79
216.025
224.431
237.46
256.529
283.041
317.986
361.456
412.195
467.496
523.605
576.549
623.022
660.941
689.495
708.839
719.696
723.074
720.159
712.361
700.498
684.705
665.215
642.392
616.725
588.798
559.246
528.71
497.795
467.044
436.913
407.77
379.891
353.467
328.618
305.401
283.824
263.86
245.451
228.524
212.992
198.762
185.741
173.832
162.946
152.996
143.899
135.579
127.967
120.997
114.611
108.753
103.375
98.4321
93.8835
89.6923
85.8252
82.2517
78.9443
75.8782
73.0305
70.381
67.9113
65.6048
63.4482
61.4258
59.5228
57.7254
56.0207
54.3968
52.8427
51.3481
49.904
48.5022
47.1352
45.7968
44.4816
43.1852
41.9039
40.6353
39.3775
38.1295
36.8913
35.6634
34.4472
33.2447
32.0585
30.8918
29.7484
28.6323
27.5477
26.4993
25.4913
24.5278
23.6127
22.7488
21.9385
21.1831
20.483
19.8378
19.2462
18.7062
18.2152
17.7702
17.3678
17.0045
16.6767
16.3808
16.1133
15.871
15.6507
15.4497
15.2656
15.0963
14.9396
14.7934
14.6559
14.5258
14.4019
14.2834
14.1694
14.0596
13.9536
13.8513
13.7524
13.657
13.5651
13.4769
13.3925
13.312
13.2356
13.1635
13.0956
13.0322
12.9733
12.9189
12.8691
12.8238
12.7832
12.7472
12.7159
12.6892
12.667
12.6522
114.369
86.1275
79.9123
78.2898
78.5549
79.8655
81.8416
84.2848
87.0879
90.1946
93.5775
97.2245
101.131
105.294
109.709
114.366
119.253
124.351
129.637
135.084
140.66
146.333
152.067
157.827
163.579
169.289
174.933
180.491
185.959
191.348
196.699
202.092
207.671
213.674
220.503
228.838
239.929
255.965
278.558
308.679
347.261
394.459
449.237
509.144
570.491
628.957
680.464
721.996
752.067
770.687
778.94
778.421
770.797
757.599
740.204
719.927
697.636
673.389
647.303
619.585
590.541
560.551
530.04
499.439
469.16
439.564
410.957
383.572
357.582
333.094
310.165
288.808
269.001
250.696
233.826
218.313
204.073
191.016
179.053
168.1
158.071
148.89
140.483
132.781
125.722
119.247
113.305
107.846
102.827
98.2076
93.9515
90.0254
86.3992
83.0454
79.939
77.0571
74.3788
71.8852
69.559
67.3845
65.3477
63.4358
61.6391
59.9443
58.3389
56.8115
55.351
53.9471
52.5903
51.2723
49.9852
48.7223
47.4777
46.2466
45.0247
43.8089
42.5968
41.387
40.1786
38.9716
37.7668
36.5655
35.3698
34.1824
33.0064
31.8459
30.7049
29.5881
28.5005
27.4469
26.4323
25.4612
24.5375
23.6647
22.8451
22.0801
21.3703
20.7151
20.1132
19.5624
19.0602
18.6033
18.1884
17.8118
17.47
17.1594
16.8767
16.6185
16.3823
16.1654
15.9655
15.7802
15.6075
15.4454
15.2926
15.1477
15.0098
14.878
14.7519
14.6309
14.5148
14.4034
14.2966
14.1944
14.0967
14.0036
13.9151
13.8313
13.7521
13.6777
13.6078
13.5427
13.4821
13.426
13.3745
13.3275
13.2848
13.2464
13.212
13.1847
100.111
80.1991
76.3384
75.8168
76.6812
78.354
80.586
83.2544
86.2971
89.6875
93.4195
97.497
101.927
106.717
111.868
117.376
123.23
129.416
135.915
142.707
149.768
157.076
164.61
172.354
180.298
188.441
196.797
205.402
214.32
223.657
233.582
244.365
256.429
270.463
287.623
309.758
340.523
380.018
428.053
484.293
547.264
614.233
681.375
744.261
798.581
840.906
869.282
883.459
884.696
875.225
857.598
834.163
806.813
776.985
745.805
714.298
682.749
651.076
619.254
587.346
555.5
523.928
492.873
462.585
433.295
405.199
378.451
353.158
329.385
307.156
286.464
267.273
249.531
233.169
218.109
204.268
191.563
179.908
169.222
159.427
150.447
142.215
134.664
127.737
121.377
115.535
110.166
105.226
100.678
96.4882
92.6235
89.0555
85.7577
82.7062
79.8786
77.2547
74.8159
72.5449
70.426
68.4447
66.5876
64.8428
63.199
61.646
60.1757
58.7797
57.4459
56.1648
54.9266
53.7227
52.5453
51.3872
50.2422
49.1051
47.9713
46.8373
45.7001
44.5578
43.4092
42.2536
41.0913
39.9229
38.75
37.5746
36.3993
35.2274
34.0627
32.9094
31.7722
30.6564
29.5672
28.51
27.49
26.5121
25.5806
24.6989
23.8697
23.0943
22.3733
21.7062
21.0916
20.5273
20.0107
19.5386
19.1076
18.714
18.3543
18.0252
17.7232
17.4457
17.1904
16.9548
16.7362
16.5325
16.3417
16.1622
15.9926
15.8318
15.6788
15.533
15.3939
15.261
15.134
15.0126
14.8969
14.7865
14.6814
14.5816
14.4869
14.3972
14.3124
14.2325
14.1573
14.0868
14.0208
13.9592
13.9018
13.8485
13.799
13.7563
91.4207
76.1632
74.0008
74.4754
76.0759
78.4085
81.3404
84.8409
88.8752
93.4492
98.5899
104.329
110.699
117.724
125.421
133.778
142.783
152.419
162.669
173.515
184.942
196.94
209.504
222.645
236.388
250.788
265.934
281.972
299.12
317.714
338.274
361.617
388.993
422.554
465.432
520.205
582.92
652.091
725.372
799.468
870.359
933.722
985.5
1022.5
1042.9
1046.57
1035
1010.96
977.837
938.931
896.965
853.869
810.862
768.677
727.811
688.752
651.225
614.965
579.81
545.709
512.695
480.853
450.296
421.131
393.451
367.324
342.783
319.838
298.47
278.637
260.283
243.339
227.727
213.364
200.166
188.049
176.93
166.731
157.377
148.797
140.925
133.701
127.07
120.978
115.381
110.234
105.498
101.138
97.1218
93.4189
90.0025
86.8479
83.9323
81.2349
78.7365
76.4192
74.2668
72.264
70.3967
68.6517
67.0167
65.4805
64.0325
62.663
61.363
60.1241
58.9385
57.8013
56.702
55.6323
54.5844
53.551
52.5258
51.5031
50.4783
49.4475
48.4075
47.356
46.2913
45.2124
44.1191
43.0117
41.8909
40.7585
39.6162
38.4669
37.3135
36.1597
35.0099
33.8687
32.7412
31.633
30.5496
29.4968
28.48
27.5041
26.5736
25.6919
24.8614
24.0836
23.359
22.6867
22.0655
21.493
20.9665
20.4829
20.0387
19.6303
19.2542
18.9067
18.5871
18.2926
18.0203
17.7674
17.5317
17.3109
17.1034
16.9077
16.7225
16.5467
16.3797
16.2206
16.0691
15.9245
15.7866
15.6551
15.5297
15.4102
15.2964
15.1881
15.0851
14.9873
14.8945
14.8066
14.7233
14.6446
14.57
14.4993
14.4323
14.3722
84.6573
72.725
72.1974
73.895
76.6437
80.246
84.7126
90.0362
96.2732
103.505
111.806
121.245
131.907
143.809
156.961
171.362
187.001
203.856
221.902
241.109
261.447
282.894
305.442
329.104
353.935
380.042
407.633
437.03
468.757
503.584
542.716
588.164
642.003
708.848
784.172
862.548
941.058
1016.54
1085.48
1144.29
1189.64
1218.93
1230.6
1224.48
1201.85
1165.34
1118.47
1065.08
1008.64
951.821
896.339
843.088
792.42
744.416
699.087
656.528
616.352
578.188
541.823
507.159
474.176
442.894
413.342
385.544
359.505
335.21
312.622
291.684
272.328
254.474
238.033
222.916
209.032
196.29
184.603
173.886
164.061
155.052
146.792
139.215
132.262
125.88
120.019
114.633
109.682
105.129
100.938
97.0803
93.5261
90.2502
87.2291
84.4412
81.8667
79.4875
77.2866
75.2486
73.3588
71.6037
69.9705
68.4474
67.0231
65.687
64.4293
63.2404
62.1118
61.0353
60.0031
59.0085
58.0444
57.1063
56.1876
55.2799
54.3776
53.4745
52.5655
51.6467
50.7144
49.7659
48.7992
47.8129
46.8062
45.7789
44.7315
43.6648
42.5802
41.4797
40.3657
39.2411
38.1096
36.9751
35.8423
34.7161
33.602
32.5058
31.4333
30.3906
29.383
28.4157
27.4928
26.6177
25.7927
25.0189
24.2966
23.6249
23.0022
22.4261
21.8938
21.4021
20.9477
20.5269
20.1368
19.777
19.4446
19.1364
18.8498
18.5823
18.3317
18.0961
17.8739
17.6639
17.4648
17.2756
17.0957
16.9244
16.7609
16.605
16.4562
16.314
16.1783
16.0487
15.925
15.8069
15.6942
15.5868
15.4841
15.3861
15.2924
15.2028
15.1168
15.0378
79.7654
69.8118
71.1652
74.7841
79.7646
86.1527
94.0793
103.697
115.208
128.859
144.807
163.182
184.106
207.657
233.87
262.732
294.172
328.068
364.254
402.529
442.685
484.53
527.907
572.72
618.966
666.832
716.761
769.387
826.053
887.87
956.555
1036.55
1121.73
1202.88
1277.59
1343.3
1397.81
1439.45
1466.17
1476.39
1469.28
1444.99
1404.78
1351.02
1287
1216.51
1143.28
1070.46
1000.27
933.943
871.888
814.034
760.089
709.734
662.73
618.952
577.945
539.36
502.995
468.744
436.558
406.407
378.263
352.085
327.815
305.38
284.692
265.655
248.166
232.119
217.409
203.934
191.596
180.3
169.959
160.492
151.822
143.879
136.6
129.926
123.803
118.184
113.024
108.284
103.927
99.92
96.2342
92.8421
89.7192
86.8433
84.1937
81.7518
79.5004
77.4236
75.5067
73.736
72.0987
70.5828
69.1769
67.8702
66.6527
65.5145
64.4465
63.4398
62.486
61.5773
60.7061
59.8655
59.0488
58.2502
57.4639
56.6846
55.9099
55.1323
54.3465
53.5486
52.7343
51.9005
51.0449
50.1655
49.2611
48.331
47.3751
46.3937
45.3877
44.3582
43.3071
42.2367
41.1496
40.0492
38.9393
37.824
36.7084
35.5977
34.4978
33.4147
32.3545
31.3232
30.3264
29.369
28.4549
27.5875
26.7686
25.9993
25.2794
24.6079
23.983
23.4024
22.8632
22.3622
21.8961
21.4622
21.0606
20.688
20.3418
20.019
19.7172
19.434
19.1677
18.9164
18.6787
18.4533
18.2391
18.0353
17.841
17.6556
17.4784
17.309
17.147
16.9919
16.8435
16.7013
16.5649
16.4344
16.3088
16.1874
16.0701
15.9574
15.8492
15.7489
76.5994
67.9485
72.4454
80.1129
90.3918
103.667
120.439
141.226
166.581
197.067
233.157
275.198
323.362
377.599
437.619
502.864
572.53
645.664
721.221
798.151
875.54
952.754
1029.32
1104.89
1179.37
1253.62
1328.57
1404.58
1484.76
1567.25
1645.41
1710.38
1761.89
1799.09
1821.45
1828.76
1821.15
1798.59
1760.91
1708.61
1642.93
1565.98
1480.6
1390.13
1298.06
1207.56
1121.05
1040.02
965.045
896.019
832.476
773.82
719.492
669.055
622.222
578.728
538.141
500.183
464.689
431.554
400.709
372.085
345.61
321.196
298.741
278.135
259.258
241.987
226.202
211.783
198.616
186.595
175.619
165.594
156.435
148.063
140.407
133.401
126.987
121.11
115.723
110.783
106.248
102.085
98.2611
94.7472
91.5173
88.5477
85.817
83.3055
80.9954
78.8704
76.9155
75.1169
73.4617
71.9379
70.5344
69.2405
68.0462
66.942
65.9186
64.9672
64.0794
63.247
62.4622
61.7173
61.0053
60.3191
59.6523
58.999
58.3533
57.7102
57.0652
56.4134
55.7515
55.0776
54.3858
53.6725
52.9355
52.1722
51.3807
50.5597
49.709
48.8283
47.9176
46.9775
46.0094
45.0148
43.9957
42.9546
41.8944
40.8186
39.7313
38.637
37.5409
36.4489
35.3669
34.3011
33.2577
32.2427
31.2614
30.3185
29.4178
28.5621
27.753
26.9912
26.2762
25.607
24.9816
24.3977
23.8524
23.3429
22.8663
22.4223
22.009
21.6235
21.263
20.9251
20.6074
20.3081
20.0251
19.7572
19.5027
19.2607
19.03
18.8097
18.5992
18.3977
18.2047
18.0196
17.842
17.6715
17.507
17.3475
17.193
17.0439
16.9003
16.7624
16.6303
16.5073
74.7915
69.4316
81.9173
100.869
126.534
160.302
203.818
258.859
327.139
409.935
507.569
619.256
743.079
876.2
1015.39
1157.09
1297.77
1434.35
1564.16
1685.21
1796.69
1899.45
1993.44
2078.04
2153.3
2222.62
2285.06
2336.57
2370.83
2386.45
2385.54
2369.13
2338.27
2294.09
2237.38
2169.72
2091.26
2002.67
1905.07
1800.16
1690.18
1577.82
1465.96
1357.33
1254.19
1158.04
1069.54
988.636
914.78
847.21
785.142
727.879
674.875
625.739
580.225
537.963
498.629
462.017
427.988
396.441
367.284
340.422
315.747
293.141
272.475
253.614
236.421
220.763
206.51
193.537
181.729
170.98
161.189
152.268
144.133
136.711
129.934
123.741
118.078
112.896
108.151
103.804
99.8181
96.1625
92.8083
89.7296
86.9034
84.3085
81.926
79.7387
77.731
75.8884
74.1979
72.6475
71.2259
69.9227
68.7281
67.6328
66.628
65.7052
64.8564
64.0736
63.3493
62.6758
62.0461
61.453
60.8897
60.3496
59.8265
59.3143
58.8074
58.3006
57.7891
57.2682
56.7343
56.1839
55.6132
55.0197
54.4034
53.7597
53.0858
52.3806
51.6435
50.8734
50.0698
49.2326
48.3626
47.461
46.5289
45.5683
44.581
43.5697
42.5376
41.4885
40.4268
39.3574
38.286
37.2183
36.1605
35.1187
34.099
33.1072
32.1483
31.2266
30.3454
29.507
28.7126
27.9626
27.2563
26.5925
25.9692
25.3844
24.8354
24.3199
23.836
23.3829
22.9585
22.5601
22.1853
21.8319
21.498
21.1817
20.8813
20.5956
20.3232
20.063
19.8139
19.5751
19.3464
19.1265
18.9141
18.7082
18.509
18.3164
18.1304
17.9512
17.779
17.6141
17.4565
17.3096
76.2708
85.2834
126.927
187.676
271.738
384.42
530.097
711.38
927.327
1172.8
1437.49
1709.19
1975.94
2227.69
2458.91
2665.26
2843.69
2992.66
3111.73
3201.85
3265.43
3307.28
3331
3335.57
3321.56
3286.69
3232.79
3164.26
3083.58
2992.51
2892.66
2785.32
2671.37
2552.6
2428.96
2300.96
2169.38
2035.4
1900.6
1766.86
1636.28
1510.93
1392.58
1282.5
1181.3
1088.95
1004.9
928.356
858.395
794.167
734.946
680.157
629.382
582.344
538.767
498.313
460.754
425.932
393.726
364.03
336.735
311.723
288.866
268.025
249.056
231.814
216.156
201.944
189.048
177.345
166.721
157.073
148.307
140.335
133.08
126.473
120.45
114.956
109.94
105.356
101.165
97.3302
93.8193
90.6036
87.657
84.9565
82.4812
80.2123
78.1328
76.2276
74.4827
72.8856
71.4247
70.0894
68.8701
67.7575
66.7432
65.819
64.9775
64.211
63.5126
62.8752
62.2922
61.7567
61.2623
60.8024
60.3709
59.9615
59.5681
59.1852
58.8071
58.4285
58.0447
57.6511
57.2435
56.8182
56.3716
55.9011
55.4043
54.8785
54.3215
53.7324
53.1121
52.4575
51.7673
51.0411
50.279
49.4822
48.6513
47.787
46.8906
45.964
45.0094
44.0298
43.0288
42.0106
40.9798
39.9416
38.9015
37.8653
36.8393
35.8293
34.8412
33.8803
32.9512
32.0576
31.202
30.3864
29.6115
28.8775
28.1836
27.5286
26.9108
26.3281
25.7788
25.2606
24.7716
24.3105
23.8754
23.4644
23.0754
22.7064
22.3556
22.0216
21.7028
21.3978
21.1055
20.8244
20.5529
20.2908
20.0376
19.7928
19.5564
19.3283
19.1086
18.8973
18.6947
18.5011
18.3166
18.1445
90.404
185.745
390.489
667.606
1033.52
1480.92
1986.11
2520.44
3050.44
3552.06
3992.41
4354.07
4631.25
4826.42
4947.55
5005.48
5013.28
4979.03
4909.45
4811.91
4692.89
4555.85
4403.84
4243.3
4077.94
3909.67
3739.76
3569.47
3399.54
3230.29
3062.56
2896.65
2732.08
2568.99
2407.69
2248.78
2093.12
1941.86
1796.31
1657.8
1527.52
1406.37
1294.79
1192.73
1099.72
1014.98
937.599
866.673
801.39
741.071
685.182
633.325
585.219
540.661
499.335
461.004
425.501
392.696
362.475
334.724
309.32
286.132
265.019
245.833
228.425
212.648
198.36
185.425
173.715
163.114
153.512
144.811
136.921
129.76
123.257
117.344
111.965
107.066
102.601
98.5281
94.8097
91.4127
88.3076
85.468
82.87
80.4928
78.3173
76.3266
74.5055
72.8403
71.3186
69.9294
68.6623
67.5081
66.4582
65.5048
64.6404
63.8581
63.1512
62.5133
61.9383
61.4201
60.9528
60.5306
60.1476
59.7981
59.4763
59.1767
58.8935
58.6215
58.3554
58.0901
57.8207
57.5428
57.2521
56.9446
56.6167
56.2654
55.8878
55.4812
55.0436
54.5732
54.0692
53.5299
52.954
52.341
51.691
51.0059
50.2847
49.5273
48.7344
47.9068
47.0463
46.155
45.2358
44.2922
43.3277
42.3464
41.353
40.3526
39.3509
38.3538
37.3671
36.3967
35.4479
34.5251
33.6322
32.7722
31.9472
31.1587
30.4072
29.6927
29.0144
28.371
27.7612
27.1834
26.6358
26.1168
25.6245
25.157
24.7125
24.2893
23.8856
23.4996
23.1298
22.7748
22.4335
22.1048
21.7877
21.4816
21.1861
20.9008
20.6257
20.3605
20.1055
19.8606
19.6261
19.4025
19.1898
18.9914
227.214
1199.02
2430.26
3656.57
4856.64
5921.3
6780.19
7412.48
7809.31
7989.85
7996.76
7876.05
7668.04
7404.57
7109.08
6797.89
6479.2
6161.56
5851.53
5552.24
5264.87
4989.44
4725.48
4472.8
4230.72
3998.39
3774.99
3560.73
3354.57
3155.33
2962.45
2775.63
2594.69
2419.71
2250.99
2089.06
1934.58
1788.26
1650.79
1522.68
1404.19
1295.24
1195.44
1104.14
1020.52
943.731
872.969
807.528
746.824
690.403
637.925
589.142
543.881
501.896
462.947
426.865
393.516
362.785
334.558
308.716
285.127
263.652
244.148
226.465
210.456
195.977
182.89
171.066
160.382
150.728
142
134.106
126.962
120.49
114.623
109.299
104.464
100.069
96.07
92.4283
89.1092
86.0819
83.3191
80.7963
78.4918
76.386
74.4619
72.7038
71.098
69.6322
68.2951
67.0768
65.9683
64.9613
64.0484
63.2226
62.4774
61.807
61.2055
60.6676
60.1878
59.7612
59.3825
59.0467
58.7488
58.4837
58.2465
58.032
57.8353
57.6514
57.4754
57.3026
57.1283
56.9482
56.7579
56.5536
56.3316
56.0885
55.8212
55.527
55.2033
54.8483
54.4602
54.0373
53.5785
53.0828
52.5497
51.9794
51.3717
50.7264
50.0436
49.3239
48.5682
47.778
46.9558
46.1045
45.2263
44.3239
43.4012
42.4623
41.5121
40.5559
39.5993
38.6482
37.7083
36.7843
35.8804
35.0006
34.1481
33.3253
32.5341
31.7755
31.0499
30.3568
29.6958
29.0657
28.4653
27.8932
27.3477
26.8271
26.3299
25.8544
25.3989
24.9618
24.5418
24.1376
23.7482
23.3727
23.0102
22.6603
22.3225
21.9964
21.682
21.3792
21.0881
20.8088
20.5417
20.287
20.0451
19.8194
4087.1
9574.93
12264
13457.7
13744.4
13472.5
12879.7
12117.2
11299.4
10500.6
9754.1
9070.5
8449.33
7885.54
7372.78
6904.9
6476.22
6081.46
5716.3
5377.1
5060.71
4764.41
4486.11
4224.77
3977.74
3743.11
3519.44
3305.85
3101.5
2905.66
2717.85
2537.8
2365.47
2200.94
2044.47
1896.35
1756.9
1626.37
1504.89
1392.37
1288.51
1192.83
1104.67
1023.33
948.092
878.294
813.363
752.83
696.329
643.59
594.423
548.69
506.214
466.767
430.183
396.33
365.095
336.37
310.04
285.982
264.064
244.147
226.087
209.738
194.96
181.614
169.568
158.702
148.898
140.054
132.071
124.862
118.349
112.459
107.129
102.301
97.9232
93.9505
90.3416
87.0604
84.0745
81.355
78.8764
76.616
74.5536
72.6712
70.953
69.3846
67.9535
66.6483
65.4589
64.3765
63.3927
62.5004
61.6928
60.964
60.3083
59.7206
59.1959
58.7295
58.3171
57.9542
57.6366
57.3599
57.1199
56.9123
56.7327
56.5768
56.4402
56.3185
56.2074
56.1024
55.9994
55.8942
55.7827
55.6612
55.5259
55.3734
55.2005
55.0044
54.7823
54.5319
54.2512
53.9384
53.5918
53.2102
52.7927
52.3386
51.8476
51.319
50.7529
50.1491
49.5081
48.8306
48.1179
47.3718
46.5941
45.7868
44.9528
44.0954
43.2186
42.3267
41.4248
40.5185
39.614
38.7153
37.8266
36.9523
36.0961
35.2615
34.4515
33.6679
32.9119
32.1842
31.485
30.8141
30.1709
29.5543
28.9633
28.3966
27.8528
27.3304
26.8281
26.3445
25.8784
25.4287
24.9945
24.5751
24.1697
23.7779
23.3994
23.0339
22.6813
22.3415
22.0148
21.7013
21.4014
21.1155
20.8438
20.5902
33190.7
25544.3
20593.9
17223.4
14899
13215.2
11931.4
10901.2
10036.3
9286.73
8624.06
8031.15
7496.45
7011.35
6569.06
6164.55
5793.05
5449.67
5130.61
4832.78
4553.63
4290.97
4043.06
3808.59
3586.14
3374.44
3172.47
2979.51
2795.02
2618.56
2449.9
2288.9
2135.58
1990.01
1852.31
1722.59
1600.92
1487.24
1381.38
1283.01
1191.69
1106.88
1028.02
954.533
885.918
821.72
761.565
705.162
652.301
602.837
556.676
513.725
473.772
436.652
402.239
370.424
341.105
314.177
289.528
267.035
246.567
227.988
211.159
195.941
182.198
169.8
158.622
148.549
139.472
131.293
123.919
117.27
111.27
105.851
100.954
96.5235
92.5121
88.8763
85.5776
82.5818
79.8584
77.3804
75.1239
73.0675
71.1923
69.4815
67.9204
66.4957
65.1956
64.0097
62.9289
61.9448
61.0501
60.2381
59.5029
58.8392
58.2419
57.7066
57.2291
56.8052
56.4313
56.1036
55.8186
55.5726
55.362
55.1833
55.0329
54.907
54.8018
54.7137
54.6388
54.5733
54.5135
54.4555
54.3956
54.3304
54.2562
54.1698
54.0681
53.948
53.8068
53.6421
53.4515
53.233
52.9847
52.7052
52.3931
52.0473
51.6669
51.2511
50.7993
50.3111
49.7864
49.2252
48.6281
47.9958
47.3293
46.6302
45.9002
45.1418
44.3579
43.5521
42.7283
41.8912
41.0454
40.1955
39.3457
38.5003
37.6636
36.8395
36.0324
35.2448
34.4781
33.7336
33.0128
32.3163
31.6441
30.9959
30.3711
29.769
29.1885
28.6286
28.0881
27.566
27.0612
26.5728
26.1001
25.6424
25.1992
24.7702
24.3552
23.9538
23.5662
23.1924
22.8325
22.4867
22.1556
21.8395
21.539
21.2579
16288.2
14718.9
13292
12063.4
11027.8
10153.1
9405.89
8756.65
8182.09
7665.36
7195.01
6763.31
6364.89
5995.79
5652.82
5333.47
5035.36
4756.17
4493.82
4246.53
4012.74
3791.1
3580.48
3379.96
3188.73
3006.03
2831.27
2663.99
2503.89
2350.73
2204.41
2064.86
1932.11
1806.17
1687.08
1574.82
1469.3
1370.35
1277.68
1190.94
1109.72
1033.6
962.171
895.037
831.861
772.357
716.299
663.523
613.92
567.431
524.032
483.591
445.94
410.95
378.519
348.554
320.96
295.636
272.472
251.349
232.14
214.714
198.938
184.68
171.811
160.208
149.753
140.337
131.859
124.224
117.347
111.15
105.562
100.52
95.9673
91.852
88.1286
84.7562
81.6984
78.923
76.4011
74.1071
72.0184
70.1149
68.3788
66.7943
65.3474
64.0257
62.8182
61.7153
60.7082
59.7893
58.9518
58.1897
57.4975
56.8704
56.3038
55.7939
55.3369
54.9293
54.568
54.2497
53.9714
53.7302
53.5232
53.3473
53.1995
53.077
52.9764
52.8948
52.8289
52.7755
52.7313
52.6932
52.6578
52.6219
52.5824
52.5363
52.4804
52.4122
52.3287
52.2275
52.1063
51.9629
51.7952
51.6016
51.3803
51.13
50.8494
50.5373
50.1928
49.8151
49.4034
48.9573
48.4765
47.9611
47.4114
46.828
46.2119
45.5645
44.8878
44.1843
43.4569
42.7091
41.9445
41.1672
40.3809
39.5899
38.798
38.0093
37.2275
36.4559
35.6969
34.9529
34.2262
33.5196
32.8328
32.1661
31.5199
30.8939
30.2876
29.7004
29.1314
28.5797
28.0447
27.5255
27.0215
26.5324
26.0577
25.5972
25.1508
24.7184
24.3001
23.8959
23.5061
23.131
22.7709
22.4267
22.0987
21.7913
10919.6
10352.3
9729.69
9112.53
8531.77
7998.63
7513.65
7072.32
6668.58
6296.69
5951.95
5630.74
5330.31
5048.54
4783.7
4534.34
4299.12
4076.79
3866.17
3666.17
3475.87
3294.4
3121.05
2955.22
2796.39
2644.11
2498.02
2357.87
2223.44
2094.63
1971.36
1853.6
1741.34
1634.56
1533.22
1437.23
1346.45
1260.67
1179.64
1103.1
1030.76
962.343
897.595
836.284
778.213
723.226
671.207
622.082
575.817
532.409
491.859
454.021
418.769
386.005
355.642
327.596
301.78
278.097
256.441
236.698
218.749
202.468
187.731
174.413
162.393
151.557
141.794
133.003
125.088
117.962
111.544
105.763
100.551
95.8495
91.6046
87.7685
84.298
81.1549
78.3049
75.7176
73.3659
71.2258
69.2759
67.4973
65.8732
64.3889
63.0312
61.7884
60.6502
59.6075
58.6523
57.7775
56.9767
56.2442
55.5753
54.9653
54.4102
53.9066
53.4512
53.0408
52.6727
52.3444
52.0532
51.7968
51.5727
51.3786
51.212
51.0707
50.952
50.8536
50.7729
50.7072
50.6539
50.6104
50.5739
50.5418
50.5113
50.4797
50.4445
50.403
50.3527
50.2914
50.2166
50.1263
50.0185
49.8911
49.7426
49.5712
49.3754
49.1538
48.9051
48.628
48.3216
47.9847
47.6166
47.2167
46.7845
46.3199
45.8231
45.2945
44.7351
44.1464
43.5301
42.8886
42.2245
41.5409
40.8409
40.128
39.4056
38.6774
37.9468
37.2172
36.4913
35.7722
35.0624
34.3641
33.6791
33.0088
32.3554
31.7191
31.0998
30.4975
29.9116
29.3416
28.7869
28.2468
27.721
27.2092
26.7111
26.2268
25.7561
25.2992
24.856
24.427
24.0121
23.612
23.2269
22.8577
22.505
22.1736
8255.91
7979.14
7638.41
7267.27
6890.23
6522.54
6172.25
5842.57
5533.9
5245.22
4975
4721.62
4483.57
4259.51
4048.25
3848.71
3659.92
3480.94
3310.93
3149.09
2994.71
2847.15
2705.87
2570.4
2440.35
2315.37
2195.21
2079.65
1968.56
1861.81
1759.35
1661.11
1567.05
1477.11
1391.2
1309.22
1231.04
1156.49
1085.43
1017.7
953.137
891.599
832.954
777.089
723.913
673.362
625.397
580.008
537.206
497.025
459.446
424.347
391.634
361.226
333.049
307.026
283.075
261.104
241.013
222.696
206.038
190.925
177.241
164.87
153.701
143.627
134.548
126.369
119.002
112.367
106.389
101.001
96.1425
91.7575
87.7965
84.215
80.9729
78.0346
75.3681
72.945
70.7401
68.7309
66.8975
65.2222
63.6893
62.285
60.9968
59.814
58.7269
57.727
56.8067
55.9595
55.1794
54.4612
53.8004
53.1927
52.6347
52.123
51.6548
51.2273
50.8382
50.4852
50.1663
49.8794
49.6225
49.3939
49.1917
49.0139
48.8588
48.7243
48.6086
48.5096
48.4253
48.3536
48.2924
48.2395
48.1928
48.15
48.109
48.0676
48.0236
47.9751
47.9198
47.856
47.7816
47.6948
47.5939
47.4772
47.3431
47.19
47.0164
46.8209
46.602
46.3585
46.0891
45.7927
45.4682
45.1149
44.7322
44.3198
43.8777
43.4063
42.9064
42.3793
41.8265
41.25
40.6519
40.035
39.4019
38.7555
38.0988
37.4349
36.7665
36.0966
35.4279
34.7628
34.1035
33.4522
32.8108
32.1807
31.5637
30.9613
30.3731
29.7988
29.2381
28.6903
28.1552
27.6326
27.1226
26.625
26.1401
25.6681
25.209
24.7633
24.3311
23.9128
23.5091
23.1206
22.7483
22.3973
6573.44
6404.55
6188.3
5941.19
5678
5410.35
5146.32
4890.95
4647.01
4415.67
4197.17
3991.18
3797.1
3614.18
3441.63
3278.68
3124.54
2978.48
2839.78
2707.8
2581.92
2461.61
2346.38
2235.81
2129.55
2027.29
1928.8
1833.86
1742.33
1654.08
1569.02
1487.05
1408.09
1332.07
1258.89
1188.48
1120.77
1055.67
993.132
933.074
875.439
820.175
767.238
716.594
668.224
622.125
578.308
536.797
497.628
460.846
426.406
394.219
364.211
336.314
310.462
286.583
264.601
244.43
225.978
209.144
193.826
179.918
167.314
155.91
145.605
136.302
127.909
120.34
113.517
107.365
101.816
96.8103
92.2907
88.2071
84.514
81.1703
78.1393
75.3881
72.8874
70.6109
68.5354
66.64
64.9062
63.3178
61.86
60.5201
59.2866
58.1494
57.0995
56.129
55.2308
54.3989
53.6277
52.9124
52.2487
51.6328
51.0615
50.5318
50.041
49.5867
49.1669
48.7796
48.423
48.0955
47.7956
47.5216
47.2723
47.0461
46.8416
46.6575
46.4923
46.3445
46.2126
46.0951
45.9903
45.8967
45.8127
45.7365
45.6665
45.6009
45.5382
45.4764
45.4141
45.3494
45.2808
45.2067
45.1255
45.0355
44.9353
44.8233
44.698
44.5579
44.4014
44.2271
44.0335
43.8191
43.5826
43.3226
43.0381
42.7282
42.392
42.0293
41.6398
41.2238
40.7818
40.3149
39.8242
39.3114
38.7782
38.2267
37.6594
37.0784
36.4865
35.886
35.2795
34.6695
34.0584
33.4484
32.8416
32.2402
31.6459
31.0606
30.486
29.9234
29.3724
28.8323
28.3028
27.7838
27.2755
26.7779
26.2914
25.8162
25.3525
24.9008
24.4612
24.0343
23.6205
23.2207
22.8362
22.4721
5372.16
5250.15
5095.79
4917.41
4723.51
4521.77
4318.36
4117.85
3923.31
3736.63
3558.81
3390.22
3230.82
3080.33
2938.28
2804.13
2677.32
2557.24
2443.32
2335.02
2231.79
2133.18
2038.73
1948.07
1860.86
1776.81
1695.67
1617.26
1541.38
1467.91
1396.72
1327.7
1260.8
1195.94
1133.09
1072.2
1013.25
956.232
901.129
847.937
796.656
747.289
699.845
654.342
610.801
569.254
529.735
492.286
456.947
423.753
392.643
363.552
336.421
311.191
287.803
266.19
246.281
227.999
211.257
195.969
182.04
169.377
157.886
147.474
138.05
129.53
121.832
114.878
108.599
102.927
97.8038
93.1729
88.9844
85.1927
81.7567
78.6393
75.8073
73.2308
70.883
68.7401
66.7809
64.9862
63.3393
61.825
60.4301
59.1427
57.9522
56.8494
55.8259
54.8745
53.9887
53.1627
52.3915
51.6706
50.9962
50.3646
49.7729
49.2183
48.6984
48.2112
47.7546
47.3271
46.9271
46.5532
46.2041
45.8787
45.5757
45.2942
45.0331
44.7913
44.5678
44.3615
44.1714
43.9965
43.8356
43.6875
43.5511
43.4252
43.3086
43.2
43.0982
43.0019
42.9098
42.8206
42.7331
42.6458
42.5576
42.467
42.3728
42.2735
42.1678
42.0543
41.9314
41.7978
41.6518
41.4919
41.3167
41.1245
40.914
40.6838
40.4327
40.1597
39.864
39.5449
39.2024
38.8363
38.4471
38.0354
37.6021
37.1484
36.6759
36.1861
35.6811
35.1627
34.633
34.0944
33.5489
32.9987
32.4461
31.8931
31.3419
30.7945
30.2527
29.7185
29.1938
28.6777
28.1697
27.6699
27.1783
26.6953
26.2212
25.7564
25.3011
24.8557
24.4205
23.9959
23.5825
23.1811
22.7931
22.4239
4450.79
4351.92
4231.89
4095.14
3946.52
3790.74
3631.99
3473.7
3318.5
3168.2
3023.98
2886.47
2755.93
2632.36
2515.5
2405.01
2300.48
2201.47
2107.51
2018.15
1932.95
1851.51
1773.44
1698.4
1626.08
1556.21
1488.56
1422.95
1359.22
1297.23
1236.89
1178.12
1120.87
1065.1
1010.81
957.984
906.632
856.769
808.417
761.602
716.356
672.712
630.707
590.379
551.77
514.923
479.882
446.686
415.371
385.935
358.326
332.492
308.385
285.954
265.143
245.895
228.144
211.822
196.854
183.162
170.666
159.284
148.935
139.539
131.016
123.294
116.301
109.97
104.24
99.0515
94.3531
90.0956
86.2346
82.7299
79.545
76.647
74.0061
71.5956
69.3917
67.373
65.5203
63.8165
62.2465
60.7965
59.4546
58.21
57.0531
55.9755
54.9697
54.0289
53.1473
52.3196
51.5412
50.808
50.1164
49.4632
48.8456
48.2611
47.7076
47.1831
46.6859
46.2145
45.7677
45.3442
44.9429
44.5629
44.2032
43.8632
43.5418
43.2385
42.9525
42.683
42.4294
42.1909
41.9667
41.7561
41.5584
41.3727
41.1982
41.034
40.8794
40.7333
40.5949
40.4633
40.3375
40.2166
40.0995
39.9852
39.8726
39.7607
39.6483
39.5342
39.4171
39.2956
39.1684
39.0341
38.891
38.7378
38.5729
38.3947
38.2019
37.9931
37.7671
37.5228
37.2593
36.9762
36.673
36.3495
36.0059
35.6427
35.2605
34.8603
34.4432
34.0106
33.5641
33.1052
32.6359
32.1579
31.6733
31.184
30.6922
30.1998
29.7087
29.2212
28.7394
28.2632
27.7923
27.3268
26.8669
26.4131
25.9656
25.5249
25.0912
24.6649
24.2462
23.8355
23.4334
23.0406
22.6587
22.2932
3822.72
3734.29
3631.87
3518.21
3396.32
3269.18
3139.53
3009.75
2881.76
2757.05
2636.64
2521.2
2411.09
2306.41
2207.09
2112.92
2023.62
1938.85
1858.26
1781.48
1708.16
1637.95
1570.54
1505.63
1442.96
1382.32
1323.49
1266.34
1210.7
1156.5
1103.63
1052.05
1001.72
952.608
904.724
858.071
812.667
768.537
725.714
684.232
644.131
605.452
568.236
532.524
498.359
465.778
434.819
405.512
377.878
351.882
327.485
304.642
283.313
263.45
245.006
227.928
212.158
197.635
184.295
172.07
160.89
150.685
141.386
132.922
125.227
118.236
111.889
106.127
100.897
96.1481
91.8346
87.9137
84.3465
81.0977
78.135
75.4294
72.9545
70.6868
68.6049
66.6897
64.9243
63.2933
61.7831
60.3814
59.0775
57.8617
56.7254
55.6608
54.6612
53.7206
52.8335
51.9952
51.2014
50.4485
49.7332
49.0524
48.4037
47.7847
47.1935
46.6283
46.0877
45.5702
45.0746
44.6
44.1453
43.7099
43.2928
42.8936
42.5114
42.1459
41.7964
41.4625
41.1436
40.8394
40.5492
40.2726
40.0091
39.7581
39.5193
39.2919
39.0755
38.8695
38.6732
38.4861
38.3075
38.1368
37.9732
37.816
37.6645
37.5178
37.375
37.2353
37.0976
36.9608
36.8239
36.6855
36.5444
36.3993
36.2487
36.0912
35.9255
35.7502
35.5638
35.3652
35.1533
34.9269
34.6854
34.4281
34.1547
33.8648
33.5585
33.2362
32.8984
32.5457
32.1791
31.7998
31.4088
31.0077
30.598
30.1814
29.7596
29.3346
28.908
28.4822
28.0583
27.6363
27.2166
26.7995
26.3854
25.9746
25.5676
25.1645
24.7658
24.3714
23.9817
23.5968
23.2172
22.8436
22.4776
22.1248
3340.47
3258.94
3168.28
3070.35
2967.1
2860.43
2752.09
2643.64
2536.41
2431.46
2329.58
2231.37
2137.15
2047.1
1961.26
1879.52
1801.73
1727.66
1657.05
1589.63
1525.11
1463.23
1403.73
1346.38
1290.95
1237.28
1185.18
1134.53
1085.2
1037.12
990.221
944.444
899.765
856.168
813.653
772.229
731.917
692.742
654.735
617.932
582.368
548.082
515.112
483.494
453.263
424.45
397.083
371.185
346.753
323.752
302.145
281.898
262.973
245.329
228.923
213.709
199.637
186.654
174.703
163.726
153.664
144.455
136.04
128.36
121.356
114.975
109.162
103.868
99.0462
94.6532
90.6484
86.9946
83.6578
80.6067
77.813
75.2509
72.8971
70.7307
68.7326
66.8859
65.1752
63.5869
62.1087
60.7296
59.4399
58.2307
57.0944
56.0239
55.013
54.0562
53.1486
52.2858
51.4641
50.6798
49.93
49.212
48.5234
47.862
47.2261
46.614
46.0244
45.4559
44.9076
44.3784
43.8675
43.3742
42.8978
42.4377
41.9935
41.5648
41.1511
40.752
40.3673
39.9966
39.6395
39.2958
38.9651
38.647
38.3413
38.0476
37.7656
37.4949
37.2352
36.986
36.747
36.5177
36.2976
36.0863
35.8833
35.6879
35.4996
35.3177
35.1415
34.9701
34.8027
34.6383
34.476
34.3146
34.1531
33.9902
33.8247
33.6554
33.4809
33.3002
33.1121
32.9153
32.7091
32.4925
32.2647
32.0254
31.774
31.5104
31.2348
30.9473
30.6484
30.3387
30.0188
29.6895
29.3521
29.0076
28.6579
28.3046
27.9484
27.5903
27.2311
26.8715
26.5118
26.1527
25.7944
25.4372
25.0814
24.7272
24.3745
24.0234
23.6737
23.3255
22.9789
22.6345
22.2939
21.9622
2891.21
2815.45
2734.26
2648.91
2560.66
2470.68
2380.08
2289.79
2200.66
2113.34
2028.38
1946.15
1866.93
1790.85
1717.97
1648.28
1581.66
1518
1457.1
1398.79
1342.86
1289.11
1237.35
1187.4
1139.09
1092.28
1046.83
1002.63
959.597
917.654
876.747
836.835
797.894
759.912
722.889
686.832
651.758
617.69
584.652
552.675
521.788
492.023
463.41
435.978
409.754
384.76
361.017
338.539
317.308
297.295
278.471
260.806
244.268
228.824
214.435
201.063
188.665
177.197
166.61
156.856
147.885
139.647
132.091
125.169
118.831
113.031
107.726
102.873
98.4324
94.3674
90.6437
87.2295
84.0954
81.2148
78.563
76.1177
73.8588
71.7679
69.8284
68.0254
66.3454
64.7764
63.3075
61.9289
60.632
59.409
58.2528
57.1573
56.1168
55.1263
54.1814
53.2782
52.4132
51.5832
50.7854
50.0172
49.2765
48.5614
47.8702
47.2014
46.5538
45.9262
45.3175
44.7269
44.1535
43.5967
43.0559
42.5307
42.0205
41.5252
41.0446
40.5782
40.1258
39.687
39.2616
38.8495
38.4504
38.064
37.6903
37.3289
36.9798
36.6426
36.3172
36.0034
35.7008
35.4092
35.1284
34.858
34.5977
34.3471
34.1057
33.8732
33.649
33.4326
33.2233
33.0204
32.8232
32.631
32.4428
32.2576
32.0747
31.8928
31.7111
31.5284
31.3439
31.1563
30.9647
30.7683
30.5661
30.3575
30.142
29.919
29.6886
29.4507
29.2053
28.9526
28.6927
28.4261
28.1532
27.8749
27.5919
27.3049
27.0148
26.7221
26.4274
26.1312
25.8338
25.5356
25.2368
24.9374
24.6376
24.337
24.0356
23.7328
23.4283
23.1217
22.8127
22.5018
22.19
21.8822
2478.57
2407.82
2334.27
2258.8
2182.26
2105.36
2028.78
1953.08
1878.73
1806.15
1735.63
1667.4
1601.59
1538.29
1477.52
1419.24
1363.37
1309.82
1258.46
1209.16
1161.76
1116.12
1072.1
1029.57
988.41
948.497
909.738
872.049
835.358
799.609
764.758
730.775
697.637
665.336
633.869
603.242
573.467
544.56
516.54
489.43
463.251
438.027
413.78
390.531
368.297
347.094
326.936
307.829
289.752
272.683
256.599
241.475
227.286
214.003
201.597
190.034
179.281
169.3
160.053
151.5
143.6
136.313
129.598
123.415
117.725
112.49
107.674
103.242
99.1633
95.406
91.9423
88.7458
85.7921
83.0588
80.5254
78.1732
75.985
73.9454
72.0403
70.2568
68.5835
67.01
65.5268
64.1257
62.799
61.5399
60.3423
59.2007
58.1101
57.066
56.0648
55.1028
54.177
53.2843
52.4222
51.5884
50.7808
49.9977
49.2382
48.5007
47.7838
47.0863
46.4073
45.7459
45.1014
44.4731
43.8606
43.2634
42.6812
42.1136
41.5604
41.0214
40.4964
39.9851
39.4875
39.0034
38.5327
38.0752
37.6308
37.1994
36.7809
36.3752
35.9821
35.6015
35.2333
34.8772
34.5332
34.201
33.8804
33.5712
33.273
32.9856
32.7086
32.4416
32.1842
31.936
31.6962
31.4645
31.2401
31.0224
30.8105
30.6039
30.4016
30.2028
30.0067
29.8124
29.6191
29.4261
29.2325
29.0377
28.841
28.642
28.4403
28.2355
28.0274
27.816
27.6012
27.3829
27.1614
26.9368
26.7095
26.4798
26.2479
26.0141
25.7787
25.5419
25.3036
25.064
24.8229
24.5801
24.3352
24.0876
23.8367
23.5817
23.3216
23.0556
22.7829
22.5035
22.2179
21.9304
2108.51
2042.59
1975.68
1908.41
1841.31
1774.86
1709.44
1645.37
1582.92
1522.29
1463.62
1407.02
1352.52
1300.16
1249.88
1201.66
1155.39
1111.01
1068.39
1027.43
988.022
950.047
913.398
877.975
843.682
810.436
778.161
746.792
716.274
686.563
657.623
629.429
601.962
575.213
549.178
523.859
499.261
475.395
452.271
429.906
408.311
387.502
367.493
348.296
329.921
312.378
295.674
279.812
264.774
250.543
237.101
224.428
212.506
201.312
190.821
181.008
171.846
163.306
155.357
147.968
141.107
134.742
128.842
123.374
118.31
113.617
109.27
105.239
101.5
98.0292
94.8032
91.8013
89.0042
86.3937
83.9534
81.6683
79.5244
77.5092
75.6112
73.8199
72.1256
70.5199
68.9949
67.5439
66.1605
64.8389
63.5738
62.3603
61.1942
60.0717
58.9906
57.9471
56.9382
55.9612
55.0137
54.0937
53.1994
52.3292
51.4818
50.6561
49.8509
49.0654
48.2986
47.5498
46.8184
46.1038
45.4057
44.7235
44.057
43.4058
42.7698
42.1488
41.5425
40.9509
40.3738
39.8111
39.2627
38.7285
38.2085
37.7026
37.2107
36.7327
36.2685
35.818
35.3812
34.9579
34.548
34.1514
33.7679
33.3973
33.0394
32.6941
32.3611
32.04
31.7306
31.4325
31.1454
30.8688
30.6022
30.3452
30.0973
29.8577
29.6261
29.4016
29.1838
28.9719
28.7652
28.5632
28.3652
28.1706
27.9787
27.7892
27.6015
27.4152
27.2299
27.0453
26.8613
26.6775
26.4938
26.3101
26.1263
25.9424
25.7582
25.5736
25.3885
25.2027
25.0158
24.8275
24.6371
24.4441
24.2475
24.0464
23.8395
23.6254
23.4027
23.1698
22.9253
22.6684
22.3994
22.1216
1787.71
1726.82
1666.13
1606.05
1546.94
1489.08
1432.7
1377.96
1325
1273.9
1224.7
1177.42
1132.05
1088.56
1046.9
1006.98
968.737
932.078
896.91
863.137
830.665
799.403
769.264
740.165
712.033
684.797
658.399
632.785
607.91
583.737
560.234
537.379
515.153
493.543
472.542
452.146
432.355
413.17
394.596
376.637
359.301
342.591
326.516
311.079
296.285
282.138
268.64
255.79
243.579
231.993
221.017
210.637
200.838
191.601
182.908
174.74
167.075
159.891
153.166
146.875
140.994
135.499
130.366
125.571
121.092
116.905
112.991
109.327
105.896
102.679
99.6581
96.8185
94.145
91.6241
89.2431
86.9909
84.8569
82.8314
80.9054
79.0708
77.3199
75.6461
74.0437
72.5082
71.0338
69.6154
68.2485
66.9291
65.6537
64.4192
63.2229
62.0623
60.9351
59.839
58.7724
57.7333
56.7204
55.7322
54.7677
53.8258
52.9055
52.0061
51.1268
50.2671
49.4263
48.604
47.7999
47.0134
46.2444
45.4925
44.7576
44.0395
43.3379
42.6527
41.9839
41.3313
40.6948
40.0743
39.4697
38.881
38.308
37.7508
37.2091
36.6829
36.1721
35.6765
35.1962
34.7309
34.2806
33.8449
33.4239
33.0173
32.6248
32.2464
31.8816
31.5303
31.1922
30.8668
30.554
30.2533
29.9643
29.6865
29.4197
29.1632
28.9166
28.6794
28.4512
28.2313
28.0193
27.8147
27.6169
27.4255
27.2401
27.0601
26.8851
26.7147
26.5486
26.3863
26.2274
26.0717
25.9186
25.7678
25.6188
25.4712
25.3244
25.1777
25.0303
24.8815
24.7302
24.5751
24.4149
24.248
24.0726
23.8865
23.6877
23.4739
23.2427
22.9927
22.7235
22.4377
1522.52
1466.97
1412.29
1358.73
1306.54
1255.89
1206.9
1159.66
1114.21
1070.59
1028.78
988.76
950.484
913.898
878.935
845.521
813.577
783.022
753.772
725.745
698.862
673.044
648.22
624.321
601.286
579.055
557.58
536.812
516.714
497.249
478.389
460.108
442.386
425.206
408.555
392.422
376.8
361.682
347.065
332.946
319.322
306.193
293.557
281.414
269.762
258.6
247.926
237.735
228.022
218.779
209.994
201.655
193.747
186.257
179.172
172.476
166.152
160.184
154.553
149.244
144.238
139.517
135.064
130.862
126.894
123.145
119.599
116.241
113.059
110.039
107.169
104.439
101.836
99.3524
96.9788
94.7089
92.535
90.4496
88.4459
86.518
84.6603
82.868
81.1366
79.4623
77.8415
76.2707
74.7468
73.2669
71.8285
70.4291
69.0667
67.7394
66.4455
65.1833
63.9515
62.7487
61.5738
60.4257
59.3034
58.2062
57.1333
56.0839
55.0576
54.0536
53.0717
52.1114
51.1722
50.2538
49.3561
48.4786
47.6211
46.7835
45.9655
45.167
44.3878
43.6277
42.8867
42.1645
41.461
40.7762
40.1098
39.4617
38.8319
38.2201
37.6262
37.0501
36.4917
35.9506
35.4269
34.9202
34.4305
33.9574
33.5009
33.0606
32.6363
32.2278
31.8348
31.457
31.0941
30.7458
30.4119
30.0918
29.7854
29.4922
29.2118
28.9439
28.6881
28.4438
28.2108
27.9886
27.7767
27.5746
27.382
27.1983
27.0231
26.8559
26.6962
26.5434
26.3969
26.2562
26.1207
25.9895
25.8619
25.737
25.6139
25.4915
25.3686
25.2437
25.1153
24.9817
24.8409
24.6907
24.5287
24.352
24.1578
23.943
23.7043
23.4393
23.1471
22.8296
1318.89
1268.85
1219.91
1172.26
1126.06
1081.42
1038.43
997.122
957.522
919.62
883.391
848.796
815.783
784.294
754.264
725.625
698.304
672.232
647.336
623.548
600.8
579.028
558.172
538.173
518.98
500.544
482.817
465.761
449.337
433.512
418.254
403.538
389.338
375.635
362.408
349.642
337.321
325.434
313.968
302.915
292.266
282.013
272.149
262.668
253.564
244.831
236.461
228.45
220.788
213.468
206.479
199.812
193.456
187.4
181.632
176.139
170.91
165.93
161.186
156.666
152.356
148.244
144.318
140.567
136.979
133.544
130.251
127.091
124.054
121.133
118.318
115.604
112.983
110.449
107.997
105.622
103.32
101.086
98.9158
96.807
94.7558
92.7594
90.8151
88.9205
87.0735
85.2721
83.5143
81.7985
80.1231
78.4866
76.8878
75.3253
73.7981
72.3052
70.8454
69.418
68.0222
66.6571
65.3221
64.0165
62.7397
61.4912
60.2705
59.0772
57.9107
56.7707
55.6568
54.5687
53.5061
52.4686
51.456
50.4679
49.5042
48.5645
47.6487
46.7565
45.8876
45.0419
44.219
43.4189
42.6411
41.8856
41.152
40.4402
39.7498
39.0807
38.4327
37.8054
37.1986
36.612
36.0454
35.4985
34.971
34.4627
33.9732
33.5023
33.0496
32.6148
32.1977
31.7979
31.415
31.0488
30.699
30.3651
30.0468
29.7438
29.4557
29.182
28.9225
28.6766
28.4439
28.2241
28.0165
27.8207
27.6361
27.4622
27.2982
27.1435
26.9974
26.8589
26.7271
26.6011
26.4797
26.3616
26.2454
26.1297
26.0128
25.8926
25.7673
25.6345
25.4917
25.3361
25.1647
24.974
24.7604
24.5198
24.2484
23.9425
23.6008
23.2245
1183.49
1138.94
1095.36
1052.94
1011.8
972.055
933.766
896.976
861.697
827.925
795.639
764.805
735.382
707.321
680.568
655.067
630.762
607.594
585.507
564.444
544.351
525.176
506.869
489.383
472.674
456.697
441.415
426.788
412.783
399.365
386.504
374.172
362.34
350.986
340.085
329.617
319.561
309.901
300.618
291.698
283.126
274.89
266.976
259.375
252.073
245.062
238.329
231.867
225.663
219.707
213.99
208.501
203.23
198.165
193.297
188.614
184.107
179.766
175.58
171.54
167.636
163.86
160.204
156.659
153.219
149.876
146.624
143.458
140.372
137.362
134.424
131.553
128.746
126
123.313
120.683
118.106
115.583
113.111
110.688
108.314
105.988
103.709
101.475
99.2865
97.1423
95.0418
92.9844
90.9694
88.9963
87.0645
85.1735
83.3226
81.5114
79.7394
78.006
76.3107
74.6531
73.0326
71.4487
69.901
68.389
66.9124
65.4705
64.063
62.6895
61.3496
60.0428
58.7687
57.5269
56.3171
55.1388
53.9916
52.8752
51.7891
50.733
49.7065
48.7092
47.7407
46.8006
45.8886
45.0041
44.147
43.3167
42.5128
41.735
40.9828
40.2559
39.5539
38.8763
38.2228
37.5929
36.9862
36.4024
35.841
35.3016
34.7838
34.2872
33.8114
33.356
32.9206
32.5048
32.1081
31.7302
31.3707
31.029
30.7049
30.3979
30.1074
29.833
29.5742
29.3305
29.1012
28.8857
28.6834
28.4934
28.315
28.1472
27.9889
27.8392
27.6968
27.5603
27.4282
27.2989
27.1706
27.0413
26.909
26.7712
26.6256
26.4693
26.2994
26.1127
25.9056
25.6743
25.4144
25.1213
24.7904
24.4171
23.9997
23.5392
1127.01
1087.91
1049.35
1011.51
974.559
938.634
903.822
870.186
837.765
806.578
776.627
747.905
720.391
694.061
668.883
644.821
621.84
599.899
578.958
558.979
539.921
521.746
504.416
487.893
472.141
457.126
442.812
429.165
416.153
403.743
391.906
380.611
369.829
359.532
349.695
340.292
331.299
322.693
314.452
306.557
298.988
291.726
284.754
278.056
271.615
265.417
259.448
253.693
248.14
242.777
237.59
232.568
227.701
222.978
218.388
213.922
209.572
205.328
201.183
197.13
193.162
189.273
185.457
181.71
178.027
174.404
170.838
167.327
163.868
160.459
157.099
153.787
150.522
147.304
144.131
141.005
137.925
134.892
131.906
128.967
126.075
123.232
120.437
117.691
114.995
112.348
109.752
107.205
104.709
102.264
99.8689
97.5243
95.23
92.9859
90.7917
88.6471
86.5518
84.5055
82.5077
80.558
78.6559
76.8009
74.9925
73.2302
71.5134
69.8415
68.2141
66.6303
65.0898
63.5918
62.1358
60.7212
59.3472
58.0133
56.7188
55.4632
54.2458
53.0659
51.9229
50.8162
49.7451
48.709
47.7073
46.7393
45.8043
44.9019
44.0312
43.1918
42.3829
41.604
40.8544
40.1335
39.4407
38.7754
38.137
37.5248
36.9383
36.3769
35.84
35.327
34.8373
34.3704
33.9256
33.5025
33.1004
32.7187
32.3569
32.0142
31.6902
31.3841
31.0953
30.8229
30.5663
30.3245
30.0966
29.8816
29.6785
29.486
29.3028
29.1275
28.9585
28.7942
28.6326
28.4719
28.3097
28.144
27.9721
27.7914
27.5993
27.3926
27.1683
26.9228
26.6525
26.3534
26.0209
25.6503
25.2364
24.7744
24.2627
23.7026
1168.71
1135.14
1101.3
1067.47
1033.86
1000.68
968.062
936.123
904.953
874.618
845.169
816.642
789.06
762.437
736.78
712.089
688.355
665.571
643.721
622.789
602.755
583.599
565.296
547.821
531.147
515.247
500.089
485.643
471.879
458.763
446.264
434.349
422.988
412.15
401.803
391.919
382.469
373.426
364.765
356.459
348.485
340.82
333.443
326.333
319.47
312.837
306.416
300.19
294.145
288.266
282.539
276.952
271.494
266.153
260.92
255.786
250.743
245.783
240.9
236.089
231.343
226.66
222.036
217.467
212.951
208.487
204.074
199.71
195.395
191.13
186.914
182.748
178.634
174.572
170.563
166.609
162.711
158.87
155.088
151.365
147.704
144.105
140.57
137.1
133.695
130.356
127.085
123.88
120.744
117.676
114.676
111.744
108.88
106.085
103.357
100.696
98.1019
95.5741
93.1119
90.7147
88.3817
86.1121
83.9052
81.76
79.6758
77.6515
75.6864
73.7793
71.9294
70.1357
68.3972
66.7129
65.0818
63.5029
61.9751
60.4976
59.0692
57.689
56.356
55.0691
53.8274
52.63
51.4757
50.3637
49.2929
48.2625
47.2714
46.3188
45.4036
44.525
43.6819
42.8736
42.099
41.3573
40.6476
39.969
39.3205
38.7013
38.1106
37.5474
37.0109
36.5002
36.0145
35.553
35.1147
34.6987
34.3043
33.9305
33.5763
33.2409
32.9231
32.622
32.3365
32.0652
31.8071
31.5608
31.3247
31.0974
30.8772
30.6623
30.4508
30.2407
30.0299
29.8161
29.5969
29.3698
29.1323
28.8817
28.6153
28.33
28.0231
27.6912
27.3312
26.9393
26.5118
26.0442
25.5321
24.9714
24.3615
23.7051
1305.03
1277.51
1248.6
1218.64
1187.95
1156.82
1125.45
1094.06
1062.79
1031.81
1001.22
971.138
941.648
912.826
884.734
857.423
830.933
805.294
780.528
756.65
733.665
711.574
690.369
670.038
650.564
631.922
614.088
597.033
580.723
565.127
550.211
535.939
522.278
509.193
496.651
484.619
473.065
461.96
451.274
440.978
431.047
421.455
412.177
403.193
394.479
386.016
377.785
369.769
361.951
354.316
346.851
339.542
332.378
325.349
318.444
311.656
304.977
298.4
291.92
285.532
279.231
273.016
266.882
260.829
254.855
248.959
243.14
237.399
231.736
226.152
220.648
215.225
209.883
204.625
199.452
194.365
189.365
184.455
179.634
174.905
170.268
165.724
161.275
156.921
152.662
148.498
144.43
140.459
136.583
132.802
129.116
125.525
122.027
118.623
115.31
112.088
108.957
105.914
102.959
100.091
97.3073
94.6077
91.9904
89.4541
86.9973
84.6186
82.3164
80.0893
77.9357
75.8541
73.843
71.9009
70.0262
68.2174
66.4731
64.7916
63.1716
61.6115
60.1099
58.6654
57.2764
55.9416
54.6595
53.4288
52.2481
51.116
50.0312
48.9923
47.998
47.047
46.138
45.2697
44.4408
43.6499
42.8959
42.1774
41.4932
40.8421
40.2227
39.6338
39.0742
38.5426
38.0378
37.5586
37.1036
36.6717
36.2615
35.8718
35.5011
35.1482
34.8116
34.4898
34.1814
33.8848
33.5982
33.3199
33.0482
32.781
32.5165
32.2524
31.9868
31.7173
31.4416
31.1576
30.8628
30.5549
30.2316
29.8906
29.5296
29.1464
28.7388
28.3048
27.8422
27.3489
26.8227
26.2614
25.6631
25.0267
24.3564
23.6583
1515.77
1495.41
1472.15
1446.46
1418.79
1389.51
1358.95
1327.42
1295.19
1262.51
1229.61
1196.68
1163.9
1131.42
1099.38
1067.89
1037.06
1006.95
977.637
949.166
921.572
894.878
869.093
844.22
820.251
797.171
774.958
753.587
733.029
713.254
694.226
675.914
658.282
641.296
624.923
609.13
593.884
579.154
564.912
551.128
537.775
524.827
512.261
500.051
488.178
476.62
465.357
454.373
443.651
433.174
422.93
412.905
403.087
393.465
384.031
374.775
365.69
356.769
348.006
339.397
330.938
322.624
314.453
306.423
298.532
290.778
283.162
275.682
268.337
261.129
254.057
247.121
240.322
233.66
227.134
220.747
214.496
208.384
202.409
196.572
190.873
185.311
179.885
174.596
169.442
164.422
159.535
154.78
150.156
145.66
141.292
137.05
132.932
128.937
125.061
121.304
117.664
114.138
110.725
107.421
104.226
101.137
98.1522
95.2686
92.4844
89.7975
87.2055
84.7064
82.2977
79.9774
77.7433
75.5931
73.5247
71.536
69.6248
67.789
66.0266
64.3356
62.7139
61.1596
59.6707
58.2452
56.8814
55.5773
54.3311
53.141
52.0052
50.9219
49.8893
48.9058
47.9696
47.079
46.2322
45.4276
44.6634
43.938
43.2497
42.5967
41.9775
41.3903
40.8334
40.3052
39.8039
39.328
38.8757
38.4453
38.0351
37.6433
37.2683
36.9082
36.5613
36.2256
35.8992
35.5803
35.2667
34.9566
34.6478
34.3383
34.0258
33.7084
33.3838
33.0499
32.7049
32.3465
31.9731
31.5828
31.174
30.7453
30.2953
29.8233
29.3283
28.8102
28.2687
27.7044
27.1179
26.5111
25.8871
25.2523
24.6236
24.0231
1793.26
1781.65
1765.21
1744.6
1720.38
1693.06
1663.12
1631.01
1597.16
1561.93
1525.68
1488.74
1451.39
1413.89
1376.48
1339.33
1302.61
1266.46
1230.97
1196.25
1162.34
1129.31
1097.18
1065.96
1035.68
1006.32
977.878
950.339
923.682
897.885
872.922
848.764
825.384
802.751
780.837
759.612
739.046
719.111
699.78
681.025
662.819
645.138
627.958
611.255
595.008
579.195
563.796
548.794
534.17
519.909
505.994
492.411
479.149
466.193
453.534
441.161
429.065
417.238
405.672
394.36
383.297
372.477
361.894
351.546
341.428
331.536
321.868
312.421
303.193
294.18
285.382
276.796
268.42
260.252
252.289
244.531
236.973
229.616
222.455
215.489
208.715
202.13
195.733
189.519
183.487
177.632
171.953
166.447
161.109
155.937
150.929
146.081
141.389
136.852
132.466
128.227
124.134
120.182
116.369
112.692
109.147
105.731
102.441
99.2749
96.2282
93.2982
90.4818
87.7759
85.1775
82.6834
80.2906
77.9963
75.7973
73.691
71.6743
69.7445
67.8988
66.1347
64.4494
62.8404
61.3052
59.8413
58.4463
57.1178
55.8535
54.6512
53.5086
52.4235
51.3937
50.417
49.4913
48.6144
47.7843
46.9987
46.2556
45.5529
44.8884
44.2601
43.6657
43.1033
42.5707
42.0657
41.5863
41.1303
40.6957
40.2804
39.8822
39.4989
39.1286
38.769
38.418
38.0735
37.7333
37.3954
37.0575
36.7177
36.3738
36.0238
35.6659
35.298
34.9186
34.5261
34.1189
33.6959
33.2558
32.7975
32.3206
31.8248
31.3102
30.7778
30.2288
29.665
29.0891
28.5048
27.9172
27.3337
26.7664
26.2377
25.7949
25.507
2135.32
2134.28
2126.06
2111.49
2091.29
2066.15
2036.71
2003.6
1967.4
1928.67
1887.92
1845.62
1802.22
1758.1
1713.6
1669.01
1624.57
1580.48
1536.9
1493.96
1451.76
1410.37
1369.86
1330.26
1291.61
1253.93
1217.22
1181.5
1146.75
1112.97
1080.14
1048.26
1017.31
987.259
958.092
929.785
902.314
875.654
849.781
824.67
800.296
776.633
753.658
731.347
709.676
688.623
668.165
648.281
628.952
610.157
591.879
574.099
556.801
539.97
523.589
507.647
492.128
477.022
462.317
448.002
434.067
420.502
407.3
394.451
381.949
369.785
357.954
346.448
335.261
324.387
313.822
303.558
293.59
283.913
274.522
265.41
256.572
248.002
239.694
231.643
223.843
216.287
208.971
201.89
195.036
188.406
181.994
175.796
169.807
164.022
158.438
153.049
147.851
142.841
138.014
133.366
128.893
124.59
120.453
116.478
112.66
108.996
105.48
102.109
98.8776
95.7823
92.8185
89.9821
87.2688
84.6746
82.1954
79.8272
77.5663
75.4087
73.3508
71.389
69.5198
67.7398
66.0457
64.4344
62.9028
61.4479
60.0667
58.7565
57.5145
56.338
55.2244
54.1712
53.1757
52.2354
51.348
50.5109
49.7216
48.9778
48.2769
47.6166
46.9944
46.4077
45.8541
45.3312
44.8364
44.3673
43.9214
43.4962
43.0892
42.698
42.3201
41.9532
41.5947
41.2425
40.8941
40.5472
40.1997
39.8495
39.4945
39.1327
38.7624
38.3818
37.9896
37.5844
37.1652
36.7311
36.2813
35.8154
35.3309
34.8281
34.3084
33.7737
33.2264
32.6693
32.1063
31.5422
30.9836
30.4399
29.924
29.4538
29.057
28.7806
28.7179
29.0292
2545.42
2556.88
2558.38
2550.9
2535.37
2512.65
2483.58
2448.97
2409.6
2366.22
2319.53
2270.2
2218.83
2165.98
2112.13
2057.72
2003.09
1948.55
1894.34
1840.64
1787.61
1735.36
1683.99
1633.58
1584.18
1535.84
1488.59
1442.47
1397.49
1353.66
1311
1269.49
1229.13
1189.92
1151.85
1114.88
1079.02
1044.24
1010.5
977.799
946.1
915.378
885.606
856.757
828.804
801.718
775.474
750.045
725.404
701.526
678.386
655.96
634.226
613.16
592.742
572.951
553.767
535.172
517.149
499.679
482.747
466.338
450.437
435.03
420.103
405.644
391.64
378.079
364.951
352.244
339.948
328.052
316.546
305.42
294.665
284.269
274.222
264.514
255.133
246.07
237.315
228.858
220.69
212.804
205.192
197.847
190.763
183.934
177.355
171.019
164.923
159.06
153.426
148.015
142.821
137.84
133.065
128.491
124.112
119.921
115.914
112.084
108.424
104.93
101.595
98.4129
95.3784
92.4856
89.729
87.1032
84.6029
82.2229
79.9583
77.8044
75.7564
73.81
71.961
70.2052
68.5389
66.9583
65.4598
64.0402
62.6961
61.4245
60.2224
59.0869
58.0152
57.0047
56.0526
55.1564
54.3136
53.5215
52.7777
52.0797
51.4249
50.8106
50.2342
49.6928
49.1837
48.7041
48.2511
47.8221
47.4141
47.0244
46.6503
46.289
45.9378
45.594
45.2551
44.9184
44.5817
44.2425
43.8986
43.548
43.1889
42.8195
42.4384
42.0444
41.6366
41.2144
40.7777
40.3276
39.8661
39.3955
38.9145
38.4242
37.9272
37.4269
36.9273
36.4333
35.9512
35.4893
35.059
34.6769
34.3679
34.1709
34.1482
34.4051
35.1411
36.7316
3035.59
3061.57
3074.33
3075.08
3064.9
3044.86
3015.98
2979.29
2935.77
2886.39
2832.05
2773.63
2711.94
2647.74
2581.69
2514.4
2446.38
2378.08
2309.85
2242.01
2174.79
2108.39
2042.96
1978.63
1915.49
1853.64
1793.13
1734.03
1676.36
1620.16
1565.45
1512.25
1460.55
1410.37
1361.68
1314.48
1268.75
1224.46
1181.6
1140.14
1100.04
1061.27
1023.79
987.58
952.594
918.797
886.154
854.627
824.182
794.781
766.391
738.977
712.507
686.948
662.27
638.442
615.435
593.222
571.776
551.071
531.083
511.788
493.164
475.189
457.841
441.102
424.952
409.373
394.346
379.854
365.882
352.413
339.432
326.924
314.873
303.262
292.074
281.289
270.891
260.864
251.192
241.865
232.871
224.201
215.85
207.809
200.074
192.639
185.5
178.65
172.084
165.796
159.78
154.029
148.535
143.292
138.291
133.524
128.983
124.659
120.545
116.632
112.912
109.375
106.016
102.825
99.7943
96.9172
94.1863
91.5946
89.1353
86.802
84.5887
82.4896
80.4991
78.6121
76.8235
75.1289
73.5238
72.0041
70.5662
69.2062
67.921
66.7072
65.5619
64.4822
63.4655
62.5089
61.6101
60.7665
59.9755
59.2348
58.5418
57.894
57.2889
56.7237
56.1959
55.7025
55.2409
54.8081
54.4013
54.0177
53.6542
53.3081
52.9765
52.6566
52.3455
52.0407
51.7396
51.4397
51.1388
50.8346
50.5254
50.2094
49.8851
49.5513
49.2072
48.8521
48.4859
48.1087
47.7212
47.3248
46.9228
46.52
46.1267
45.7472
45.3854
45.0459
44.7357
44.4635
44.241
44.0839
44.0141
44.0622
44.2738
44.7188
45.5119
46.8522
49.1255
53.1141
3633.45
3676.01
3701.62
3711.7
3707.5
3690.25
3661.18
3621.53
3572.5
3515.3
3451.06
3380.91
3305.9
3227.01
3145.15
3061.13
2975.68
2889.42
2802.91
2716.61
2630.89
2546.06
2462.4
2380.1
2299.34
2220.25
2142.94
2067.5
1993.99
1922.45
1852.93
1785.45
1720
1656.6
1595.23
1535.88
1478.52
1423.11
1369.63
1318.03
1268.27
1220.31
1174.09
1129.57
1086.69
1045.41
1005.66
967.407
930.59
895.159
861.066
828.263
796.7
766.334
737.118
709.011
681.97
655.957
630.931
606.858
583.7
561.425
539.999
519.392
499.574
480.515
462.189
444.569
427.629
411.346
395.695
380.655
366.203
352.318
338.979
326.158
313.82
301.934
290.472
279.413
268.743
258.45
248.53
238.978
229.793
220.974
212.518
204.424
196.687
189.304
182.266
175.568
169.2
163.152
157.414
151.974
146.821
141.944
137.329
132.965
128.84
124.943
121.261
117.785
114.502
111.402
108.475
105.712
103.103
100.64
98.3146
96.1183
94.0441
92.0851
90.2348
88.4872
86.8368
85.2784
83.8071
82.4186
81.1088
79.8741
78.7108
77.6158
76.5863
75.6193
74.7122
73.8626
73.0681
72.3263
71.635
70.9917
70.3943
69.8404
69.3276
68.8535
68.4157
68.0116
67.6387
67.2944
66.9761
66.6813
66.4073
66.1517
65.9119
65.6857
65.4707
65.2648
65.0663
64.8732
64.6843
64.4982
64.3142
64.1317
63.9504
63.7705
63.5926
63.4177
63.2473
63.0835
62.929
62.7873
62.6627
62.5607
62.4891
62.4564
62.4724
62.5482
62.6971
62.9352
63.2832
63.7677
64.4246
65.3035
66.4761
68.0512
70.2058
73.2534
77.8394
85.4676
4398.83
4460.1
4500.11
4520.44
4522.47
4507.58
4477.2
4432.76
4375.75
4307.62
4229.83
4143.8
4050.88
3952.36
3849.43
3743.21
3634.67
3524.71
3414.1
3303.51
3193.5
3084.54
2977.05
2871.35
2767.69
2666.3
2567.34
2470.95
2377.22
2286.22
2198
2112.58
2029.98
1950.18
1873.17
1798.91
1727.35
1658.46
1592.18
1528.43
1467.16
1408.29
1351.75
1297.47
1245.37
1195.37
1147.4
1101.39
1057.26
1014.94
974.35
935.43
898.111
862.328
828.017
795.119
763.575
733.33
704.329
676.522
649.86
624.295
599.783
576.28
553.746
532.142
511.429
491.572
472.536
454.289
436.798
420.034
403.966
388.566
373.801
359.602
345.897
332.629
319.765
307.293
295.217
283.55
272.308
261.505
251.157
241.273
231.862
222.924
214.457
206.455
198.905
191.795
185.11
178.831
172.942
167.424
162.257
157.422
152.902
148.677
144.73
141.044
137.601
134.387
131.387
128.584
125.968
123.523
121.239
119.105
117.109
115.242
113.495
111.86
110.329
108.895
107.553
106.297
105.121
104.021
102.993
102.033
101.139
100.307
99.5351
98.8205
98.1612
97.5554
97.001
96.4963
96.0396
95.629
95.2627
94.9389
94.6556
94.4111
94.2033
94.0302
93.8898
93.7802
93.6993
93.6451
93.6159
93.6097
93.6251
93.6605
93.7146
93.7865
93.8754
93.9807
94.1023
94.2407
94.3964
94.5703
94.7639
94.9793
95.2187
95.4848
95.7813
96.1123
96.4824
96.8973
97.3632
97.8876
98.4792
99.148
99.9059
100.767
101.748
102.87
104.157
105.643
107.371
109.401
111.82
114.761
118.439
123.261
130.14
141.891
5469.54
5551.79
5607.58
5638.52
5646.01
5631.52
5596.67
5543.18
5472.84
5387.5
5289.03
5179.26
5060
4932.96
4799.76
4661.88
4520.7
4377.44
4233.17
4088.84
3945.25
3803.1
3662.95
3525.29
3390.5
3258.89
3130.71
3006.13
2885.29
2768.3
2655.2
2546.01
2440.75
2339.38
2241.86
2148.14
2058.13
1971.77
1888.94
1809.56
1733.52
1660.72
1591.03
1524.35
1460.57
1399.57
1341.25
1285.49
1232.18
1181.23
1132.53
1085.98
1041.49
998.962
958.316
919.465
882.327
846.827
812.889
780.444
749.426
719.769
691.413
664.3
638.375
613.586
589.881
567.214
545.54
524.813
504.994
486.041
467.914
450.575
433.955
417.757
401.795
386.016
370.465
355.234
340.428
326.143
312.455
299.421
287.087
275.482
264.616
254.484
245.07
236.349
228.291
220.861
214.023
207.741
201.979
196.701
191.872
187.46
183.432
179.758
176.411
173.363
170.589
168.065
165.77
163.683
161.785
160.058
158.486
157.055
155.752
154.564
153.481
152.494
151.593
150.773
150.027
149.349
148.737
148.185
147.691
147.252
146.868
146.537
146.256
146.027
145.848
145.718
145.637
145.605
145.621
145.683
145.792
145.947
146.146
146.388
146.672
146.997
147.361
147.764
148.204
148.68
149.19
149.735
150.314
150.925
151.569
152.245
152.955
153.698
154.475
155.289
156.139
157.028
157.958
158.931
159.95
161.017
162.134
163.307
164.537
165.83
167.188
168.618
170.124
171.714
173.394
175.174
177.066
179.084
181.247
183.581
186.121
188.92
192.055
195.649
199.913
205.277
212.791
227.668
7221.27
7327.18
7399.47
7439.44
7448.32
7427.65
7379.32
7305.46
7208.42
7090.7
6954.84
6803.43
6638.98
6463.89
6280.45
6090.77
5896.75
5700.12
5502.41
5304.94
5108.86
4915.12
4724.54
4537.79
4355.39
4177.77
4005.26
3838.1
3676.46
3520.44
3370.11
3225.46
3086.47
2953.08
2825.19
2702.69
2585.46
2473.36
2366.22
2263.89
2166.2
2072.98
1984.05
1899.24
1818.38
1741.31
1667.84
1597.83
1531.11
1467.53
1406.95
1349.21
1294.19
1241.75
1191.78
1144.14
1098.72
1055.43
1014.15
974.787
937.25
901.45
867.305
834.734
803.664
774.023
745.744
718.763
693.02
668.456
645.018
622.651
601.304
580.915
561.274
540.032
517.307
493.811
470.3
447.378
425.469
404.836
385.619
367.875
351.688
337.053
323.904
312.146
301.673
292.377
284.151
276.894
270.514
264.922
260.04
255.794
252.116
248.945
246.224
243.903
241.934
240.274
238.884
237.728
236.775
235.996
235.366
234.862
234.466
234.16
233.932
233.768
233.661
233.603
233.588
233.613
233.676
233.776
233.913
234.088
234.303
234.56
234.862
235.211
235.61
236.061
236.568
237.132
237.755
238.439
239.185
239.993
240.865
241.799
242.796
243.854
244.974
246.154
247.393
248.689
250.042
251.45
252.913
254.428
255.995
257.614
259.284
261.004
262.773
264.591
266.458
268.373
270.335
272.342
274.395
276.491
278.627
280.802
283.012
285.254
287.524
289.818
292.129
294.454
296.786
299.12
301.449
303.771
306.078
308.37
310.644
312.904
315.158
317.425
319.739
322.165
324.822
328.034
332.518
347.49
11102
11235.5
11321
11359.1
11350.7
11297.9
11203.1
11069.7
10901.3
10702
10475.9
10227
9959.53
9677.22
9383.67
9082.15
8775.64
8466.74
8157.76
7850.66
7547.14
7248.59
6956.17
6670.81
6393.26
6124.07
5863.66
5612.32
5370.22
5137.45
4914
4699.82
4494.77
4298.7
4111.41
3932.65
3762.17
3599.7
3444.95
3297.63
3157.44
3024.08
2897.24
2776.64
2661.99
2552.99
2449.39
2350.91
2257.29
2168.29
2083.67
2003.21
1926.7
1853.92
1784.69
1718.81
1656.12
1596.45
1539.64
1485.55
1434.03
1384.96
1338.21
1293.66
1251.21
1210.75
1172.17
1135.4
1100.33
1066.9
1035.01
1004.6
975.604
948.002
920.932
865.553
802.638
741.123
684.662
634.436
590.491
552.381
519.49
491.19
468.035
449.135
433.716
421.165
410.991
402.8
396.266
391.124
387.148
384.15
381.97
380.471
379.533
379.055
378.947
379.134
379.549
380.137
380.849
381.646
382.495
383.37
384.25
385.122
385.975
386.803
387.605
388.381
389.136
389.875
390.607
391.34
392.084
392.85
393.65
394.492
395.389
396.35
397.384
398.5
399.704
401.004
402.405
403.912
405.527
407.253
409.091
411.041
413.103
415.276
417.557
419.944
422.434
425.026
427.715
430.497
433.369
436.327
439.367
442.485
445.678
448.94
452.267
455.654
459.097
462.588
466.123
469.694
473.293
476.908
480.529
484.144
487.739
491.298
494.804
498.238
501.579
504.807
507.895
510.818
513.547
516.051
518.297
520.25
521.873
523.119
523.942
524.286
524.085
523.258
521.704
519.287
515.807
511.12
504.44
508.461
29096.6
29240.6
29274.3
29196.8
29009.7
28718.3
28330.3
27855.2
27303.5
26686.2
26014.3
25298.5
24548.8
23774.7
22984.4
22185.4
21384.5
20587.1
19798.3
19021.8
18261.2
17519
16797.4
16097.9
15421.8
14769.8
14142.4
13540
12962.4
12409.4
11880.8
11376
10894.5
10435.6
9998.45
9582.39
9186.56
8810.14
8452.27
8112.11
7788.8
7481.53
7189.49
6911.88
6647.96
6396.99
6158.26
5931.1
5714.89
5509
5312.86
5125.93
4947.69
4777.67
4615.39
4460.44
4312.4
4170.91
4035.61
3906.17
3782.28
3663.65
3550.01
3441.1
3336.7
3236.57
3140.53
3048.36
2959.9
2874.98
2793.44
2715.14
2639.93
2567.66
2495.03
1755.71
1293.66
992.54
789.255
647.888
547.118
473.81
419.611
379.045
348.363
324.972
307.044
293.259
282.654
274.509
268.281
263.553
260
257.368
255.454
254.097
253.166
252.554
252.175
251.958
251.847
251.793
251.762
251.724
251.657
251.546
251.379
251.151
250.859
250.506
250.093
249.629
249.121
248.578
248.011
247.432
246.852
246.284
245.738
245.227
244.761
244.351
244.005
243.731
243.536
243.426
243.405
243.475
243.639
243.896
244.244
244.681
245.203
245.803
246.476
247.213
248.006
248.847
249.725
250.629
251.55
252.477
253.4
254.309
255.195
256.048
256.861
257.626
258.337
258.988
259.574
260.093
260.54
260.913
261.212
261.437
261.586
261.662
261.665
261.598
261.464
261.265
261.003
260.683
260.306
259.876
259.395
258.866
258.288
257.66
256.977
256.232
255.411
254.495
253.454
252.241
250.789
248.956
247.04
245.368
12.7655
13.7684
14.6471
15.4656
16.2356
17.0054
17.8136
18.6793
19.6117
20.6151
21.69
22.8329
24.0361
25.2884
26.5743
27.8763
29.1756
30.4529
31.6964
32.8806
34.0482
35.0274
36.4032
36.6555
41.2896
13.8859
14.0247
14.045
14.1003
14.2245
14.4166
14.6769
15.0073
15.4092
15.8835
16.4307
17.0518
17.7479
18.5205
19.3728
20.3101
21.3418
22.4839
23.7624
25.2179
26.9085
28.9355
31.3504
34.565
36.6333
11.4858
11.5675
11.6284
11.7032
11.8056
11.9386
12.1048
12.3068
12.5464
12.8242
13.1405
13.4952
13.888
14.3185
14.7869
15.294
15.8424
16.4373
17.0879
17.8098
18.6251
19.5729
20.6679
22.0688
23.0011
10.3568
10.4439
10.5245
10.6153
10.7232
10.8494
10.995
11.1612
11.3489
11.5584
11.7896
12.0423
12.316
12.6102
12.9244
13.2585
13.6134
13.9914
14.3969
14.8378
15.3254
15.8799
16.5083
17.2908
17.8541
9.8273
9.92283
10.0152
10.114
10.2243
10.3468
10.482
10.6304
10.7923
10.9676
11.1561
11.3571
11.57
11.7942
12.0291
12.2742
12.5299
12.7974
13.0796
13.3815
13.7103
14.0793
14.4931
15.007
15.3993
9.62517
9.72539
9.82351
9.92547
10.0351
10.1531
10.2801
10.4164
10.5619
10.7164
10.8793
11.05
11.2276
11.4113
11.6002
11.7938
11.9921
12.1959
12.4072
12.6297
12.8689
13.135
13.4314
13.8019
14.0945
9.62086
9.72248
9.8226
9.92486
10.0322
10.1455
10.2654
10.392
10.5255
10.6654
10.8113
10.9622
11.1172
11.2753
11.4355
11.597
11.7595
11.9236
12.0906
12.2636
12.4471
12.6497
12.8735
13.1567
13.382
9.74527
9.84602
9.94575
10.0466
10.1509
10.2594
10.3727
10.4912
10.615
10.7437
10.8768
11.0135
11.1528
11.2933
11.4341
11.5742
11.713
11.8506
11.9883
12.1285
12.275
12.4354
12.6107
12.8364
13.0127
9.9585
10.0569
10.1547
10.2531
10.3537
10.4573
10.5644
10.6756
10.7908
10.9101
11.0328
11.1583
11.2853
11.4129
11.5396
11.6643
11.7863
11.9056
12.0229
12.1405
12.2613
12.3927
12.5342
12.7207
12.8601
10.2361
10.3312
10.4259
10.521
10.6173
10.7157
10.8167
10.9207
11.0281
11.1386
11.2521
11.3677
11.4846
11.6015
11.7171
11.8302
11.9399
12.0459
12.1488
12.2504
12.3532
12.4644
12.582
12.7416
12.8531
10.5625
10.6535
10.7442
10.835
10.9265
11.0191
11.1136
11.2103
11.3096
11.4117
11.5162
11.6228
11.7304
11.838
11.9443
12.0481
12.1482
12.2444
12.3369
12.4274
12.5178
12.6153
12.7161
12.8577
12.9484
10.928
11.0139
11.0996
11.1851
11.2707
11.3568
11.444
11.5328
11.6236
11.7168
11.8124
11.9099
12.0086
12.1077
12.2057
12.3015
12.3941
12.483
12.5681
12.6511
12.7333
12.8221
12.9119
13.042
13.1178
11.3264
11.4062
11.4858
11.5647
11.6431
11.7215
11.8003
11.8802
11.9618
12.0455
12.1316
12.2198
12.3097
12.4004
12.4907
12.5797
12.666
12.7493
12.8294
12.9078
12.9852
13.0691
13.1523
13.2762
13.3416
11.7546
11.8271
11.8989
11.9696
12.0393
12.1084
12.1775
12.2473
12.3186
12.3921
12.468
12.5465
12.6273
12.7096
12.7926
12.8751
12.9562
13.0353
13.1121
13.188
13.2633
13.3454
13.4255
13.5471
13.6063
12.2118
12.2752
12.3374
12.398
12.4572
12.5153
12.5731
12.6315
12.6913
12.7535
12.8186
12.8867
12.9579
13.0317
13.1073
13.1838
13.2602
13.3359
13.4106
13.4855
13.5607
13.6434
13.7231
13.8456
13.9019
12.6991
12.7512
12.8015
12.8498
12.8963
12.9416
12.9865
13.0321
13.0793
13.1292
13.1825
13.2397
13.3008
13.3656
13.4336
13.5039
13.5758
13.6485
13.7219
13.7969
13.8731
13.958
14.0394
14.1652
14.2215
13.2188
13.257
13.2929
13.3265
13.3583
13.3888
13.4192
13.4506
13.484
13.5207
13.5614
13.6068
13.6572
13.7125
13.7723
13.8361
13.9031
13.9728
14.0449
14.1203
14.1983
14.2863
14.3707
14.5014
14.5601
13.7746
13.7958
13.8145
13.8309
13.8457
13.8598
13.8741
13.89
13.9086
13.9311
13.9584
13.9912
14.03
14.075
14.1259
14.1823
14.2437
14.3098
14.3801
14.4556
14.5353
14.6264
14.7145
14.8514
14.9147
14.372
14.3739
14.3734
14.3711
14.3679
14.3646
14.3625
14.3626
14.3662
14.3744
14.3882
14.4085
14.4359
14.4705
14.5125
14.5617
14.6177
14.6804
14.7496
14.8261
14.909
15.0051
15.0998
15.2464
15.3187
15.0151
14.9955
14.9746
14.953
14.9314
14.9109
14.8923
14.877
14.8661
14.8607
14.8618
14.8702
14.8867
14.9116
14.9452
14.9875
15.0386
15.0984
15.1669
15.2451
15.3322
15.4347
15.538
15.6976
15.781
15.7025
15.6598
15.6169
15.5745
15.5335
15.4946
15.459
15.4277
15.4018
15.3823
15.3702
15.3664
15.3714
15.3859
15.4103
15.4448
15.4896
15.545
15.6112
15.6895
15.7789
15.8863
15.9963
16.1685
16.2595
16.4351
16.3674
16.3008
16.2361
16.1742
16.1159
16.0622
16.014
15.9724
15.9382
15.9122
15.8953
15.8882
15.8914
15.9055
15.9308
15.968
16.0174
16.0795
16.1558
16.2454
16.3557
16.4704
16.6537
16.7498
17.2092
17.1143
17.022
16.9333
16.849
16.7699
16.6969
16.6307
16.5723
16.5224
16.4817
16.4509
16.4307
16.4215
16.4241
16.4391
16.467
16.5086
16.5647
16.6369
16.7245
16.836
16.9532
17.1453
17.2443
18.0137
17.8894
17.7694
17.6548
17.5464
17.445
17.3512
17.266
17.1897
17.1231
17.0667
17.0211
16.9868
16.9643
16.9544
16.9576
16.9749
17.0072
17.0554
17.1215
17.2052
17.3169
17.4344
17.6319
17.7316
18.8282
18.6725
18.5231
18.3809
18.2469
18.1218
18.0062
17.9006
17.8056
17.7214
17.6485
17.5873
17.5381
17.5016
17.4783
17.469
17.4746
17.4963
17.5352
17.5937
17.6721
17.7825
17.899
18.0988
18.1969
19.6227
19.4347
19.2547
19.084
18.9235
18.7739
18.6357
18.5092
18.3948
18.2925
18.2027
18.1255
18.0611
18.0102
17.9731
17.9509
17.9443
17.9547
17.9835
18.0337
18.1066
18.2137
18.3276
18.5275
18.622
20.3605
20.1404
19.9302
19.7312
19.5445
19.3705
19.2098
19.0625
18.9288
18.8086
18.7019
18.6088
18.5294
18.4642
18.4136
18.3784
18.3597
18.3589
18.3774
18.4197
18.4865
18.589
18.699
18.8976
18.9874
20.9976
20.7478
20.5094
20.2839
20.0723
19.8752
19.693
19.5258
19.3735
19.2359
19.1129
19.0044
18.9105
18.8313
18.7675
18.7197
18.6891
18.677
18.6855
18.72
18.7797
18.8762
18.9809
19.1765
19.2615
21.5046
21.2293
20.9662
20.7173
20.4836
20.2658
20.0641
19.8786
19.7091
19.5553
19.4169
19.2938
19.1859
19.0935
19.0169
18.9569
18.9145
18.8913
18.89
18.9157
18.9672
19.0563
19.1544
19.3451
19.4266
21.8663
21.5708
21.288
21.0201
20.7682
20.5329
20.3147
20.1134
19.9287
19.7605
19.6082
19.4716
19.3506
19.2454
19.1565
19.0845
19.0305
18.996
18.9845
19.0003
19.0425
19.1227
19.2131
19.3969
19.4764
22.076
21.7669
21.4702
21.1884
20.9228
20.6741
20.4427
20.2285
20.0311
19.8502
19.6853
19.5362
19.4028
19.2852
19.1838
19.0994
19.0332
18.9868
18.9634
18.9675
18.9983
19.0676
19.1486
19.323
19.4008
22.1439
21.8278
21.5233
21.233
20.9585
20.7006
20.4595
20.2352
20.0273
19.8355
19.6591
19.4981
19.3522
19.2216
19.1069
19.0089
18.9289
18.8685
18.8307
18.8202
18.8367
18.892
18.9607
19.1228
19.1977
22.0955
21.7786
21.4719
21.1784
20.8996
20.6363
20.3887
20.1569
19.9404
19.7387
19.5513
19.3781
19.2189
19.074
18.944
18.83
18.7333
18.6558
18.5999
18.5707
18.5687
18.6056
18.6582
18.8037
18.874
21.9703
21.658
21.354
21.0614
20.7818
20.5161
20.2645
20.0267
19.8025
19.5912
19.3924
19.2059
19.0316
18.8699
18.7216
18.5879
18.4704
18.3712
18.2929
18.2395
18.2135
18.2265
18.2578
18.3811
18.4447
21.812
21.5079
21.2099
20.9211
20.6432
20.377
20.1224
19.8794
19.6472
19.4254
19.2134
19.011
18.8184
18.6359
18.4645
18.3059
18.1618
18.0349
17.9279
17.845
17.7888
17.7715
17.7762
17.8718
17.9259
21.6606
21.366
21.0753
20.7918
20.5169
20.251
19.994
19.7454
19.5043
19.2702
19.0424
18.8208
18.6057
18.3975
18.1978
18.0082
17.8311
17.6697
17.5271
17.4081
17.3158
17.2616
17.2336
17.2957
17.3342
21.5879
21.2984
21.0114
20.7298
20.4547
20.1861
19.9233
19.6656
19.4119
19.1613
18.9133
18.6677
18.4247
18.1855
17.9513
17.7246
17.508
17.3052
17.12
16.9576
16.8219
16.7235
16.6555
16.676
16.6901
21.6352
21.3429
21.0522
20.7658
20.484
20.2062
19.9314
19.6583
19.3855
19.1121
18.8374
18.5613
18.2842
18.0075
17.7328
17.4628
17.2006
16.9502
16.7162
16.5041
16.3187
16.1704
16.056
16.0275
16.0099
21.815
21.5094
21.2053
20.9048
20.6073
20.3117
20.0163
19.7193
19.4193
19.1151
18.806
18.4923
18.1745
17.8541
17.5333
17.2149
16.9025
16.6004
16.3136
16.048
15.8092
15.6078
15.4427
15.3606
15.3067
22.1078
21.7774
21.4489
21.1237
20.8003
20.4766
20.1506
19.8202
19.4837
19.1401
18.7889
18.4305
18.0659
17.6968
17.3258
16.956
16.5913
16.2362
15.896
15.5769
15.2849
15.0309
14.8155
14.6798
14.589
22.4649
22.0976
21.7334
21.3725
21.0122
20.65
20.2833
19.9099
19.5282
19.1373
18.7372
18.3284
17.9126
17.4917
17.0688
16.6473
16.2313
15.8257
15.4357
15.0676
14.7278
14.427
14.1674
13.9862
13.8618
22.8117
22.3965
21.9865
21.58
21.1735
20.7636
20.3479
19.924
19.4905
19.0469
18.5935
18.1316
17.663
17.1904
16.7171
16.2469
15.7844
15.3345
14.9025
14.4949
14.1179
13.7821
13.4909
13.2785
13.1306
23.0638
22.592
22.1286
21.67
21.2111
20.7484
20.2791
19.8012
19.3135
18.8161
18.3097
17.796
17.2776
16.7577
16.2399
15.7285
15.2285
14.7448
14.2833
13.8501
13.4518
13.0982
12.7935
12.5689
12.4139
23.1552
22.6204
22.1013
21.5893
21.0775
20.5621
20.0407
19.5112
18.9732
18.4269
17.8739
17.3164
16.7574
16.2006
15.6502
15.1109
14.588
14.0867
13.6129
13.173
12.7732
12.4229
12.1267
11.9112
11.7674
23.0777
22.4773
21.9024
21.3387
20.7773
20.2145
19.6474
19.0744
18.4952
17.9107
17.323
16.735
16.1502
15.5728
15.0075
14.4593
13.9337
13.436
12.972
12.5478
12.1693
11.8448
11.5788
11.3921
11.2704
22.9554
22.3032
21.6826
21.0772
20.478
19.8805
19.2821
18.6813
18.0788
17.4764
16.8769
16.2841
15.7021
15.1355
14.5891
14.0679
13.5768
13.1208
12.7048
12.3338
12.0132
11.7497
11.5465
11.4184
11.3351
23.279
22.5959
21.9424
21.3025
20.6749
20.0546
19.4392
18.828
18.2228
17.6263
17.042
16.4737
15.9253
15.4011
14.9054
14.4426
14.0169
13.6322
13.2927
13.0029
12.7672
12.592
12.4764
12.4345
12.3812
24.7177
23.9773
23.2629
22.563
21.8915
21.2416
20.6097
19.9953
19.4008
18.8297
18.2858
17.7728
17.2944
16.8544
16.456
16.1026
15.7974
15.5437
15.3453
15.2066
15.1314
15.1257
15.178
15.3005
15.2717
28.0927
27.2372
26.4106
25.6063
24.8661
24.1838
23.553
22.9725
22.4431
21.9663
21.5452
21.1839
20.8868
20.6576
20.4992
20.414
20.4043
20.4728
20.6227
20.8583
21.1824
21.5993
22.0794
22.6043
22.7048
35.4305
34.3183
33.2715
32.3115
31.4971
30.8376
30.3125
29.9113
29.6266
29.4541
29.3918
29.4406
29.6028
29.8817
30.2805
30.8025
31.4508
32.2293
33.1431
34.1994
35.4046
36.7652
38.2379
39.7276
40.4735
50.9997
49.4323
48.1016
47.0347
46.263
45.802
45.5905
45.5949
45.795
46.1807
46.7497
47.5044
48.4492
49.5889
50.9275
52.4687
54.2169
56.1793
58.3683
60.8028
63.5074
66.5098
69.7777
73.1304
75.4365
81.8023
79.4806
77.7258
76.5387
75.7976
75.5053
75.5521
75.8957
76.5273
77.4565
78.7
80.2731
82.1852
84.4393
87.0343
89.97
93.2514
96.8949
100.932
105.416
110.416
116.022
122.247
128.912
134.009
135.643
131.839
128.82
126.62
124.975
123.919
123.416
123.51
124.251
125.673
127.786
130.571
133.994
138.011
142.588
147.709
153.386
159.663
166.626
174.404
183.165
193.135
204.412
217.109
227.181
217.509
210.224
203.424
197.87
193.666
190.942
189.771
190.18
192.117
195.459
200.046
205.701
212.268
219.629
227.726
236.566
246.227
256.858
268.677
281.977
297.115
314.594
334.656
358.378
377.509
332.55
317.757
303.556
293.243
287.367
285.324
286.697
291.034
297.832
306.578
316.813
328.169
340.412
353.443
367.304
382.165
398.308
416.119
436.079
458.79
484.948
515.556
551.183
595.009
631.872
496.887
469.438
446.825
437.228
437.555
444.068
455.517
470.665
488.352
507.617
527.779
548.474
569.634
591.449
614.321
638.82
665.644
695.608
729.657
768.918
814.712
868.84
933.153
1013.57
1090.27
316.036
297.367
275.856
258.929
249.683
246.983
248.413
252.715
259.075
266.889
275.712
285.251
295.362
306.041
317.4
329.645
343.049
357.956
374.776
393.996
416.219
442.19
472.973
510.444
560.412
)
;

boundaryField
{
    inlet
    {
        type            fixedValue;
        value           uniform 14.855;
    }
    outlet
    {
        type            zeroGradient;
    }
    upperWall
    {
        type            zeroGradient;
    }
    lowerWall
    {
        type            zeroGradient;
    }
    frontAndBack
    {
        type            empty;
    }
}


// ************************************************************************* //
