/*--------------------------------*- C++ -*----------------------------------*\
| =========                 |                                                 |
| \\      /  F ield         | OpenFOAM: The Open Source CFD Toolbox           |
|  \\    /   O peration     | Version:  1.4.2                                 |
|   \\  /    A nd           | Web:      http://www.openfoam.org               |
|    \\/     M anipulation  |                                                 |
\*---------------------------------------------------------------------------*/
FoamFile
{
    version     2.0;
    format      ascii;
    class       volScalarField;
    object      epsilon;
    location    "650";
}
// * * * * * * * * * * * * * * * * * * * * * * * * * * * * * * * * * * * * * //

dimensions      [0 2 -3 0 0 0 0];

internalField   nonuniform List<scalar> 
12225
(
443.026
353.452
290.586
245.345
212.188
187.594
169.244
155.572
145.485
138.21
133.182
129.985
128.301
127.881
128.529
130.083
132.409
135.671
60.1655
73.6153
79.5677
83.6949
87.7142
92.3542
97.9691
104.741
112.767
122.101
132.761
144.739
158
172.48
188.081
204.667
221.991
240.113
26.2958
33.71
37.8449
40.6832
42.9298
44.9527
46.9641
49.092
51.4161
53.9871
56.8369
59.9836
63.4333
67.1798
71.2023
75.4568
79.8527
84.2251
18.7355
22.7235
25.4806
27.3757
28.8177
30.0125
31.0723
32.0707
33.0568
34.0635
35.1123
36.2167
37.3839
38.6157
39.9082
41.2507
42.6229
43.9806
16.1687
18.1635
19.9327
21.292
22.3445
23.1851
23.8876
24.5053
25.0722
25.6102
26.1341
26.6542
27.1773
27.707
28.2446
28.7889
29.3357
29.8664
15.2354
16.0864
17.0484
17.9368
18.6891
19.3115
19.8308
20.2728
20.6589
21.0058
21.3258
21.6276
21.9171
22.1984
22.4738
22.7445
23.0096
23.2586
14.8942
15.17
15.5864
16.0522
16.5062
16.9217
17.2896
17.61
17.8892
18.1348
18.3542
18.5533
18.7368
18.9085
19.0708
19.2255
19.3724
19.5053
14.7876
14.838
14.9915
15.2092
15.4537
15.7009
15.9368
16.1543
16.351
16.5276
16.6862
16.8291
16.959
17.0783
17.1888
17.292
17.3885
17.4747
14.7441
14.6884
14.7003
14.7662
14.8675
14.9882
15.1163
15.2439
15.3662
15.4805
15.586
15.6827
15.7712
15.8523
15.927
15.9961
16.0602
16.1177
14.7239
14.6134
14.5425
14.5091
14.5063
14.5261
14.5613
14.6058
14.655
14.7057
14.7558
14.8039
14.8493
14.8918
14.9314
14.9682
15.0023
15.0329
14.7149
14.579
14.4658
14.3758
14.3077
14.2585
14.2249
14.2034
14.191
14.1852
14.184
14.1858
14.1895
14.1942
14.1995
14.2049
14.2102
14.2149
14.7109
14.5642
14.4319
14.3142
14.2111
14.1218
14.0449
13.9791
13.9228
13.8744
13.8326
13.7963
13.7645
13.7362
13.711
13.6881
13.6672
13.6481
14.7089
14.5577
14.4176
14.2882
14.1691
14.0601
13.9605
13.8699
13.7873
13.7121
13.6436
13.5809
13.5235
13.4707
13.4219
13.3768
13.3349
13.2965
14.7076
14.5544
14.4112
14.2772
14.1517
14.0345
13.925
13.8227
13.7272
13.6382
13.555
13.4774
13.4048
13.3368
13.2731
13.2133
13.1572
13.1053
14.7067
14.5523
14.4076
14.2717
14.1439
14.0235
13.9101
13.8032
13.7025
13.6074
13.5177
13.433
13.353
13.2774
13.2058
13.1382
13.0742
13.0148
14.706
14.5507
14.4052
14.2684
14.1394
14.0178
13.9029
13.7943
13.6915
13.5941
13.5018
13.4143
13.3312
13.2524
13.1774
13.1062
13.0388
12.9758
14.7055
14.5497
14.4036
14.2662
14.1367
14.0144
13.8988
13.7894
13.6857
13.5874
13.494
13.4054
13.3211
13.241
13.1647
13.0922
13.0233
12.959
14.7053
14.5494
14.403
14.2654
14.1356
14.013
13.8971
13.7873
13.6833
13.5846
13.4909
13.4019
13.3173
13.2369
13.1603
13.0875
13.0184
12.9539
14.7055
14.5497
14.4035
14.2659
14.1362
14.0138
13.8981
13.7886
13.685
13.5868
13.4937
13.4054
13.3216
13.2421
13.1666
13.0949
13.027
12.9637
14.706
14.5507
14.4051
14.2683
14.1396
14.0185
13.9045
13.7971
13.696
13.6006
13.5107
13.426
13.346
13.2705
13.1992
13.1319
13.0684
13.0096
14.7068
14.5528
14.4093
14.2755
14.151
14.0353
13.928
13.8284
13.7361
13.6504
13.5709
13.4969
13.4279
13.3636
13.3034
13.2471
13.1945
13.1461
14.7086
14.5589
14.4227
14.3001
14.1905
14.0931
14.0069
13.9304
13.8623
13.8016
13.747
13.6976
13.6526
13.6113
13.5731
13.5376
13.5046
13.4743
14.7142
14.5802
14.4708
14.3853
14.3209
14.2739
14.2405
14.2172
14.2011
14.1898
14.1815
14.175
14.1693
14.1638
14.158
14.1518
14.1451
14.1383
14.7358
14.6588
14.6349
14.6534
14.7004
14.7639
14.8349
14.9068
14.9754
15.0383
15.0944
15.1431
15.1847
15.2195
15.2481
15.2713
15.2898
15.3045
14.8205
14.9298
15.138
15.3947
15.6602
15.9123
16.1399
16.3383
16.5072
16.6491
16.7675
16.8657
16.9471
17.0143
17.0699
17.1159
17.154
17.1858
15.1412
15.7855
16.517
17.2067
17.796
18.2812
18.6742
18.9897
19.2424
19.4453
19.6092
19.7427
19.8527
19.9444
20.0219
20.0885
20.1466
20.1979
16.3189
18.2995
19.9621
21.2351
22.1813
22.8822
23.4044
23.7998
24.1052
24.3458
24.5398
24.7003
24.8371
24.9574
25.0667
25.1688
25.2666
25.3617
20.7544
25.6375
28.6922
30.5982
31.8393
32.6632
33.2222
33.6186
33.9176
34.1614
34.3774
34.5834
34.7909
35.0073
35.2368
35.4818
35.743
36.0194
43.9611
54.4815
58.7074
60.4208
60.9763
60.9916
60.8476
60.7576
60.7886
60.9698
61.3104
61.8086
62.4573
63.2462
64.1637
65.1973
66.3324
67.5613
332.626
280.253
240.732
210.192
186.153
166.94
151.386
138.653
128.129
119.361
112.006
105.799
100.536
96.0549
92.2271
88.9494
86.1385
83.725
0.069284
0.0942607
0.135607
0.181089
0.227624
0.275268
0.326507
0.386421
0.453945
0.528543
0.610708
0.702013
0.805903
0.91992
1.04382
1.17914
1.32675
1.48721
1.66099
1.84847
2.05002
2.26596
2.49663
2.74237
3.00354
3.28052
3.57375
3.88368
4.21087
4.5559
4.91948
5.30238
5.7055
6.12988
6.57668
7.04726
7.54317
8.06622
8.6185
9.2025
9.82116
10.478
11.1775
11.925
12.7275
13.594
14.5368
15.5726
16.7252
18.0296
19.538
21.3298
23.5277
26.3213
30.0071
35.0639
37.5068
39.9244
42.4713
45.164
48.011
51.02
54.1989
57.5559
61.0992
64.8369
68.7776
72.9295
77.3014
81.9015
86.7384
91.8203
97.1554
102.752
108.617
114.758
121.182
127.895
134.904
142.213
149.826
157.748
165.979
174.522
183.376
192.539
202.01
211.783
221.853
232.21
242.845
253.747
264.9
276.289
287.895
299.698
311.674
323.8
336.047
348.387
360.788
373.219
385.646
398.034
410.348
422.551
434.607
446.481
458.137
469.541
480.662
491.47
501.938
512.041
521.762
531.082
539.992
548.485
556.561
564.223
571.483
578.358
584.869
591.042
596.911
602.509
607.875
613.05
618.075
622.988
627.829
632.629
637.416
642.211
647.027
651.87
656.734
661.604
666.458
671.264
675.981
680.565
684.967
689.134
693.017
696.567
699.745
702.538
704.97
707.059
708.332
708.719
708.143
706.527
703.798
699.891
694.746
688.316
680.564
671.47
661.026
649.24
636.136
621.753
606.15
589.395
571.572
552.782
533.127
512.717
491.677
470.116
448.163
425.942
403.608
381.226
359.096
336.836
315.218
288.688
0.232174
0.186086
0.192066
0.213034
0.243865
0.283543
0.331909
0.388766
0.454664
0.52822
0.60982
0.699893
0.798812
0.906546
1.02315
1.14882
1.28374
1.42806
1.58194
1.74552
1.91896
2.10244
2.29619
2.50044
2.7155
2.9417
3.17942
3.42912
3.69129
3.96652
4.25547
4.55887
4.87756
5.21251
5.5648
5.93566
6.32651
6.73895
7.17485
7.63634
8.12594
8.64655
9.20161
9.79516
10.432
11.1176
11.8588
12.6632
13.5401
14.5002
15.5561
16.7214
18.0085
19.4216
20.942
22.4971
23.899
25.3138
26.7904
28.3421
29.9745
31.6914
33.4967
35.3939
37.3867
39.4787
41.6737
43.9753
46.387
48.9125
51.5554
54.3189
57.2063
60.2209
63.3654
66.6427
70.0553
73.6053
77.2946
81.1247
85.0968
89.2114
93.4687
97.8684
102.409
107.09
111.909
116.862
121.946
127.156
132.487
137.933
143.487
149.14
154.885
160.711
166.608
172.564
178.567
184.604
190.661
196.725
202.779
208.809
214.8
220.735
226.598
232.374
238.049
243.606
249.032
254.314
259.439
264.397
269.179
273.776
278.184
282.397
286.415
290.238
293.868
297.31
300.572
303.661
306.589
309.366
312.007
314.524
316.931
319.241
321.464
323.611
325.689
327.704
329.659
331.552
333.38
335.137
336.815
338.402
339.887
341.256
342.497
343.596
344.541
345.324
345.938
346.381
346.659
346.824
346.719
346.263
345.431
344.197
342.541
340.443
337.885
334.854
331.34
327.338
322.846
317.869
312.415
306.496
300.131
293.343
286.156
278.602
270.71
262.513
254.047
245.349
236.46
227.421
218.279
209.068
199.866
190.688
181.583
172.678
0.442536
0.306848
0.294976
0.314362
0.34995
0.396962
0.452726
0.517026
0.589878
0.671239
0.76117
0.859745
0.967033
1.08307
1.2079
1.34157
1.48417
1.6358
1.7966
1.96673
2.14638
2.33578
2.5352
2.74493
2.96531
3.19675
3.43968
3.6946
3.96207
4.24272
4.53725
4.84646
5.17122
5.51252
5.87146
6.24929
6.64739
7.0673
7.51077
7.97975
8.47642
9.00324
9.56294
10.1586
10.7935
11.4713
12.1957
12.9704
13.7991
14.6848
15.6299
16.6355
17.7007
18.8215
19.9881
21.1854
22.4011
23.6589
24.9733
26.3515
27.7975
29.3145
30.9055
32.5733
34.3207
36.1505
38.0657
40.0689
42.1629
44.3505
46.6342
49.0166
51.5
54.0868
56.7792
59.579
62.488
65.5078
68.6397
71.8845
75.243
78.7155
82.302
86.0019
89.8144
93.738
97.7709
101.911
106.155
110.499
114.939
119.471
124.088
128.786
133.557
138.394
143.288
148.232
153.216
158.23
163.264
168.307
173.348
178.376
183.378
188.342
193.258
198.112
202.894
207.592
212.194
216.692
221.074
225.333
229.46
233.449
237.293
240.989
244.534
247.926
251.165
254.253
257.191
259.983
262.636
265.154
267.544
269.813
271.967
274.015
275.96
277.809
279.566
281.232
282.81
284.298
285.696
286.998
288.202
289.302
290.292
291.166
291.918
292.543
293.037
293.394
293.613
293.691
293.627
293.397
292.925
292.182
291.153
289.824
288.182
286.216
283.916
281.273
278.283
274.941
271.247
267.203
262.813
258.084
253.026
247.655
241.985
236.033
229.817
223.351
216.657
209.757
202.673
195.431
188.048
180.545
172.989
165.397
158.111
151.726
0.71398
0.461995
0.428899
0.445707
0.484172
0.53536
0.596855
0.667754
0.74771
0.836593
0.934364
1.04101
1.15656
1.28101
1.41443
1.55686
1.7084
1.86918
2.03937
2.21917
2.40882
2.60858
2.81879
3.03978
3.27194
3.51572
3.7716
4.04012
4.32188
4.61754
4.92783
5.25358
5.59568
5.95513
6.33303
6.73059
7.14913
7.59011
8.05512
8.54588
9.06426
9.61228
10.1921
10.806
11.4563
12.1454
12.8756
13.649
14.4673
15.3317
16.2426
17.2
18.2032
19.2512
20.3427
21.4768
22.6552
23.8849
25.1717
26.5197
27.9323
29.4122
30.9621
32.5846
34.2823
36.0578
37.9138
39.8526
41.877
43.9892
46.1918
48.4871
50.8772
53.3642
55.9502
58.637
61.4261
64.3191
67.3172
70.4213
73.6321
76.9501
80.3753
83.9075
87.546
91.2897
95.1373
99.0866
103.135
107.281
111.519
115.847
120.259
124.75
129.316
133.949
138.643
143.39
148.183
153.013
157.872
162.749
167.635
172.521
177.395
182.248
187.068
191.845
196.569
201.229
205.815
210.316
214.725
219.032
223.229
227.308
231.264
235.09
238.782
242.335
245.748
249.019
252.147
255.133
257.977
260.682
263.25
265.685
267.99
270.168
272.223
274.157
275.972
277.67
279.253
280.719
282.068
283.298
284.408
285.394
286.253
286.983
287.58
288.04
288.361
288.54
288.576
288.466
288.191
287.707
286.984
286.006
284.762
283.244
281.44
279.342
276.943
274.235
271.214
267.875
264.216
260.239
255.944
251.335
246.416
241.201
235.702
229.933
223.903
217.62
211.094
204.342
197.376
190.223
182.876
175.375
167.832
160.564
153.639
147.494
1.04345
0.644152
0.580982
0.589277
0.62584
0.679123
0.744824
0.821085
0.907051
1.00233
1.10674
1.22022
1.34277
1.47443
1.61527
1.7654
1.92497
2.09415
2.27315
2.46223
2.66167
2.87178
3.09292
3.32548
3.56988
3.82658
4.09611
4.37902
4.67593
4.98752
5.31455
5.65783
6.01827
6.39683
6.7946
7.21273
7.65248
8.1152
8.60233
9.11541
9.65606
10.226
10.8269
11.4607
12.1292
12.8341
13.5771
14.3598
15.1835
16.0493
16.9579
17.91
18.9062
19.9473
21.0348
22.1706
23.3574
24.599
25.899
27.2605
28.6865
30.1795
31.7423
33.3774
35.0875
36.8752
38.7429
40.6934
42.7292
44.8527
47.0664
49.3727
51.7739
54.2722
56.8696
59.5681
62.3696
65.2756
68.2875
71.4065
74.6337
77.9696
81.4146
84.9689
88.6322
92.4038
96.2827
100.267
104.356
108.547
112.836
117.22
121.696
126.26
130.906
135.628
140.421
145.278
150.193
155.156
160.161
165.198
170.259
175.334
180.414
185.487
190.545
195.577
200.573
205.521
210.413
215.238
219.986
224.648
229.216
233.679
238.031
242.264
246.371
250.346
254.185
257.882
261.433
264.837
268.091
271.193
274.144
276.943
279.59
282.087
284.434
286.633
288.685
290.59
292.349
293.963
295.43
296.75
297.923
298.945
299.816
300.533
301.093
301.494
301.731
301.804
301.71
301.445
300.963
300.239
299.259
298.014
296.494
294.69
292.596
290.203
287.504
284.492
281.161
277.507
273.527
269.221
264.591
259.633
254.347
248.748
242.848
236.661
230.201
223.458
216.434
209.145
201.586
193.813
185.767
177.743
169.889
162.389
155.222
148.664
1.40419
0.839598
0.737126
0.731933
0.764812
0.818862
0.887599
0.96811
1.05898
1.15951
1.26937
1.38843
1.51669
1.65421
1.80111
1.95757
2.12379
2.30001
2.48649
2.68354
2.89148
3.11066
3.34148
3.58433
3.83968
4.108
4.38981
4.6857
4.99629
5.32226
5.66436
6.0234
6.40025
6.79589
7.21133
7.64769
8.10615
8.58797
9.09449
9.62711
10.1873
10.7765
11.3964
12.0484
12.7342
13.4554
14.2134
15.0097
15.8457
16.7228
17.6423
18.6054
19.6137
20.6688
21.7729
22.9284
24.138
25.4048
26.7316
28.1213
29.5768
31.1007
32.6957
34.3646
36.1101
37.9349
39.8419
41.8336
43.9129
46.0824
48.3448
50.7027
53.1585
55.7149
58.374
61.1381
64.0094
66.9897
70.0807
73.2842
76.6013
80.0331
83.5805
87.244
91.0238
94.9196
98.931
103.057
107.296
111.647
116.107
120.674
125.343
130.112
134.976
139.93
144.968
150.085
155.273
160.526
165.836
171.195
176.593
182.022
187.473
192.935
198.398
203.852
209.286
214.691
220.054
225.366
230.617
235.795
240.891
245.895
250.797
255.588
260.259
264.802
269.209
273.472
277.585
281.542
285.338
288.968
292.428
295.715
298.828
301.765
304.523
307.104
309.506
311.731
313.777
315.646
317.336
318.846
320.176
321.325
322.29
323.068
323.658
324.054
324.253
324.252
324.048
323.625
322.929
321.953
320.691
319.134
317.276
315.108
312.623
309.812
306.669
303.186
299.359
295.179
290.645
285.758
280.526
274.933
268.974
262.66
256.01
249.042
241.785
234.21
226.294
218.066
209.48
200.709
191.885
183.202
174.792
166.787
159.097
151.907
1.7649
1.02691
0.884585
0.866086
0.894776
0.948782
1.01961
1.10335
1.19807
1.30276
1.41694
1.54041
1.67315
1.81525
1.9669
2.1283
2.29974
2.48151
2.67393
2.87735
3.09214
3.31869
3.55739
3.80868
4.07302
4.35091
4.64287
4.94949
5.27138
5.60923
5.96376
6.33578
6.72613
7.13576
7.56565
8.01685
8.49051
8.98781
9.51002
10.0584
10.6344
11.2395
11.8749
12.5423
13.2431
13.979
14.7513
15.5617
16.4117
17.303
18.2372
19.2162
20.2417
21.316
22.4414
23.6204
24.8557
26.1502
27.5067
28.928
30.417
31.9766
33.6095
35.3188
37.1074
38.9782
40.9342
42.9784
45.1138
47.3433
49.67
52.0967
54.6262
57.2615
60.0051
62.8597
65.8277
68.9115
72.1133
75.435
78.8785
82.4452
86.1364
89.9532
93.8963
97.9658
102.162
106.484
110.932
115.503
120.197
125.011
129.942
134.986
140.141
145.401
150.761
156.215
161.758
167.382
173.08
178.844
184.665
190.534
196.441
202.377
208.332
214.294
220.253
226.198
232.118
238.001
243.837
249.613
255.32
260.945
266.479
271.909
277.225
282.416
287.472
292.383
297.14
301.732
306.153
310.393
314.447
318.309
321.972
325.434
328.69
331.737
334.574
337.2
339.616
341.819
343.81
345.586
347.145
348.485
349.605
350.501
351.169
351.602
351.796
351.746
351.446
350.855
349.937
348.693
347.119
345.21
342.962
340.364
337.407
334.082
330.382
326.302
321.833
316.969
311.702
306.038
300.008
293.574
286.723
279.457
271.797
263.76
255.315
246.519
237.292
227.762
218.048
208.306
198.654
189.241
180.167
171.53
163.209
155.344
2.09207
1.19499
1.01791
0.987326
1.01173
1.06506
1.1371
1.22308
1.32058
1.42835
1.54574
1.67249
1.80856
1.95406
2.1092
2.27425
2.44953
2.63539
2.8322
3.04036
3.26024
3.49228
3.7369
3.99453
4.26566
4.55078
4.85043
5.16518
5.49565
5.84251
6.20649
6.58834
6.98893
7.40913
7.84992
8.31231
8.7974
9.30634
9.84033
10.4006
10.9886
11.6056
12.253
12.9323
13.6451
14.3929
15.1773
16
16.8627
17.7674
18.7158
19.71
20.7523
21.845
22.9906
24.1916
25.451
26.7714
28.1559
29.6074
31.1289
32.7235
34.3942
36.1443
37.9769
39.8952
41.9026
44.0023
46.1978
48.4922
50.8889
53.3913
56.0025
58.7258
61.5643
64.5209
67.5987
70.8004
74.1287
77.586
81.1746
84.8964
88.7534
92.7468
96.8781
101.148
105.557
110.105
114.791
119.616
124.577
129.673
134.901
140.258
145.742
151.346
157.067
162.9
168.837
174.872
180.998
187.207
193.489
199.836
206.239
212.686
219.167
225.672
232.19
238.708
245.216
251.701
258.152
264.556
270.903
277.179
283.373
289.472
295.464
301.337
307.078
312.674
318.114
323.385
328.476
333.376
338.074
342.563
346.834
350.88
354.694
358.269
361.603
364.693
367.538
370.139
372.493
374.595
376.441
378.029
379.355
380.414
381.202
381.709
381.928
381.852
381.47
380.707
379.562
378.034
376.122
373.826
371.145
368.063
364.568
360.652
356.305
351.522
346.295
340.614
334.467
327.849
320.762
313.208
305.175
296.643
287.644
278.227
268.259
257.983
247.396
236.655
225.862
215.169
204.681
194.51
184.734
175.428
166.466
157.965
2.3829
1.34309
1.13508
1.09335
1.11331
1.1653
1.23764
1.32482
1.42403
1.53376
1.65326
1.78217
1.92045
2.0682
2.22566
2.39312
2.57094
2.75951
2.95923
3.1705
3.39376
3.62942
3.87795
4.13979
4.41544
4.70538
5.01018
5.33038
5.66663
6.01956
6.3899
6.77841
7.1859
7.61326
8.06142
8.53138
9.02421
9.54102
10.083
10.6514
11.2475
11.8728
12.5285
13.2163
13.9377
14.6943
15.4878
16.32
17.1929
18.1084
19.0686
20.0757
21.1322
22.2405
23.4033
24.6233
25.9035
27.2468
28.6562
30.135
31.6864
33.3136
35.0201
36.8092
38.6846
40.6497
42.7082
44.8638
47.1203
49.4812
51.9503
54.5315
57.2283
60.0443
62.9833
66.0486
69.2437
72.5718
76.0361
79.6394
83.3846
87.274
91.31
95.4945
99.8291
104.315
108.954
113.745
118.689
123.785
129.033
134.43
139.975
145.665
151.497
157.465
163.566
169.794
176.143
182.605
189.174
195.841
202.596
209.432
216.337
223.301
230.313
237.363
244.438
251.527
258.618
265.699
272.757
279.78
286.757
293.673
300.518
307.277
313.939
320.488
326.911
333.194
339.322
345.28
351.055
356.632
361.998
367.139
372.047
376.713
381.125
385.27
389.142
392.738
396.055
399.093
401.859
404.337
406.519
408.399
409.975
411.238
412.182
412.796
413.069
412.992
412.529
411.605
410.229
408.404
406.128
403.399
400.211
396.554
392.418
387.791
382.66
377.016
370.855
364.164
356.929
349.135
340.759
331.847
322.397
312.329
301.723
290.735
279.296
267.62
255.761
243.874
232.063
220.453
209.141
198.219
187.751
177.8
168.24
159.178
2.63153
1.4692
1.2345
1.18269
1.19812
1.24813
1.31985
1.40719
1.50699
1.61756
1.73802
1.86798
2.00735
2.15623
2.31487
2.48358
2.66271
2.85268
3.05388
3.26674
3.49171
3.72921
3.97972
4.24371
4.52166
4.81408
5.12154
5.4446
5.78387
6.14003
6.51377
6.90586
7.3171
7.74836
8.20057
8.67471
9.17184
9.69306
10.2396
10.8126
11.4135
12.0436
12.7043
13.3973
14.1242
14.8866
15.6863
16.5253
17.4055
18.3292
19.2985
20.3159
21.3839
22.5051
23.6824
24.9186
26.217
27.5805
29.0125
30.5165
32.0958
33.7541
35.4951
37.3225
39.2402
41.2522
43.3626
45.5752
47.8945
50.3244
52.8691
55.533
58.32
61.2344
64.2802
67.4614
70.7819
74.2453
77.8552
81.6151
85.5281
89.5971
93.8249
98.2137
102.766
107.482
112.365
117.414
122.63
128.013
133.562
139.276
145.152
151.187
157.379
163.723
170.214
176.846
183.613
190.507
197.52
204.644
211.87
219.187
226.585
234.053
241.58
249.154
256.764
264.397
272.042
279.686
287.318
294.923
302.49
310.007
317.462
324.842
332.134
339.323
346.395
353.335
360.125
366.75
373.192
379.437
385.465
391.258
396.804
402.101
407.131
411.869
416.304
420.43
424.241
427.733
430.903
433.74
436.241
438.398
440.207
441.661
442.747
443.452
443.766
443.667
443.09
441.974
440.332
438.167
435.475
432.252
428.492
424.184
419.318
413.878
407.846
401.204
393.952
386.085
377.586
368.432
358.536
348.065
337.022
325.369
313.232
300.725
287.901
274.922
261.887
248.928
236.153
223.671
211.571
199.936
188.821
178.277
168.191
158.658
2.83288
1.57165
1.31506
1.25452
1.26547
1.31297
1.38322
1.4697
1.56899
1.67926
1.79956
1.92945
2.06881
2.21775
2.37647
2.5453
2.72457
2.91468
3.11604
3.32907
3.5542
3.79188
4.04258
4.30678
4.58498
4.87771
5.18553
5.50902
5.84881
6.20556
6.57999
6.97286
7.38498
7.81723
8.27053
8.74587
9.24431
9.76697
10.315
10.8898
11.4926
12.1248
12.7879
13.4835
14.2134
14.9793
15.7831
16.6267
17.5125
18.4425
19.4193
20.4454
21.5234
22.6563
23.847
25.0986
26.4144
27.7979
29.2525
30.782
32.3902
34.0809
35.8583
37.7265
39.6897
41.7524
43.919
46.194
48.5821
51.0879
53.7162
56.4715
59.3585
62.382
65.5463
68.8561
72.3155
75.9289
79.7
83.6328
87.7308
91.9973
96.4353
101.047
105.836
110.803
115.949
121.276
126.784
132.473
138.342
144.389
150.612
157.009
163.575
170.306
177.197
184.241
191.43
198.757
206.213
213.789
221.474
229.259
237.132
245.081
253.095
261.162
269.269
277.405
285.557
293.714
301.865
309.994
318.092
326.146
334.147
342.082
349.939
357.705
365.365
372.904
380.304
387.548
394.614
401.489
408.154
414.574
420.729
426.606
432.184
437.446
442.378
446.97
451.214
455.103
458.63
461.788
464.569
466.969
468.98
470.592
471.79
472.559
472.889
472.741
472.005
470.663
468.718
466.17
463.013
459.241
454.845
449.812
444.128
437.776
430.732
422.944
414.45
405.252
395.332
384.68
373.275
361.241
348.618
335.446
321.85
307.945
293.834
279.656
265.528
251.571
237.895
224.599
211.771
199.484
187.788
176.727
166.199
156.289
2.98447
1.64963
1.37629
1.30859
1.31531
1.35991
1.42796
1.51265
1.61041
1.71932
1.83838
1.96713
2.10544
2.25339
2.41117
2.57906
2.75738
2.9465
3.1468
3.35869
3.58259
3.81896
4.06825
4.33097
4.60762
4.89875
5.20492
5.52675
5.86487
6.21998
6.5928
6.98411
7.39474
7.82559
8.2776
8.75179
9.24924
9.7711
10.3186
10.893
11.4958
12.1283
12.7922
13.4891
14.2208
14.9892
15.7963
16.6442
17.5353
18.4718
19.4565
20.492
21.5813
22.7273
23.9334
25.2029
26.5393
27.9463
29.4279
30.9879
32.6307
34.3606
36.1819
38.0993
40.1175
42.2414
44.4759
46.8261
49.2972
51.8942
54.6224
57.4871
60.4934
63.6465
66.9515
70.4132
74.0364
77.8256
81.7851
85.919
90.2311
94.7249
99.4037
104.27
109.327
114.575
120.017
125.653
131.483
137.507
143.724
150.132
156.729
163.51
170.472
177.61
184.917
192.386
200.007
207.771
215.67
223.693
231.829
240.066
248.392
256.795
265.262
273.781
282.339
290.924
299.525
308.131
316.733
325.313
333.861
342.37
350.831
359.234
367.568
375.823
383.986
392.043
399.972
407.768
415.385
422.798
429.979
436.903
443.547
449.893
455.92
461.609
466.947
471.92
476.518
480.73
484.547
487.961
490.966
493.552
495.712
497.431
498.692
499.48
499.778
499.515
498.574
496.956
494.656
491.669
487.985
483.594
478.484
472.637
466.036
458.664
450.497
441.506
431.715
421.127
409.749
397.599
384.707
371.169
357.062
342.472
327.522
312.334
297.034
281.753
266.617
251.744
237.243
223.212
209.733
196.874
184.681
173.191
162.314
152.123
3.08607
1.70323
1.41837
1.34522
1.34815
1.38964
1.45495
1.53708
1.63243
1.73903
1.8559
1.98258
2.11891
2.26496
2.42089
2.58693
2.76335
2.95049
3.1487
3.35835
3.57986
3.81368
4.06026
4.32012
4.59378
4.8818
5.18477
5.50332
5.83813
6.18992
6.55945
6.94753
7.35505
7.78292
8.23216
8.7038
9.199
9.71896
10.2649
10.8384
11.4406
12.0733
12.7381
13.4368
14.1712
14.9434
15.7555
16.6098
17.5088
18.4552
19.4516
20.5012
21.607
22.7723
24.0007
25.296
26.6618
28.1024
29.6221
31.2251
32.9163
34.7003
36.5821
38.5669
40.6599
42.8665
45.1921
47.6426
50.2234
52.9404
55.7994
58.8061
61.9664
65.2857
68.7698
72.424
76.2534
80.2628
84.4564
88.8383
93.4125
98.1827
103.152
108.323
113.698
119.279
125.066
131.06
137.26
143.667
150.277
157.088
164.097
171.3
178.692
186.266
194.017
201.934
210.004
218.217
226.564
235.033
243.611
252.284
261.041
269.868
278.75
287.674
296.627
305.598
314.576
323.552
332.524
341.464
350.366
359.228
368.043
376.805
385.507
394.141
402.697
411.168
419.516
427.71
435.716
443.507
451.057
458.34
465.333
472.016
478.366
484.364
489.994
495.24
500.088
504.526
508.543
512.128
515.273
517.967
520.198
521.948
523.196
523.93
524.112
523.641
522.425
520.458
517.732
514.233
509.949
504.866
498.966
492.231
484.643
476.185
466.845
456.612
445.505
433.536
420.734
407.147
392.834
377.886
362.404
346.499
330.298
313.935
297.543
281.258
265.207
249.511
234.279
219.606
205.571
192.238
179.646
167.826
156.701
146.33
3.13951
1.73332
1.44204
1.36525
1.36502
1.40345
1.46568
1.54473
1.63699
1.74058
1.85453
1.97841
2.11207
2.25555
2.40895
2.57245
2.74628
2.93072
3.12607
3.33271
3.55103
3.78146
4.02448
4.2806
4.55036
4.83436
5.13322
5.44762
5.77826
6.12594
6.49146
6.87571
7.27962
7.70421
8.15054
8.61975
9.11307
9.63179
10.1773
10.7511
11.3548
11.99
12.6586
13.3624
14.1037
14.8845
15.7072
16.5744
17.4889
18.4534
19.4712
20.5455
21.6798
22.8778
24.1436
25.4812
26.8949
28.3892
29.9691
31.6394
33.4053
35.2723
37.2459
39.3318
41.5359
43.8642
46.3229
48.9181
51.6563
54.5437
57.5868
60.7917
64.1648
67.7122
71.4398
75.3535
79.4588
83.7607
88.2627
92.968
97.8809
103.005
108.342
113.896
119.667
125.656
131.864
138.29
144.933
151.79
158.859
166.136
173.616
181.294
189.163
197.216
205.447
213.849
222.393
231.071
239.874
248.788
257.799
266.891
276.05
285.262
294.511
303.781
313.061
322.339
331.604
340.848
350.065
359.242
368.375
377.461
386.499
395.484
404.417
413.293
422.101
430.806
439.375
447.779
455.99
463.98
471.724
479.199
486.379
493.242
499.765
505.929
511.713
517.1
522.073
526.618
530.72
534.368
537.548
540.246
542.446
544.126
545.265
545.846
545.805
545.013
543.425
541.02
537.78
533.689
528.728
522.879
516.123
508.443
499.822
490.249
479.722
468.245
455.839
442.532
428.37
413.421
397.765
381.501
364.745
347.625
330.276
312.841
295.46
278.273
261.414
245.002
229.148
213.944
199.466
185.771
172.893
160.856
149.592
139.146
3.1486
1.74148
1.44861
1.37007
1.36756
1.40325
1.46241
1.53815
1.62699
1.72716
1.83782
1.95856
2.08925
2.22985
2.38044
2.54111
2.71206
2.8935
3.08573
3.28909
3.50396
3.73078
3.97006
4.22231
4.48813
4.76814
5.06303
5.37351
5.7004
6.04455
6.40686
6.78832
7.18998
7.61296
8.05846
8.52775
9.0222
9.54327
10.0925
10.6716
11.2823
11.9266
12.6064
13.324
14.0816
14.882
15.7276
16.6215
17.5667
18.5666
19.6247
20.7449
21.9312
23.1878
24.5195
25.931
27.427
29.0128
30.6938
32.4759
34.3649
36.367
38.4885
40.7359
43.1157
45.6346
48.2996
51.1174
54.095
57.2393
60.557
64.0549
67.7395
71.617
75.6937
79.9753
84.468
89.1787
94.1069
99.2534
104.623
110.219
116.042
122.094
128.375
134.885
141.622
148.585
155.77
163.173
170.79
178.615
186.64
194.86
203.264
211.845
220.59
229.488
238.519
247.67
256.926
266.272
275.69
285.163
294.675
304.211
313.753
323.284
332.79
342.264
351.695
361.076
370.403
379.67
388.876
398.028
407.124
416.165
425.159
434.081
442.911
451.621
460.188
468.585
476.787
484.768
492.506
499.975
507.152
514.012
520.532
526.691
532.466
537.837
542.785
547.293
551.343
554.919
558.004
560.58
562.624
564.112
565.022
565.32
564.91
563.687
561.617
558.67
554.823
550.052
544.336
537.654
529.987
521.318
511.635
500.933
489.22
476.512
462.838
448.239
432.779
416.539
399.616
382.123
364.186
345.947
327.55
309.148
290.888
272.916
255.367
238.363
222.013
206.407
191.614
177.686
164.65
152.521
141.238
130.831
3.11906
1.72994
1.43997
1.36172
1.35813
1.39183
1.44835
1.521
1.60654
1.70342
1.81096
1.92882
2.05681
2.19486
2.34295
2.50113
2.66956
2.84842
3.03799
3.23861
3.45069
3.6747
3.91117
4.1607
4.42392
4.70152
4.99427
5.30298
5.62859
5.97208
6.33451
6.71703
7.12087
7.54734
7.99785
8.47389
8.97708
9.50912
10.0719
10.6673
11.2975
11.9648
12.6715
13.4204
14.2142
15.056
15.949
16.8967
17.9028
18.9714
20.1068
21.3135
22.5964
23.9609
25.4125
26.9575
28.6009
30.3486
32.2073
34.1839
36.2851
38.5182
40.8903
43.4088
46.0808
48.914
51.9156
55.0932
58.4539
62.0049
65.753
69.7048
73.8664
78.2438
82.8422
87.6665
92.721
98.0093
103.533
109.292
115.289
121.523
127.996
134.705
141.648
148.824
156.228
163.857
171.704
179.764
188.029
196.49
205.139
213.964
222.957
232.103
241.391
250.805
260.326
269.937
279.619
289.356
299.125
308.902
318.679
328.434
338.143
347.791
357.365
366.856
376.264
385.593
394.845
404.014
413.103
422.129
431.082
439.952
448.736
457.421
466
474.451
482.754
490.889
498.833
506.563
514.058
521.293
528.243
534.886
541.196
547.15
552.723
557.894
562.64
566.941
570.774
574.119
576.955
579.257
580.997
582.147
582.682
582.539
581.604
579.818
577.141
573.537
568.978
563.435
556.883
549.299
540.663
530.962
520.189
508.345
495.445
481.517
466.599
450.749
434.041
416.572
398.452
379.807
360.779
341.518
322.181
302.926
283.911
265.284
247.182
229.728
213.028
197.166
182.206
168.19
155.139
143.056
131.884
121.636
3.05712
1.70141
1.41878
1.34324
1.34032
1.37343
1.42838
1.49876
1.58177
1.6763
1.78183
1.898
2.02452
2.16124
2.30809
2.46511
2.63244
2.8103
2.99897
3.19882
3.41035
3.63409
3.87068
4.12082
4.3853
4.66489
4.96038
5.27284
5.60339
5.95325
6.32374
6.7163
7.13248
7.57392
8.04238
8.53976
9.06809
9.62953
10.2264
10.8613
11.5369
12.2562
13.0222
13.8385
14.7087
15.6367
16.6268
17.6835
18.8116
20.0165
21.3037
22.6791
24.1489
25.7198
27.3988
29.1929
31.1095
33.156
35.3403
37.6704
40.1543
42.8002
45.6159
48.6095
51.7886
55.1609
58.7339
62.5146
66.5098
70.7258
75.1684
79.8426
84.7528
89.9028
95.2956
100.933
106.817
112.948
119.326
125.947
132.812
139.915
147.254
154.824
162.619
170.635
178.865
187.303
195.939
204.764
213.767
222.936
232.261
241.727
251.323
261.037
270.85
280.744
290.704
300.701
310.707
320.719
330.692
340.592
350.393
360.091
369.684
379.164
388.524
397.763
406.882
415.897
424.823
433.643
442.357
450.969
459.477
467.877
476.163
484.324
492.345
500.224
507.953
515.525
522.917
530.112
537.087
543.819
550.285
556.46
562.318
567.835
572.983
577.739
582.075
585.967
589.39
592.317
594.72
596.568
597.828
598.467
598.44
597.661
596.043
593.543
590.119
585.731
580.343
573.924
566.444
557.879
548.21
537.426
525.524
512.513
498.415
483.268
467.123
450.049
432.136
413.492
394.243
374.53
354.505
334.33
314.173
294.201
274.575
255.446
236.952
219.214
202.332
186.383
171.421
157.481
144.571
132.683
121.761
111.801
2.97008
1.65961
1.38934
1.31971
1.32007
1.35491
1.41036
1.48023
1.56277
1.65754
1.76377
1.88087
2.00852
2.14657
2.29501
2.45392
2.62355
2.80432
2.99631
3.20013
3.41641
3.64587
3.88933
4.14764
4.42177
4.71275
5.02173
5.35002
5.69911
6.07064
6.46645
6.8885
7.33896
7.82013
8.33448
8.88467
9.47356
10.1042
10.78
11.5045
12.2817
13.1159
14.0117
14.9742
16.0087
17.1212
18.3177
19.605
20.99
22.4804
24.0839
25.809
27.6641
29.6582
31.8006
34.1004
36.5671
39.2099
42.0381
45.0606
48.2859
51.7221
55.3766
59.2563
63.3675
67.7158
72.3062
77.1431
82.23
87.5696
93.1634
99.0118
105.114
111.469
118.075
124.927
132.024
139.36
146.931
154.729
162.748
170.981
179.417
188.048
196.866
205.864
215.033
224.365
233.847
243.466
253.208
263.06
273.006
283.034
293.126
303.28
313.469
323.659
333.851
343.983
354.003
363.857
373.55
383.083
392.457
401.69
410.773
419.698
428.461
437.065
445.514
453.818
461.987
470.022
477.927
485.706
493.362
500.896
508.307
515.59
522.737
529.739
536.58
543.252
549.753
556.082
562.218
568.139
573.822
579.241
584.371
589.183
593.649
597.74
601.426
604.677
607.461
609.746
611.496
612.674
613.24
613.152
612.336
610.706
608.225
604.845
600.518
595.201
588.853
581.438
572.923
563.284
552.503
540.57
527.488
513.273
497.956
481.584
464.221
445.951
426.877
407.123
386.827
366.144
345.24
324.288
303.464
282.939
262.879
243.435
224.743
206.918
190.05
174.208
159.434
145.75
133.152
121.62
111.094
101.555
2.8819
1.6197
1.36463
1.30342
1.30955
1.34886
1.40821
1.48218
1.56894
1.66783
1.7783
1.89999
2.03274
2.17656
2.33156
2.49775
2.67542
2.86514
3.06751
3.28332
3.5135
3.75908
4.02119
4.30103
4.59989
4.91924
5.26072
5.62622
6.01793
6.43834
6.89029
7.37688
7.90151
8.46786
9.07988
9.74184
10.4583
11.2343
12.0752
12.9871
13.9766
15.0509
16.2179
17.486
18.8643
20.3625
21.9907
23.7596
25.6804
27.7644
30.0233
32.4689
35.113
37.967
41.0423
44.3494
47.8981
51.6975
55.7551
60.0771
64.6681
69.5311
74.6678
80.0781
85.761
91.7141
97.9345
104.419
111.164
118.163
125.408
132.892
140.606
148.54
156.684
165.029
173.568
182.293
191.193
200.259
209.478
218.839
228.329
237.936
247.653
257.476
267.403
277.419
287.51
297.662
307.857
318.076
328.31
338.542
348.741
358.938
369.073
379.062
388.818
398.351
407.669
416.765
425.641
434.304
442.759
451.016
459.081
466.954
474.637
482.136
489.459
496.617
503.618
510.472
517.186
523.768
530.225
536.562
542.782
548.885
554.867
560.724
566.447
572.025
577.443
582.685
587.75
592.636
597.316
601.766
605.958
609.862
613.447
616.68
619.525
621.946
623.904
625.362
626.273
626.595
626.275
625.255
623.457
620.843
617.371
612.99
607.649
601.299
593.896
585.399
575.776
565
553.055
539.936
525.651
510.224
493.695
476.123
457.586
438.182
418.029
397.265
376.045
354.536
332.915
311.365
290.066
269.196
248.919
229.382
210.716
193.025
176.39
160.864
146.477
133.236
121.124
110.106
100.118
91.1233
2.78187
1.57864
1.3441
1.29438
1.30898
1.3556
1.4219
1.5028
1.59641
1.70208
1.81961
1.94901
2.09045
2.24416
2.4099
2.5881
2.77935
2.98444
3.20437
3.44041
3.69402
3.96683
4.26054
4.57691
4.91784
5.28546
5.6823
6.11131
6.57602
7.08058
7.62974
8.22885
8.88383
9.60116
10.3879
11.2516
12.2005
13.2437
14.391
15.6535
17.0433
18.5736
20.2588
22.1141
24.1554
26.3991
28.8619
31.5608
34.5121
37.7316
41.2339
45.0323
49.1385
53.5623
58.3116
63.3913
68.8038
74.5491
80.6243
87.0231
93.7359
100.751
108.055
115.633
123.469
131.548
139.853
148.375
157.099
166.011
175.093
184.329
193.701
203.195
212.796
222.494
232.286
242.168
252.128
262.154
272.231
282.346
292.485
302.64
312.811
323.01
333.249
343.489
353.716
363.933
374.095
384.169
394.166
404.053
413.753
423.195
432.351
441.245
449.872
458.237
466.349
474.214
481.838
489.225
496.384
503.325
510.053
516.575
522.897
529.028
534.976
540.753
546.37
551.838
557.169
562.372
567.458
572.435
577.31
582.085
586.762
591.34
595.812
600.171
604.406
608.501
612.44
616.198
619.771
623.143
626.288
629.171
631.761
634.019
635.904
637.373
638.381
638.882
638.822
638.145
636.794
634.702
631.838
628.162
623.625
618.172
611.748
604.301
595.784
586.156
575.381
563.437
550.308
535.996
520.515
503.897
486.195
467.478
447.84
427.393
406.271
384.625
362.625
340.449
318.284
296.32
274.741
253.723
233.429
213.998
195.552
178.184
161.96
146.918
133.072
120.415
108.916
98.525
89.1705
80.8012
2.6725
1.53952
1.33231
1.29932
1.32769
1.38679
1.46486
1.5571
1.66183
1.77885
1.90856
2.05169
2.20893
2.38017
2.56582
2.76657
2.98334
3.2174
3.47049
3.74485
4.04322
4.36861
4.72412
5.11281
5.53788
6.00303
6.51286
7.07305
7.69058
8.37389
9.13287
9.97886
10.9247
11.9846
13.1744
14.511
16.0129
17.6997
19.5931
21.7167
24.096
26.7576
29.7291
33.038
36.7105
40.771
45.2412
50.1399
55.4811
61.2732
67.5185
74.2142
81.3521
88.9192
96.8976
105.265
113.995
123.061
132.434
142.08
151.963
162.047
172.295
182.675
193.157
203.712
214.323
224.985
235.687
246.405
257.117
267.803
278.447
289.034
299.555
310.006
320.422
330.82
341.174
351.466
361.679
371.799
381.816
391.728
401.569
411.323
420.969
430.48
439.859
449.149
458.246
467.1
475.627
483.806
491.683
499.269
506.573
513.61
520.391
526.926
533.22
539.282
545.115
550.727
556.123
561.31
566.295
571.085
575.687
580.109
584.36
588.452
592.396
596.204
599.888
603.46
606.932
610.314
613.616
616.843
620
623.088
626.104
629.044
631.897
634.65
637.288
639.788
642.128
644.278
646.216
647.916
649.343
650.457
651.21
651.554
651.434
650.796
649.58
647.724
645.175
641.902
637.868
633.024
627.318
620.691
613.087
604.453
594.739
583.904
571.915
558.751
544.402
528.876
512.195
494.402
475.56
455.754
435.091
413.698
391.725
369.338
346.715
324.048
301.529
279.351
257.699
236.748
216.651
197.539
179.517
162.67
147.044
132.657
119.507
107.576
96.8152
87.1586
78.5289
70.8547
2.56014
1.51143
1.34182
1.33527
1.38697
1.46741
1.56523
1.67607
1.79899
1.93496
2.08586
2.25385
2.43995
2.64478
2.86941
3.11497
3.38298
3.67574
3.99666
4.35051
4.7434
5.18245
5.67501
6.22818
6.84921
7.5466
8.33161
9.21899
10.2274
11.38
12.7039
14.2311
15.9979
18.045
20.4169
23.16
26.321
29.9468
34.0846
38.7805
44.0777
50.0141
56.6195
63.9137
71.9039
80.5841
89.9376
99.9398
110.553
121.726
133.396
145.497
157.96
170.714
183.691
196.823
210.049
223.319
236.601
249.839
262.977
275.969
288.777
301.369
313.725
325.834
337.7
349.393
360.91
372.205
383.254
394.044
404.569
414.829
424.827
434.572
444.09
453.438
462.611
471.592
480.365
488.919
497.245
505.353
513.34
521.12
528.655
535.928
542.902
549.482
555.747
561.727
567.43
572.866
578.056
583.018
587.766
592.312
596.665
600.832
604.817
608.625
612.258
615.719
619.011
622.137
625.102
627.909
630.563
633.069
635.434
637.667
639.776
641.773
643.667
645.471
647.196
648.853
650.452
652.001
653.507
654.972
656.397
657.778
659.109
660.377
661.568
662.66
663.627
664.442
665.071
665.477
665.619
665.451
664.928
663.997
662.598
660.667
658.152
655.006
651.187
646.658
641.374
635.281
628.325
620.446
611.587
601.694
590.72
578.624
565.377
550.962
535.377
518.634
500.769
481.834
461.906
441.085
419.491
397.27
374.583
351.61
328.54
305.572
282.903
260.726
239.221
218.558
198.881
180.301
162.91
146.78
131.932
118.363
106.052
94.9569
85.0179
76.1627
68.3082
61.374
2.44642
1.51451
1.40323
1.44317
1.53696
1.65613
1.78967
1.93396
2.08961
2.2606
2.45257
2.67067
2.91786
3.19726
3.51106
3.86162
4.25248
4.68927
5.18087
5.74051
6.38651
7.14197
8.03235
9.08275
10.3195
11.7728
13.4844
15.5095
17.9187
20.7967
24.2414
28.3624
33.2779
39.1081
45.9664
53.9464
63.1088
73.4809
85.0617
97.8226
111.708
126.636
142.503
159.183
176.539
194.428
212.715
231.297
250.056
268.841
287.512
305.943
324.029
341.685
358.839
375.439
391.448
406.892
421.888
436.324
450.149
463.343
475.904
487.839
499.17
509.956
520.227
530.011
539.326
548.182
556.591
564.568
572.133
579.308
586.114
592.573
598.718
604.666
610.358
615.769
620.898
625.751
630.337
634.658
638.589
642.217
645.591
648.74
651.68
654.417
656.971
659.36
661.601
663.71
665.697
667.574
669.349
671.029
672.618
674.119
675.533
676.861
678.1
679.25
680.309
681.274
682.145
682.92
683.599
684.181
684.668
685.063
685.37
685.593
685.741
685.819
685.838
685.807
685.733
685.626
685.492
685.335
685.157
684.957
684.729
684.465
684.148
683.76
683.276
682.665
681.89
680.91
679.68
678.149
676.264
673.968
671.204
667.919
664.061
659.586
654.453
648.616
642.026
634.628
626.365
617.179
607.013
595.815
583.539
570.151
555.624
539.947
523.127
505.187
486.172
466.15
445.21
423.469
401.064
378.153
354.915
331.539
308.224
285.171
262.582
240.643
219.524
199.39
180.368
162.545
145.991
130.745
116.817
104.19
92.8243
82.6627
73.6322
65.6503
58.6272
52.4761
2.31222
1.61699
1.61389
1.7457
1.92967
2.1385
2.3576
2.5828
2.81697
3.07419
3.37145
3.7246
4.14925
4.65599
5.25318
5.9514
6.76622
7.72165
8.85502
10.2237
11.9119
14.0346
16.7275
20.128
24.3805
29.6389
36.1145
44.0489
53.7036
65.3287
79.1376
95.285
113.846
134.796
158.008
183.281
210.287
238.601
267.798
297.473
327.254
356.809
385.846
414.12
441.429
467.664
492.775
516.92
540.062
561.948
582.45
601.518
619.146
635.359
650.204
663.739
676.032
687.166
697.243
706.335
714.502
721.805
728.302
734.051
739.114
743.635
747.608
751.037
753.955
756.402
758.426
760.069
761.372
762.375
763.108
763.598
763.864
763.795
763.472
762.951
762.271
761.459
760.537
759.519
758.412
757.227
755.98
754.685
753.356
752.007
750.648
749.29
747.94
746.606
745.294
744.008
742.753
741.53
740.339
739.181
738.051
736.949
735.867
734.801
733.745
732.692
731.634
730.563
729.472
728.354
727.202
726.01
724.774
723.492
722.161
720.782
719.359
717.893
716.389
714.853
713.289
711.7
710.088
708.452
706.79
705.093
703.349
701.539
699.64
697.623
695.45
693.08
690.465
687.555
684.293
680.625
676.496
671.854
666.651
660.84
654.376
647.21
639.29
630.56
620.964
610.445
598.948
586.425
572.835
558.147
542.343
525.421
507.396
488.303
468.203
447.177
425.332
402.801
379.738
356.319
332.732
309.178
285.862
262.978
240.737
219.307
198.839
179.47
161.309
144.434
128.891
114.7
101.848
90.2989
79.9962
70.8658
62.8228
55.775
49.6269
44.2872
2.12439
2.19501
2.47089
2.89828
3.41457
3.98176
4.55052
5.10924
5.66161
6.26933
7.01588
7.99448
9.29555
10.9903
13.1501
15.8714
19.2898
23.5969
29.0711
36.1179
45.311
57.3976
73.1711
93.2574
117.967
147.379
181.881
221.315
265.184
312.735
363.042
415.081
467.81
520.232
571.473
621.542
669.83
715.312
757.44
795.952
830.763
861.91
889.51
913.727
934.762
953.009
968.715
981.914
992.749
1001.39
1008.04
1012.89
1016.13
1017.96
1018.54
1018.03
1016.57
1014.28
1011.29
1007.68
1003.56
999
994.059
988.794
983.25
977.347
971.157
964.76
958.217
951.577
944.879
938.156
931.436
924.739
918.085
911.488
904.959
898.508
892.142
885.868
879.691
873.616
867.649
861.798
856.07
850.473
845.009
839.682
834.495
829.451
824.552
819.804
815.208
810.767
806.483
802.357
798.389
794.579
790.927
787.429
784.082
780.882
777.821
774.892
772.085
769.391
766.796
764.289
761.853
759.476
757.14
754.83
752.533
750.233
747.919
745.581
743.208
740.795
738.338
735.834
733.28
730.676
728.02
725.311
722.545
719.714
716.807
713.81
710.701
707.453
704.033
700.402
696.514
692.321
687.771
682.81
677.387
671.451
664.953
657.847
650.083
641.613
632.382
622.336
611.421
599.582
586.77
572.941
558.059
542.103
525.064
506.949
487.787
467.63
446.552
424.654
402.061
378.924
355.415
331.725
308.052
284.603
261.585
239.176
217.554
196.884
177.309
158.947
141.884
126.176
111.847
98.8895
87.269
76.9285
67.7926
59.7736
52.7755
46.6993
41.446
36.9227
1.98018
7.42811
9.39856
11.7174
14.6337
18.0348
21.4885
24.7379
27.8425
31.2247
35.5942
41.8778
51.05
63.9337
81.3464
104.353
134.226
172.343
220.054
278.485
348.296
429.375
521.35
624.015
731.514
839.462
947.347
1050.32
1144.84
1228.92
1301.65
1362.96
1413.28
1453.39
1484.29
1507.12
1522.97
1532.84
1537.58
1538.01
1534.8
1528.57
1519.86
1509.1
1496.67
1482.67
1467.23
1450.73
1433.47
1415.69
1397.59
1379.3
1360.94
1342.61
1324.37
1306.3
1288.42
1270.79
1253.44
1236.38
1219.63
1203.21
1187.13
1171.39
1155.99
1140.94
1126.24
1111.87
1097.85
1084.15
1070.78
1057.73
1044.99
1032.57
1020.44
1008.63
997.113
985.904
975
964.399
954.096
944.084
934.357
924.91
915.738
906.838
898.208
889.847
881.752
873.921
866.352
859.044
851.999
845.215
838.694
832.435
826.44
820.707
815.238
810.029
805.08
800.386
795.941
791.739
787.77
784.023
780.484
777.137
773.963
770.941
768.049
765.263
762.557
759.906
757.285
754.669
752.038
749.369
746.645
743.85
740.971
737.998
734.92
731.729
728.418
724.977
721.395
717.658
713.747
709.639
705.305
700.712
695.82
690.586
684.962
678.902
672.357
665.279
657.621
649.336
640.377
630.694
620.236
608.951
596.789
583.701
569.643
554.579
538.485
521.346
503.167
483.971
463.802
442.73
420.849
398.282
375.173
351.691
328.028
304.384
280.968
257.957
235.54
213.896
193.196
173.589
155.2
138.121
122.413
108.103
95.1879
83.6324
73.3791
64.3505
56.4559
49.5958
43.6674
38.5682
34.1995
30.4703
6.2793
91.8483
93.8984
95.4976
110.518
138.211
176.971
226.325
286.817
359.688
446.587
549.238
671.475
815.221
972.072
1135.58
1300.29
1461.41
1614.74
1756.71
1884.51
1996.15
2090.52
2167.46
2227.24
2271.02
2296.94
2306.78
2303.08
2288.37
2265.06
2235.26
2200.79
2163.11
2123.4
2082.57
2041.3
2000.09
1959.3
1919.17
1879.87
1841.5
1804.12
1767.77
1732.46
1698.2
1665.02
1632.88
1601.74
1571.56
1542.28
1513.88
1486.31
1459.54
1433.55
1408.3
1383.78
1359.96
1336.82
1314.35
1292.53
1271.33
1250.75
1230.76
1211.34
1192.5
1174.2
1156.44
1139.21
1122.48
1106.23
1090.45
1075.12
1060.22
1045.74
1031.67
1018
1004.7
991.793
979.252
967.076
955.258
943.79
932.666
921.877
911.416
901.28
891.463
881.965
872.781
863.91
855.353
847.109
839.18
831.569
824.278
817.31
810.668
804.354
798.373
792.724
787.408
782.425
777.769
773.436
769.417
765.7
762.27
759.108
756.191
753.494
750.987
748.637
746.411
744.272
742.182
740.106
738.006
735.848
733.6
731.232
728.719
726.036
723.163
720.081
716.774
713.226
709.419
705.335
700.954
696.249
691.194
685.754
679.895
673.577
666.76
659.402
651.46
642.892
633.655
623.705
612.996
601.485
589.123
575.868
561.68
546.524
530.376
513.223
495.067
475.926
455.843
434.882
413.137
390.724
367.79
344.499
321.036
297.613
274.408
251.604
229.386
207.936
187.425
168.006
149.807
132.923
117.418
103.319
90.6237
79.2962
69.2772
60.487
52.8318
46.2094
40.5137
35.6399
31.4869
27.9602
24.975
263.26
433.755
629.5
837.082
1044.49
1242.02
1422.81
1582.55
1719.03
1831.58
1920.71
1987.76
2034.7
2063.95
2078.03
2079.46
2070.7
2054.08
2031.71
2005.46
1976.92
1947.38
1917.86
1889.05
1861.4
1835.12
1810.56
1787.74
1766.45
1746.42
1727.33
1708.87
1690.78
1672.84
1654.87
1636.76
1618.42
1599.85
1581.03
1561.97
1542.71
1523.27
1503.7
1484.04
1464.34
1444.65
1425.02
1405.51
1386.16
1366.99
1348.03
1329.3
1310.8
1292.55
1274.54
1256.79
1239.29
1222.05
1205.07
1188.35
1171.89
1155.72
1139.81
1124.19
1108.85
1093.79
1079.02
1064.54
1050.34
1036.44
1022.82
1009.48
996.43
983.655
971.154
958.924
946.961
935.264
923.829
912.654
901.738
891.082
880.684
870.546
860.667
851.046
841.685
832.585
823.749
815.181
806.884
798.864
791.128
783.681
776.532
769.69
763.163
756.961
751.094
745.569
740.396
735.581
731.13
727.047
723.332
719.983
716.995
714.357
712.056
710.074
708.385
706.96
705.767
704.767
703.916
703.17
702.48
701.797
701.07
700.25
699.29
698.143
696.769
695.129
693.187
690.913
688.278
685.257
681.825
677.957
673.629
668.815
663.487
657.617
651.173
644.123
636.433
628.069
618.997
609.18
598.584
587.171
574.905
561.749
547.672
532.645
516.649
499.674
481.725
462.82
443.002
422.335
400.909
378.843
356.281
333.395
310.367
287.391
264.633
242.276
220.502
199.496
179.426
160.446
142.681
126.228
111.15
97.4723
85.1897
74.2655
64.6373
56.2229
48.9261
42.6425
37.2645
32.6859
28.8052
25.5279
22.768
20.4498
253.238
268.699
286.801
307.713
331.325
357.247
384.9
413.597
442.621
471.284
498.981
525.221
549.643
572.014
592.221
610.252
626.184
640.546
653.425
664.908
675.127
684.24
692.419
699.843
706.684
713.105
719.257
725.273
731.268
737.333
743.532
749.906
756.47
763.22
770.132
777.17
784.426
791.976
799.699
807.478
815.202
822.767
830.077
837.045
843.592
849.648
855.156
860.068
864.346
867.966
870.913
873.18
874.771
875.696
875.97
875.616
874.66
873.13
871.065
868.509
865.502
862.083
858.288
854.152
849.703
844.973
839.985
834.767
829.34
823.727
817.949
812.025
805.975
799.814
793.56
787.229
780.837
774.399
767.927
761.437
754.943
748.457
741.994
735.57
729.197
722.891
716.664
710.53
704.504
698.599
692.83
687.212
681.76
676.491
671.42
666.567
661.947
657.58
653.484
649.675
646.172
642.99
640.145
637.648
635.512
633.743
632.345
631.32
630.662
630.362
630.403
630.764
631.415
632.321
633.441
634.727
636.126
637.581
639.03
640.41
641.659
642.711
643.505
643.982
644.085
643.762
642.966
641.655
639.789
637.334
634.257
630.53
626.124
621.012
615.17
608.572
601.192
593.007
583.993
574.124
563.376
551.725
539.149
525.626
511.14
495.681
479.247
461.85
443.514
424.286
404.231
383.44
362.034
340.163
317.993
295.731
273.518
251.526
229.933
208.92
188.666
169.338
151.084
134.029
118.263
103.847
90.8037
79.1243
68.7695
59.6749
51.7569
44.9183
39.0544
34.0582
29.8246
26.2537
23.2532
20.7394
18.6379
16.8845
86.6715
89.4043
92.5036
96.0161
99.9775
104.402
109.281
114.581
120.248
126.213
132.395
138.709
145.072
151.405
157.64
163.718
169.597
175.254
180.675
185.854
190.793
195.5
199.989
204.282
208.403
212.384
216.256
220.055
223.817
227.578
231.376
235.246
239.225
243.343
247.634
252.123
256.841
261.815
267.067
272.612
278.461
284.619
291.086
297.856
304.919
312.26
319.86
327.695
335.737
343.955
352.315
360.779
369.309
377.864
386.405
394.888
403.274
411.523
419.637
427.66
435.531
443.198
450.616
457.743
464.545
470.992
477.06
482.729
487.984
492.816
497.22
501.195
504.744
507.873
510.592
512.914
514.855
516.43
517.658
518.559
519.152
519.459
519.505
519.317
518.92
518.337
517.591
516.705
515.701
514.6
513.426
512.203
510.953
509.701
508.473
507.295
506.194
505.195
504.327
503.617
503.091
502.777
502.699
502.881
503.345
504.113
505.202
506.628
508.399
510.519
512.987
515.794
518.923
522.352
526.048
529.971
534.073
538.298
542.585
546.863
551.061
555.1
558.902
562.386
565.474
568.089
570.159
571.615
572.395
572.442
571.708
570.147
567.724
564.404
560.162
554.974
548.82
541.686
533.556
524.421
514.269
503.094
490.892
477.662
463.409
448.147
431.9
414.705
396.616
377.707
358.074
337.841
317.162
296.22
275.191
254.221
233.471
213.113
193.322
174.27
156.118
139.006
123.05
108.336
94.9156
82.808
71.9997
62.4489
54.0897
46.8387
40.5999
35.2714
30.7497
26.934
23.7291
21.0477
18.811
16.9497
15.4032
14.1202
44.6813
45.4081
46.1916
47.0425
47.971
48.9854
50.091
51.2896
52.5792
53.9542
55.4055
56.9215
58.4887
60.0923
61.7171
63.3486
64.973
66.5784
68.1549
69.6941
71.1897
72.6371
74.0333
75.377
76.6685
77.9096
79.1035
80.2545
81.368
82.4503
83.5086
84.5508
85.5856
86.6219
87.6691
88.7371
89.8361
90.9765
92.1692
93.4249
94.7544
96.1684
97.6775
99.2922
101.023
102.879
104.87
107.005
109.294
111.743
114.361
117.155
120.13
123.291
126.643
130.187
133.926
137.86
141.987
146.309
150.824
155.524
160.403
165.448
170.648
175.985
181.444
187.004
192.645
198.344
204.078
209.825
215.56
221.259
226.9
232.46
237.919
243.258
248.458
253.505
258.386
263.088
267.625
272.018
276.255
280.327
284.228
287.957
291.517
294.914
298.155
301.253
304.222
307.079
309.842
312.533
315.175
317.793
320.413
323.062
325.77
328.565
331.476
334.533
337.765
341.208
344.892
348.842
353.082
357.628
362.496
367.691
373.217
379.067
385.228
391.677
398.384
405.306
412.393
419.586
426.815
434.002
441.061
447.9
454.422
460.528
466.118
471.096
475.366
478.841
481.44
483.093
483.737
483.319
481.799
479.142
475.325
470.334
464.158
456.797
448.254
438.54
427.671
415.671
402.572
388.417
373.258
357.164
340.224
322.544
304.255
285.512
266.513
247.408
228.343
209.477
190.976
173.006
155.729
139.296
123.835
109.452
96.2211
84.1874
73.3627
63.7295
55.2441
47.8414
41.441
35.952
31.2789
27.326
24.0008
21.2166
18.8946
16.9642
15.3633
14.0383
12.943
12.0389
30.1269
30.3818
30.6476
30.9269
31.2224
31.5366
31.8716
32.2292
32.6103
33.0152
33.4432
33.8929
34.3621
34.8482
35.3477
35.8571
36.3727
36.8906
37.4073
37.9194
38.4239
38.9179
39.3992
39.8658
40.3161
40.7492
41.1642
41.561
41.9394
42.3001
42.6438
42.9715
43.2846
43.5847
43.8737
44.1535
44.4263
44.6947
44.961
45.228
45.4985
45.7752
46.0611
46.3593
46.6728
47.0047
47.3581
47.7363
48.1425
48.5799
49.0519
49.5619
50.1133
50.7096
51.3544
52.0513
52.804
53.6163
54.4921
55.4353
56.45
57.5403
58.7102
59.9635
61.3037
62.7344
64.2586
65.879
67.5979
69.4171
71.3379
73.3608
75.486
77.7127
80.0395
82.4643
84.9844
87.5961
90.2952
93.0767
95.9351
98.8644
101.859
104.915
108.025
111.185
114.387
117.625
120.894
124.187
127.501
130.832
134.178
137.539
140.915
144.311
147.731
151.182
154.674
158.218
161.828
165.52
169.31
173.218
177.268
181.525
186.006
190.73
195.719
200.991
206.567
212.466
218.705
225.295
232.244
239.553
247.216
255.218
263.537
272.145
280.993
290.024
299.162
308.323
317.408
326.309
334.91
343.089
350.722
357.688
363.866
369.146
373.426
376.617
378.641
379.436
378.954
377.162
374.04
369.584
363.799
356.707
348.337
338.737
327.963
316.086
303.188
289.367
274.751
259.475
243.704
227.622
211.363
195.078
178.925
163.063
147.651
132.839
118.764
105.54
93.2604
81.9888
71.7602
62.5812
54.4322
47.2711
41.0377
35.6595
31.0559
27.1434
23.8389
21.0631
18.7423
16.8096
15.2055
13.8781
12.7823
11.8798
11.138
10.5293
23.3724
23.4773
23.5834
23.6918
23.8034
23.9189
24.0393
24.1655
24.2981
24.4377
24.5844
24.7385
24.8996
25.0675
25.2415
25.4207
25.6041
25.7906
25.9791
26.1683
26.3571
26.5442
26.7286
26.9093
27.0852
27.2557
27.4199
27.5774
27.7275
27.8701
28.0049
28.1317
28.2506
28.3618
28.4653
28.5617
28.6512
28.7343
28.8116
28.8837
28.9514
29.0152
29.0761
29.1348
29.1922
29.2493
29.3068
29.3658
29.4272
29.492
29.5612
29.6358
29.7168
29.8052
29.9022
30.0087
30.126
30.255
30.3969
30.5529
30.7242
30.9121
31.1177
31.3424
31.5874
31.8541
32.1438
32.4578
32.7974
33.164
33.5589
33.9835
34.4391
34.927
35.4485
36.005
36.5978
37.2281
37.8973
38.6067
39.3574
40.1506
40.9877
41.8699
42.7984
43.7745
44.7995
45.8746
47.001
48.18
49.4129
50.7013
52.0469
53.4517
54.9183
56.4496
58.049
59.7209
61.4703
63.3033
65.2269
67.2495
69.3805
71.6309
74.0136
76.545
79.2426
82.1248
85.2113
88.5231
92.082
95.9113
100.034
104.475
109.257
114.402
119.928
125.853
132.214
139.031
146.294
153.981
162.06
170.482
179.186
188.091
197.103
206.109
214.986
223.599
231.81
239.478
246.462
252.625
257.842
262
265.001
266.768
267.244
266.394
264.202
260.674
255.836
249.74
242.456
234.065
224.664
214.367
203.342
191.733
179.67
167.3
154.777
142.255
129.888
117.822
106.194
95.1258
84.7184
75.0509
66.1776
58.1276
50.9058
44.4956
38.8625
33.9579
29.7236
26.096
23.0093
20.3989
18.2032
16.365
14.8328
13.5606
12.5082
11.641
10.929
10.347
9.87334
9.48934
19.5624
19.6097
19.6552
19.6995
19.7431
19.7867
19.8308
19.8757
19.922
19.97
20.02
20.0722
20.1266
20.1835
20.2426
20.304
20.3674
20.4325
20.4991
20.5667
20.6349
20.7034
20.7716
20.8392
20.9056
20.9705
21.0335
21.0941
21.1521
21.2072
21.259
21.3073
21.3521
21.3931
21.4302
21.4635
21.4928
21.5183
21.54
21.558
21.5724
21.5835
21.5913
21.5962
21.5983
21.598
21.5954
21.5911
21.5851
21.578
21.5699
21.5613
21.5526
21.544
21.5359
21.5288
21.523
21.5189
21.5169
21.5173
21.5206
21.5272
21.5374
21.5517
21.5705
21.5942
21.6231
21.6578
21.6987
21.746
21.8004
21.8621
21.9316
22.0093
22.0956
22.1911
22.296
22.411
22.5364
22.6727
22.8204
22.9801
23.1522
23.3374
23.5362
23.7494
23.9775
24.2214
24.4819
24.7598
25.0561
25.3719
25.7083
26.0666
26.4483
26.8551
27.2889
27.752
28.2468
28.7762
29.3437
29.953
30.6085
31.3154
32.0795
32.9076
33.8075
34.7881
35.8594
37.0329
38.3213
39.7389
41.3018
43.0276
44.936
47.0483
49.3872
51.9772
54.8453
58.0193
61.5252
65.3866
69.6226
74.2462
79.2615
84.6619
90.4268
96.52
102.888
109.457
116.157
122.883
129.506
135.886
141.877
147.337
152.126
156.117
159.202
161.29
162.318
162.246
161.061
158.791
155.494
151.217
146.031
140.027
133.322
126.04
118.315
110.282
102.078
93.84
85.6956
77.7633
70.1471
62.9344
56.1932
49.9718
44.2986
39.1833
34.6195
30.5876
27.0574
23.9919
21.3499
19.0884
17.1645
15.5374
14.1685
13.0229
12.0691
11.2793
10.6292
10.0978
9.66697
9.32109
9.0468
8.83168
17.5048
17.5276
17.5485
17.5675
17.5847
17.6004
17.615
17.6291
17.6428
17.6564
17.6702
17.6843
17.6989
17.7142
17.7301
17.7468
17.7643
17.7824
17.8012
17.8204
17.84
17.8599
17.8797
17.8994
17.9187
17.9375
17.9554
17.9724
17.9882
18.0026
18.0154
18.0265
18.0357
18.043
18.0482
18.0512
18.0519
18.0503
18.0464
18.0402
18.0316
18.0207
18.0075
17.9921
17.9745
17.9549
17.9333
17.9098
17.8847
17.8579
17.8296
17.8
17.7693
17.7375
17.7048
17.6715
17.6376
17.6033
17.5689
17.5345
17.5002
17.4663
17.4328
17.4001
17.3683
17.3374
17.3078
17.2796
17.253
17.2281
17.205
17.1841
17.1654
17.149
17.1352
17.1241
17.1159
17.1107
17.1088
17.1101
17.115
17.1236
17.1361
17.1526
17.1734
17.1986
17.2286
17.2634
17.3034
17.3488
17.4
17.4573
17.521
17.5915
17.6694
17.7551
17.8492
17.9524
18.0655
18.1893
18.3249
18.4734
18.6362
18.8148
19.0109
19.2265
19.4641
19.7262
20.0159
20.3367
20.6927
21.0884
21.5291
22.0207
22.5701
23.1851
23.8747
24.6488
25.5191
26.4985
27.6012
28.843
30.2405
31.811
33.572
35.5398
37.7291
40.1508
42.8102
45.7055
48.8261
52.1499
55.6407
59.247
62.9031
66.5296
70.0369
73.3282
76.305
78.8717
80.9412
82.4394
83.3095
83.5165
83.0477
81.9099
80.1295
77.7517
74.8389
71.4673
67.7228
63.6973
59.4844
55.1765
50.8603
46.6144
42.5069
38.5937
34.9176
31.5089
28.3856
25.5553
23.0164
20.7603
18.7731
17.0368
15.5314
14.2356
13.1282
12.1883
11.3963
10.7342
10.1856
9.73566
9.37148
9.08157
8.85588
8.68552
8.56266
8.47877
16.1349
16.1461
16.1556
16.1632
16.1689
16.1728
16.1749
16.1755
16.1747
16.1728
16.1699
16.1663
16.162
16.1575
16.1526
16.1477
16.1428
16.1378
16.1329
16.128
16.1232
16.1183
16.1133
16.1083
16.103
16.0974
16.0914
16.0848
16.0777
16.0698
16.0611
16.0515
16.0409
16.0291
16.0162
16.002
15.9865
15.9696
15.9513
15.9314
15.9101
15.8872
15.8628
15.8369
15.8095
15.7805
15.7501
15.7182
15.6849
15.6502
15.6143
15.5771
15.5387
15.4992
15.4586
15.4171
15.3747
15.3315
15.2876
15.2431
15.198
15.1525
15.1066
15.0605
15.0141
14.9677
14.9213
14.8749
14.8288
14.7829
14.7374
14.6923
14.6477
14.6037
14.5605
14.518
14.4764
14.4358
14.3962
14.3577
14.3204
14.2844
14.2497
14.2166
14.1849
14.1549
14.1267
14.1002
14.0756
14.0531
14.0326
14.0145
13.9986
13.9853
13.9746
13.9668
13.962
13.9604
13.9624
13.9681
13.9779
13.9922
14.0114
14.0359
14.0663
14.1032
14.1473
14.1993
14.2602
14.3309
14.4126
14.5066
14.6143
14.7373
14.8775
15.037
15.2183
15.424
15.6573
15.9216
16.2211
16.5602
16.944
17.3779
17.8681
18.4211
19.0435
19.7423
20.524
21.3944
22.3581
23.4176
24.5721
25.8169
27.142
28.5313
29.9623
31.4053
32.8248
34.1798
35.4264
36.5195
37.416
38.0776
38.4737
38.5828
38.3943
37.909
37.1386
36.1057
34.8409
33.3818
31.7699
30.0487
28.2611
26.4479
24.6459
22.8872
21.1984
19.6005
18.109
16.7342
15.4819
14.3537
13.3479
12.4604
11.6849
11.0141
10.4399
9.9541
9.54849
9.21535
8.94748
8.73827
8.5817
8.47233
8.40516
8.37558
8.37931
8.40995
15.0384
15.0398
15.0401
15.0392
15.0371
15.0337
15.0289
15.0227
15.0151
15.0062
14.996
14.9846
14.9721
14.9586
14.9442
14.929
14.9131
14.8966
14.8796
14.862
14.844
14.8257
14.807
14.7881
14.7688
14.7493
14.7294
14.7091
14.6885
14.6675
14.646
14.624
14.6014
14.5783
14.5544
14.5298
14.5045
14.4783
14.4513
14.4234
14.3945
14.3647
14.334
14.3022
14.2695
14.2357
14.2009
14.1651
14.1283
14.0906
14.0518
14.012
13.9714
13.9298
13.8873
13.8439
13.7998
13.7548
13.7091
13.6627
13.6157
13.568
13.5198
13.471
13.4218
13.3721
13.322
13.2717
13.221
13.1701
13.119
13.0678
13.0165
12.9652
12.914
12.8628
12.8117
12.7609
12.7103
12.66
12.6101
12.5607
12.5117
12.4632
12.4153
12.3681
12.3215
12.2757
12.2307
12.1864
12.1431
12.1006
12.0592
12.0188
11.9795
11.9414
11.9045
11.8691
11.835
11.8025
11.7717
11.7428
11.7158
11.691
11.6685
11.6486
11.6315
11.6175
11.6069
11.5999
11.5971
11.5987
11.6052
11.6172
11.6351
11.6596
11.6914
11.7311
11.7798
11.8383
11.9076
11.989
12.0838
12.1933
12.3191
12.463
12.6268
12.8123
13.0215
13.2564
13.5187
13.81
14.1314
14.4833
14.8653
15.2754
15.7104
16.1649
16.6317
17.1011
17.5614
17.9992
18.3992
18.746
19.0242
19.2197
19.3209
19.3191
19.2095
18.9914
18.6683
18.2476
17.7404
17.1601
16.5224
15.8437
15.1408
14.4296
13.7252
13.0403
12.3861
11.771
11.2016
10.6822
10.2151
9.80106
9.43983
9.13005
8.86986
8.65702
8.48919
8.364
8.27916
8.23249
8.22188
8.24528
8.30066
8.38589
8.49897
8.63427
14.208
14.199
14.1895
14.1793
14.1685
14.1569
14.1446
14.1314
14.1174
14.1026
14.0868
14.0701
14.0526
14.0341
14.0148
13.9947
13.9737
13.9519
13.9294
13.9061
13.8821
13.8575
13.8323
13.8065
13.7802
13.7534
13.7262
13.6984
13.6702
13.6417
13.6127
13.5833
13.5535
13.5233
13.4926
13.4615
13.4299
13.3978
13.3652
13.3321
13.2984
13.2641
13.2293
13.1938
13.1577
13.1209
13.0835
13.0455
13.0067
12.9673
12.9272
12.8865
12.845
12.8029
12.7602
12.7168
12.6727
12.628
12.5827
12.5368
12.4904
12.4433
12.3958
12.3477
12.2991
12.2501
12.2006
12.1507
12.1004
12.0497
11.9987
11.9474
11.8958
11.844
11.792
11.7398
11.6875
11.6351
11.5827
11.5304
11.478
11.4258
11.3737
11.3218
11.27
11.2185
11.1672
11.1161
11.0654
11.015
10.9649
10.9152
10.8659
10.8171
10.7688
10.7209
10.6737
10.627
10.581
10.5358
10.4913
10.4476
10.4049
10.3631
10.3224
10.2829
10.2447
10.2078
10.1725
10.1388
10.1068
10.0768
10.0489
10.0232
10
9.97955
9.96195
9.94751
9.9365
9.92921
9.92597
9.92714
9.9331
9.94429
9.96115
9.98419
10.014
10.051
10.0959
10.1493
10.2117
10.2837
10.3658
10.4583
10.5613
10.6747
10.7979
10.9298
11.0688
11.2124
11.3576
11.5002
11.6357
11.7586
11.8636
11.9452
11.998
12.0175
12
11.9433
11.8462
11.7097
11.5358
11.3284
11.0926
10.8343
10.5603
10.2773
9.99232
9.71154
9.44072
9.18475
8.94769
8.73275
8.54234
8.37824
8.24171
8.13361
8.05452
8.0049
7.98511
7.99543
8.03615
8.10746
8.20946
8.34212
8.50526
8.69841
8.92139
9.16881
13.629
13.6095
13.5898
13.5698
13.5495
13.5289
13.5079
13.4866
13.4649
13.4427
13.42
13.3968
13.3732
13.349
13.3243
13.2991
13.2733
13.2469
13.22
13.1926
13.1646
13.1361
13.1071
13.0775
13.0475
13.0169
12.9859
12.9543
12.9223
12.8898
12.8568
12.8234
12.7896
12.7554
12.7208
12.6858
12.6504
12.6146
12.5785
12.542
12.5051
12.4678
12.4302
12.3921
12.3536
12.3147
12.2754
12.2357
12.1955
12.1549
12.1139
12.0724
12.0305
11.9881
11.9453
11.902
11.8582
11.8141
11.7694
11.7244
11.6789
11.633
11.5866
11.5399
11.4927
11.4451
11.3972
11.3489
11.3002
11.2512
11.2019
11.1522
11.1022
11.052
11.0015
10.9507
10.8999
10.8489
10.7978
10.7467
10.6954
10.6441
10.5928
10.5415
10.4901
10.4388
10.3875
10.3362
10.2851
10.234
10.1831
10.1323
10.0816
10.0311
9.98084
9.93079
9.881
9.83148
9.78228
9.73343
9.68495
9.63688
9.58926
9.54213
9.49553
9.44951
9.40411
9.3594
9.31542
9.27224
9.22991
9.18852
9.14812
9.10879
9.07062
9.0337
8.9981
8.96395
8.93133
8.90039
8.87123
8.84403
8.81893
8.79613
8.7758
8.75818
8.74348
8.73195
8.72383
8.71934
8.7187
8.72206
8.7296
8.74157
8.75819
8.77933
8.80454
8.8332
8.86457
8.89768
8.93139
8.96434
8.99496
9.02152
9.04219
9.05511
9.05852
9.05081
9.03069
8.99727
8.95016
8.88951
8.81609
8.73122
8.63674
8.53494
8.42841
8.31994
8.21242
8.10866
8.0114
7.92317
7.84633
7.78301
7.73519
7.70472
7.69337
7.70289
7.73501
7.79153
7.87427
7.98509
8.12579
8.29817
8.50387
8.74444
9.02135
9.3359
9.69017
10.0795
13.2666
13.2376
13.2086
13.1794
13.1502
13.121
13.0915
13.062
13.0323
13.0024
12.9724
12.9421
12.9116
12.8809
12.8499
12.8187
12.7871
12.7553
12.7232
12.6908
12.6581
12.6251
12.5917
12.558
12.524
12.4897
12.4551
12.4201
12.3848
12.3491
12.3132
12.2769
12.2403
12.2034
12.1662
12.1286
12.0908
12.0526
12.0141
11.9754
11.9363
11.897
11.8573
11.8174
11.7772
11.7367
11.6959
11.6549
11.6135
11.5719
11.53
11.4878
11.4453
11.4025
11.3595
11.3161
11.2725
11.2285
11.1843
11.1398
11.0949
11.0498
11.0044
10.9588
10.9128
10.8666
10.8201
10.7733
10.7262
10.6789
10.6314
10.5836
10.5355
10.4873
10.4388
10.3901
10.3413
10.2923
10.2431
10.1938
10.1444
10.095
10.0454
9.99577
9.94608
9.89635
9.84659
9.79682
9.74704
9.69728
9.64755
9.59785
9.54821
9.49865
9.44916
9.39978
9.35052
9.30139
9.25241
9.20361
9.15499
9.10658
9.0584
9.01048
8.96282
8.91546
8.86843
8.82174
8.77543
8.72952
8.68405
8.63905
8.59455
8.55059
8.50722
8.46446
8.42238
8.38103
8.34046
8.30075
8.262
8.22431
8.1878
8.1526
8.11884
8.08665
8.05614
8.02741
8.00056
7.97567
7.9528
7.93195
7.91311
7.89625
7.8813
7.86817
7.85669
7.84662
7.83771
7.82962
7.82198
7.81436
7.80629
7.79727
7.78679
7.77436
7.75952
7.74189
7.72121
7.69736
7.67042
7.64062
7.60844
7.57455
7.53982
7.5053
7.47221
7.44189
7.41577
7.39538
7.38229
7.37818
7.38476
7.40385
7.4374
7.4875
7.5564
7.64659
7.76073
7.90168
8.07249
8.27634
8.51648
8.79624
9.11904
9.4884
9.90817
10.3823
10.9166
11.5083
13.0675
13.0312
12.9949
12.9587
12.9224
12.886
12.8497
12.8133
12.7768
12.7403
12.7037
12.6671
12.6303
12.5935
12.5566
12.5195
12.4823
12.4451
12.4076
12.3701
12.3324
12.2945
12.2566
12.2184
12.1801
12.1416
12.1029
12.0641
12.0251
11.986
11.9466
11.9071
11.8674
11.8275
11.7874
11.7471
11.7067
11.6661
11.6253
11.5843
11.5432
11.5018
11.4603
11.4186
11.3767
11.3347
11.2925
11.2501
11.2075
11.1648
11.1219
11.0788
11.0356
10.9921
10.9486
10.9048
10.8609
10.8168
10.7725
10.728
10.6834
10.6386
10.5937
10.5486
10.5033
10.4578
10.4122
10.3664
10.3205
10.2744
10.2281
10.1817
10.1352
10.0885
10.0416
9.99466
9.94757
9.90037
9.85306
9.80566
9.75817
9.7106
9.66297
9.61528
9.56754
9.51977
9.47197
9.42415
9.37633
9.32851
9.2807
9.23291
9.18515
9.13742
9.08975
9.04214
8.99459
8.94712
8.89973
8.85244
8.80526
8.75819
8.71125
8.66444
8.61778
8.57127
8.52494
8.47879
8.43283
8.38709
8.34156
8.29628
8.25126
8.20652
8.16207
8.11796
8.07419
8.03083
7.98791
7.94552
7.90377
7.86277
7.82262
7.78342
7.74524
7.70813
7.67213
7.63728
7.60356
7.57099
7.53957
7.50928
7.48012
7.4521
7.42521
7.39942
7.37474
7.35111
7.32849
7.30684
7.2861
7.26619
7.24706
7.22866
7.21094
7.19387
7.17748
7.16183
7.14701
7.13322
7.1207
7.1098
7.10095
7.09468
7.09163
7.09254
7.09827
7.10979
7.1282
7.15476
7.19089
7.23817
7.29846
7.37385
7.46672
7.57982
7.71622
7.87941
8.07324
8.30192
8.57002
8.88243
9.24437
9.66145
10.1398
10.6861
11.3081
12.0141
12.8152
13.7121
12.972
12.9313
12.8904
12.8496
12.8087
12.7677
12.7267
12.6856
12.6445
12.6033
12.562
12.5207
12.4793
12.4379
12.3964
12.3548
12.3132
12.2715
12.2298
12.1879
12.146
12.1041
12.062
12.0199
11.9777
11.9355
11.8932
11.8507
11.8083
11.7657
11.7231
11.6804
11.6376
11.5947
11.5518
11.5088
11.4657
11.4225
11.3793
11.3359
11.2925
11.2491
11.2055
11.1619
11.1182
11.0744
11.0306
10.9867
10.9427
10.8987
10.8545
10.8103
10.7661
10.7218
10.6773
10.6329
10.5883
10.5437
10.499
10.4543
10.4095
10.3646
10.3196
10.2746
10.2295
10.1844
10.1392
10.0939
10.0485
10.0031
9.95768
9.91217
9.86661
9.82099
9.77533
9.72963
9.68389
9.63811
9.5923
9.54647
9.50062
9.45475
9.40888
9.36301
9.31714
9.27128
9.22543
9.17961
9.13382
9.08805
9.04233
8.99665
8.95102
8.90545
8.85993
8.81447
8.76908
8.72376
8.67852
8.63335
8.58826
8.54325
8.49833
8.4535
8.40877
8.36413
8.31959
8.27515
8.23082
8.1866
8.14249
8.09852
8.05467
8.01096
7.96741
7.92402
7.88082
7.83785
7.79514
7.7528
7.71096
7.66979
7.62941
7.58982
7.55103
7.51304
7.47586
7.43951
7.404
7.36937
7.33563
7.30282
7.27098
7.24013
7.21033
7.18162
7.15404
7.12767
7.10256
7.07879
7.05643
7.03558
7.01634
6.99884
6.98323
6.96966
6.95834
6.9495
6.94342
6.94042
6.94087
6.94521
6.95395
6.96769
6.98711
7.01302
7.04635
7.0882
7.13984
7.20277
7.27877
7.36993
7.47869
7.60795
7.76106
7.9419
8.15492
8.40516
8.69827
9.04051
9.43879
9.9007
10.4346
11.0498
11.7567
12.567
13.494
14.5523
15.7602
17.123
12.9306
12.8876
12.8445
12.8013
12.758
12.7146
12.671
12.6274
12.5837
12.5399
12.496
12.4521
12.408
12.3638
12.3196
12.2753
12.2309
12.1865
12.142
12.0974
12.0528
12.0081
11.9634
11.9186
11.8737
11.8289
11.7839
11.739
11.694
11.649
11.6039
11.5589
11.5138
11.4687
11.4235
11.3784
11.3332
11.2881
11.2429
11.1977
11.1525
11.1074
11.0622
11.017
10.9718
10.9266
10.8814
10.8363
10.7911
10.7459
10.7008
10.6557
10.6105
10.5654
10.5203
10.4752
10.4301
10.385
10.34
10.2949
10.2499
10.2049
10.1599
10.1149
10.0699
10.025
9.98008
9.93519
9.89032
9.84548
9.80067
9.7559
9.71116
9.66645
9.62179
9.57718
9.53261
9.48809
9.44363
9.39923
9.35489
9.31061
9.26641
9.22228
9.17822
9.13425
9.09035
9.04655
9.00283
8.95921
8.91568
8.87224
8.82891
8.78567
8.74253
8.69948
8.65654
8.6137
8.57095
8.5283
8.48574
8.44327
8.40089
8.3586
8.31639
8.27426
8.2322
8.19021
8.1483
8.10645
8.06467
8.02295
7.98129
7.9397
7.89817
7.85673
7.81538
7.77415
7.73314
7.6925
7.65243
7.613
7.57423
7.53613
7.49873
7.46203
7.42606
7.39085
7.35644
7.32286
7.29017
7.25842
7.22768
7.198
7.16949
7.14223
7.11631
7.09187
7.06901
7.0479
7.02869
7.01156
6.99671
6.98436
6.97476
6.9682
6.96498
6.96547
6.97006
6.97922
6.99346
7.01338
7.03967
7.07313
7.11471
7.16548
7.22676
7.30007
7.38724
7.49044
7.61225
7.75575
7.92458
8.12302
8.35605
8.62948
8.94994
9.32501
9.76321
10.2741
10.8684
11.558
12.3562
13.2776
14.3388
15.5581
16.9564
18.5561
20.386
22.4576
12.9129
12.869
12.825
12.7809
12.7366
12.6922
12.6477
12.6031
12.5584
12.5135
12.4686
12.4235
12.3784
12.3332
12.2879
12.2425
12.197
12.1514
12.1058
12.0601
12.0144
11.9686
11.9228
11.8769
11.831
11.7851
11.7391
11.6932
11.6472
11.6012
11.5552
11.5093
11.4633
11.4173
11.3714
11.3255
11.2796
11.2337
11.1879
11.1421
11.0963
11.0506
11.005
10.9593
10.9138
10.8682
10.8228
10.7774
10.732
10.6867
10.6415
10.5963
10.5512
10.5062
10.4612
10.4163
10.3714
10.3267
10.282
10.2373
10.1928
10.1483
10.1039
10.0596
10.0154
9.97121
9.92716
9.8832
9.83933
9.79556
9.7519
9.70834
9.66489
9.62156
9.57834
9.53525
9.49229
9.44945
9.40676
9.3642
9.32178
9.27951
9.23738
9.19541
9.1536
9.11194
9.07044
9.0291
8.98792
8.94691
8.90606
8.86537
8.82485
8.78448
8.74427
8.70422
8.66432
8.62456
8.58494
8.54546
8.50611
8.46688
8.42776
8.38874
8.34982
8.31098
8.27222
8.23353
8.19489
8.1563
8.11775
8.07924
8.04076
8.00231
7.96391
7.92558
7.88736
7.8493
7.81149
7.77404
7.73704
7.70056
7.66466
7.62938
7.59474
7.56079
7.52757
7.49512
7.4635
7.43276
7.40298
7.37423
7.34662
7.32025
7.29524
7.27171
7.24983
7.22976
7.21168
7.19581
7.18238
7.17166
7.16391
7.15948
7.15872
7.16203
7.16986
7.18273
7.20122
7.226
7.25782
7.29757
7.34627
7.40514
7.47559
7.55931
7.65828
7.77491
7.91202
8.07302
8.26194
8.48357
8.74358
9.04861
9.40638
9.82584
10.3173
10.8923
11.5641
12.3474
13.2585
14.3156
15.5385
16.9489
18.5706
20.4299
22.5566
24.9833
27.7526
30.8822
12.9077
12.8638
12.8198
12.7756
12.7314
12.6871
12.6427
12.5983
12.5537
12.5091
12.4644
12.4197
12.3749
12.33
12.2851
12.2402
12.1952
12.1502
12.1051
12.0601
12.015
11.97
11.9249
11.8799
11.8348
11.7898
11.7448
11.6998
11.6549
11.61
11.5651
11.5203
11.4755
11.4307
11.3861
11.3415
11.2969
11.2524
11.208
11.1636
11.1193
11.0751
11.0309
10.9869
10.9429
10.899
10.8551
10.8114
10.7677
10.7241
10.6806
10.6372
10.5938
10.5506
10.5074
10.4644
10.4214
10.3786
10.3358
10.2932
10.2506
10.2082
10.1659
10.1237
10.0817
10.0398
9.99798
9.95635
9.91486
9.87353
9.83236
9.79136
9.75054
9.7099
9.66944
9.62918
9.58912
9.54926
9.50961
9.47017
9.43095
9.39196
9.35319
9.31466
9.27636
9.23829
9.20047
9.16288
9.12553
9.08842
9.05154
9.0149
8.9785
8.94232
8.90636
8.87061
8.83508
8.79974
8.76459
8.72962
8.69481
8.66016
8.62564
8.59125
8.55696
8.52277
8.48866
8.4546
8.4206
8.38663
8.35269
8.31877
8.28488
8.25102
8.21722
8.18349
8.14989
8.11646
8.08327
8.05038
8.01786
7.98578
7.9542
7.92318
7.89277
7.86303
7.83404
7.80586
7.77857
7.75228
7.72708
7.70309
7.68044
7.6593
7.63983
7.62222
7.60669
7.59349
7.58287
7.57515
7.57065
7.56976
7.57289
7.58053
7.59321
7.61153
7.63619
7.66797
7.70778
7.75667
7.81586
7.88678
7.9711
8.0708
8.18825
8.32623
8.48807
8.67773
8.89996
9.16035
9.46558
9.82347
10.2432
10.7356
11.3129
11.9893
12.7809
13.7057
14.7837
16.0368
17.489
19.166
21.0954
23.3068
25.8317
28.7044
31.9624
35.6474
39.816
44.4878
12.9187
12.876
12.8332
12.7905
12.7478
12.705
12.6623
12.6196
12.577
12.5343
12.4917
12.4491
12.4066
12.3641
12.3217
12.2793
12.237
12.1947
12.1525
12.1103
12.0683
12.0263
11.9844
11.9425
11.9007
11.859
11.8174
11.7759
11.7344
11.693
11.6517
11.6105
11.5693
11.5283
11.4873
11.4463
11.4055
11.3648
11.3241
11.2835
11.2429
11.2025
11.1621
11.1218
11.0816
11.0415
11.0014
10.9614
10.9215
10.8817
10.842
10.8024
10.7628
10.7234
10.6841
10.6448
10.6057
10.5668
10.5279
10.4892
10.4507
10.4123
10.3741
10.336
10.2982
10.2605
10.223
10.1858
10.1487
10.1119
10.0754
10.0391
10.003
9.96725
9.93175
9.89653
9.8616
9.82697
9.79265
9.75863
9.72493
9.69156
9.6585
9.62578
9.59338
9.56132
9.52958
9.49818
9.4671
9.43635
9.40592
9.3758
9.34599
9.31647
9.28724
9.25829
9.22959
9.20114
9.17292
9.14491
9.11709
9.08944
9.06194
9.03457
9.0073
8.98012
8.953
8.92593
8.89888
8.87186
8.84484
8.81782
8.79081
8.76383
8.73688
8.70999
8.68321
8.65658
8.63014
8.60397
8.57811
8.55265
8.52765
8.50319
8.47937
8.45627
8.434
8.41267
8.39242
8.37339
8.35575
8.33969
8.32542
8.31317
8.30322
8.29585
8.29142
8.29029
8.2929
8.29972
8.31129
8.32821
8.35118
8.38099
8.41852
8.4648
8.52103
8.58858
8.66905
8.76431
8.87656
9.0084
9.16288
9.34367
9.55507
9.80223
10.0913
10.4294
10.8252
11.2888
11.8319
12.4684
13.2141
14.0871
15.108
16.2997
17.6874
19.2988
21.1633
23.3126
25.7795
28.5984
31.8037
35.4296
39.5096
44.0747
49.1555
54.7855
61.0172
67.8501
12.9683
12.9293
12.8905
12.8518
12.8133
12.7749
12.7367
12.6986
12.6607
12.623
12.5854
12.5479
12.5106
12.4734
12.4363
12.3994
12.3626
12.3259
12.2893
12.2529
12.2165
12.1803
12.1442
12.1081
12.0721
12.0362
12.0004
11.9647
11.929
11.8934
11.8578
11.8223
11.7868
11.7514
11.7161
11.6808
11.6455
11.6103
11.5751
11.5399
11.5048
11.4698
11.4348
11.3998
11.365
11.3302
11.2954
11.2608
11.2262
11.1918
11.1574
11.1232
11.0892
11.0552
11.0215
10.9879
10.9545
10.9213
10.8884
10.8557
10.8232
10.791
10.759
10.7274
10.6961
10.665
10.6344
10.604
10.574
10.5444
10.5152
10.4863
10.4579
10.4298
10.4022
10.375
10.3483
10.322
10.2961
10.2707
10.2458
10.2212
10.1972
10.1736
10.1505
10.1278
10.1056
10.0838
10.0624
10.0414
10.0209
10.0007
9.98098
9.96158
9.94253
9.92379
9.90536
9.88721
9.8693
9.85162
9.83413
9.81681
9.79962
9.78254
9.76554
9.74859
9.73167
9.71475
9.69782
9.68086
9.66387
9.64683
9.62976
9.61266
9.59556
9.57849
9.56148
9.54459
9.52786
9.51138
9.49522
9.47947
9.46424
9.44963
9.43579
9.42286
9.41101
9.40042
9.39132
9.38393
9.37854
9.37545
9.375
9.3776
9.38367
9.39373
9.40833
9.42811
9.45379
9.48618
9.52621
9.57494
9.63359
9.70354
9.78639
9.88402
9.99858
10.1326
10.289
10.4714
10.6838
10.931
11.2187
11.5538
11.9442
12.3992
12.9299
13.5492
14.2721
15.1158
16.1
17.2472
18.5823
20.1331
21.9295
24.0039
26.3904
29.1243
32.2417
35.7778
39.7663
44.237
49.2125
54.7065
60.7227
67.248
74.2637
81.7634
89.7555
98.2312
13.1131
13.0823
13.0517
13.0214
12.9914
12.9616
12.932
12.9026
12.8734
12.8443
12.8154
12.7867
12.758
12.7295
12.701
12.6727
12.6444
12.6161
12.5879
12.5597
12.5315
12.5033
12.4751
12.447
12.4187
12.3905
12.3622
12.3339
12.3056
12.2772
12.2488
12.2204
12.1919
12.1634
12.1349
12.1064
12.0779
12.0494
12.0209
11.9925
11.9641
11.9358
11.9076
11.8796
11.8516
11.8238
11.7962
11.7688
11.7415
11.7146
11.6878
11.6614
11.6353
11.6094
11.584
11.5589
11.5342
11.5099
11.4861
11.4627
11.4397
11.4173
11.3954
11.374
11.3532
11.3329
11.3132
11.2941
11.2756
11.2577
11.2405
11.2239
11.2079
11.1926
11.1779
11.1639
11.1506
11.1379
11.1259
11.1145
11.1039
11.0938
11.0844
11.0757
11.0675
11.06
11.053
11.0467
11.0409
11.0356
11.0309
11.0266
11.0228
11.0194
11.0165
11.0139
11.0116
11.0097
11.008
11.0065
11.0053
11.0041
11.0031
11.0022
11.0014
11.0005
10.9996
10.9987
10.9977
10.9967
10.9956
10.9944
10.9931
10.9918
10.9905
10.9892
10.988
10.9869
10.9862
10.9857
10.9858
10.9864
10.9879
10.9904
10.994
10.9991
11.006
11.0149
11.0262
11.0404
11.0579
11.0793
11.1052
11.1363
11.1733
11.2172
11.2689
11.3297
11.4009
11.4839
11.5804
11.6925
11.8225
11.9729
12.1468
12.3478
12.58
12.8481
13.1579
13.5158
13.9295
14.4081
14.9618
15.6029
16.3454
17.2054
18.2015
19.3547
20.6885
22.2293
24.0058
26.0494
28.3933
31.0723
34.1221
37.5778
41.4732
45.8387
50.6995
56.0723
61.9624
68.3614
75.2377
82.5406
90.2094
98.1378
106.243
114.525
122.901
131.181
13.4554
13.4378
13.4204
13.4032
13.386
13.3688
13.3516
13.3345
13.3173
13.3
13.2826
13.2651
13.2475
13.2297
13.2118
13.1937
13.1755
13.157
13.1384
13.1195
13.1005
13.0813
13.0619
13.0423
13.0225
13.0027
12.9826
12.9625
12.9423
12.922
12.9017
12.8814
12.861
12.8407
12.8205
12.8004
12.7804
12.7605
12.7409
12.7215
12.7024
12.6835
12.6651
12.6469
12.6293
12.612
12.5952
12.579
12.5633
12.5482
12.5338
12.52
12.5069
12.4945
12.4829
12.472
12.462
12.4528
12.4446
12.4372
12.4307
12.4252
12.4206
12.4171
12.4145
12.413
12.4124
12.413
12.4145
12.4171
12.4208
12.4256
12.4313
12.4382
12.4461
12.455
12.465
12.4759
12.4879
12.5009
12.5148
12.5297
12.5454
12.5621
12.5797
12.5981
12.6173
12.6373
12.6581
12.6796
12.7017
12.7245
12.7479
12.7718
12.7962
12.8212
12.8465
12.8722
12.8983
12.9247
12.9513
12.9781
13.0051
13.0322
13.0594
13.0866
13.1139
13.1413
13.1686
13.196
13.2234
13.2508
13.2783
13.306
13.3338
13.362
13.3906
13.4197
13.4495
13.4803
13.5121
13.5454
13.5805
13.6175
13.6571
13.6997
13.7457
13.7958
13.8508
13.9114
13.9784
14.0531
14.1364
14.2298
14.3348
14.453
14.5865
14.7375
14.9086
15.1026
15.323
15.5736
15.8589
16.1839
16.5544
16.9773
17.4603
18.0122
18.6434
19.3656
20.1922
21.1385
22.2218
23.4615
24.8795
26.4997
28.3486
30.4548
32.8488
35.5625
38.6288
42.0805
45.9488
50.2624
55.0447
60.3118
66.0701
72.3133
79.0221
86.1559
93.6541
101.445
109.405
117.415
125.404
133.132
140.381
147.018
153.012
158.251
14.1368
14.1355
14.1337
14.1315
14.1289
14.1257
14.1221
14.1179
14.1133
14.1081
14.1025
14.0964
14.0898
14.0827
14.0752
14.0673
14.059
14.0504
14.0414
14.0321
14.0226
14.0129
14.0031
13.9931
13.9831
13.973
13.963
13.9531
13.9433
13.9337
13.9244
13.9153
13.9067
13.8985
13.8907
13.8835
13.8769
13.871
13.8658
13.8614
13.8578
13.8552
13.8535
13.8528
13.8532
13.8548
13.8575
13.8615
13.8669
13.8736
13.8817
13.8913
13.9024
13.9151
13.9294
13.9454
13.963
13.9823
14.0035
14.0263
14.051
14.0775
14.1059
14.1361
14.1681
14.202
14.2378
14.2754
14.3149
14.3562
14.3994
14.4443
14.491
14.5395
14.5898
14.6417
14.6953
14.7505
14.8074
14.8658
14.9257
14.9871
15.0499
15.1141
15.1796
15.2465
15.3146
15.3839
15.4543
15.5258
15.5984
15.672
15.7466
15.8221
15.8984
15.9756
16.0535
16.1322
16.2116
16.2916
16.3722
16.4535
16.5353
16.6176
16.7005
16.7839
16.8679
16.9524
17.0375
17.1233
17.2098
17.297
17.3852
17.4745
17.565
17.6569
17.7506
17.8462
17.9442
18.045
18.149
18.2569
18.3692
18.4867
18.6102
18.7407
18.8793
19.0272
19.1858
19.3569
19.5421
19.7437
19.9638
20.2053
20.471
20.7645
21.0896
21.4507
21.8528
22.3015
22.8032
23.365
23.9952
24.7029
25.4984
26.3935
27.4011
28.5357
29.8136
31.2526
32.8724
34.6944
36.7418
39.0392
41.6129
44.4897
47.6974
51.263
55.2124
59.5691
64.352
69.5741
75.2398
81.3426
87.8621
94.7611
101.987
109.468
117.134
124.871
132.566
140.154
147.393
154.047
159.898
164.758
168.481
171.067
172.598
173.168
15.319
15.3325
15.3449
15.3563
15.3667
15.3762
15.3849
15.3927
15.3997
15.4061
15.4118
15.4169
15.4215
15.4256
15.4295
15.433
15.4364
15.4396
15.4429
15.4462
15.4497
15.4534
15.4575
15.462
15.4671
15.4728
15.4792
15.4864
15.4946
15.5037
15.514
15.5256
15.5384
15.5528
15.5686
15.5862
15.6055
15.6266
15.6498
15.6751
15.7025
15.7323
15.7644
15.7991
15.8364
15.8765
15.9193
15.965
16.0138
16.0656
16.1205
16.1787
16.2402
16.305
16.3733
16.445
16.5202
16.599
16.6814
16.7673
16.8569
16.9501
17.0469
17.1474
17.2515
17.3591
17.4703
17.585
17.7032
17.8249
17.95
18.0783
18.21
18.3449
18.4829
18.624
18.7682
18.9152
19.0652
19.2179
19.3733
19.5314
19.6921
19.8553
20.021
20.189
20.3594
20.532
20.7069
20.8839
21.0631
21.2444
21.4277
21.613
21.8004
21.9898
22.1811
22.3744
22.5697
22.7669
22.9662
23.1675
23.3709
23.5765
23.7842
23.9942
24.2067
24.4217
24.6393
24.8599
25.0836
25.3107
25.5415
25.7764
26.0158
26.2602
26.5102
26.7665
27.0299
27.3012
27.5815
27.872
28.174
28.489
28.8187
29.1652
29.5306
29.9175
30.3286
30.7671
31.2365
31.741
32.2848
32.8729
33.511
34.2052
34.9623
35.79
36.6968
37.6919
38.7855
39.9891
41.3148
42.7763
44.3879
46.1654
48.1258
50.2868
52.6675
55.2875
58.167
61.3265
64.7862
68.5654
72.6819
77.151
81.9842
87.188
92.7623
98.6983
104.977
111.567
118.421
125.477
132.654
139.852
146.973
153.91
160.647
166.993
172.731
177.665
181.604
184.385
185.881
186.033
184.837
182.485
179.177
175.275
17.2142
17.2412
17.267
17.2917
17.3156
17.3387
17.3611
17.383
17.4044
17.4256
17.4466
17.4677
17.4889
17.5105
17.5325
17.5552
17.5786
17.603
17.6285
17.6554
17.6837
17.7136
17.7454
17.7791
17.8151
17.8534
17.8943
17.938
17.9847
18.0345
18.0877
18.1445
18.2051
18.2697
18.3385
18.4117
18.4896
18.5723
18.6601
18.7531
18.8516
18.9558
19.066
19.1821
19.3046
19.4335
19.5691
19.7115
19.8608
20.0172
20.1809
20.352
20.5306
20.7167
20.9106
21.1121
21.3215
21.5387
21.7637
21.9967
22.2375
22.4861
22.7425
23.0067
23.2786
23.558
23.845
24.1393
24.4409
24.7496
25.0654
25.388
25.7174
26.0533
26.3956
26.7441
27.0988
27.4594
27.8257
28.1978
28.5753
28.9582
29.3463
29.7396
30.1379
30.5412
30.9494
31.3624
31.7802
32.2027
32.6299
33.0618
33.4985
33.94
34.3863
34.8375
35.2937
35.7549
36.2213
36.6931
37.1703
37.6532
38.1419
38.6368
39.138
39.6459
40.1608
40.683
41.2131
41.7514
42.2985
42.8551
43.4218
43.9995
44.589
45.1915
45.8079
46.4397
47.0883
47.7555
48.4431
49.1532
49.8883
50.651
51.4444
52.2717
53.1367
54.0436
54.9968
56.0015
57.063
58.1876
59.3818
60.6528
62.0084
63.4572
65.0083
66.6715
68.4573
70.3768
72.4417
74.6645
77.0578
79.6351
82.4096
85.3951
88.6049
92.0522
95.7493
99.707
103.935
108.439
113.224
118.29
123.631
129.234
135.083
141.147
147.39
153.761
160.196
166.62
172.938
179.046
184.825
190.145
194.974
199.213
202.69
205.241
206.712
206.978
205.954
203.604
199.949
195.077
189.119
182.416
175.225
168.206
20.2445
20.2903
20.3359
20.3815
20.4274
20.4737
20.5208
20.5688
20.6181
20.669
20.7217
20.7766
20.834
20.8941
20.9574
21.0241
21.0946
21.1692
21.2483
21.3322
21.4213
21.5159
21.6166
21.7236
21.8374
21.9584
22.087
22.2236
22.3688
22.5229
22.6864
22.8598
23.0436
23.2382
23.4442
23.662
23.892
24.1349
24.3911
24.6611
24.9453
25.2442
25.5584
25.8882
26.234
26.5963
26.9755
27.3719
27.7859
28.2177
28.6676
29.1359
29.6228
30.1283
30.6527
31.1959
31.758
32.339
32.9387
33.5571
34.194
34.8492
35.5224
36.2132
36.9215
37.6467
38.3884
39.1462
39.9197
40.7083
41.5114
42.3287
43.1594
44.0031
44.8592
45.7271
46.6064
47.4964
48.3968
49.307
50.2265
51.155
52.0921
53.0373
53.9905
54.9513
55.9195
56.895
57.8776
58.8672
59.8638
60.8673
61.8779
62.8956
63.9205
64.9529
65.9929
67.0407
68.0967
69.1611
70.2343
71.3167
72.4087
73.5107
74.6234
75.7471
76.8826
78.0303
79.1911
80.3656
81.5548
82.7596
83.9809
85.2198
86.4777
87.7559
89.0559
90.3794
91.7282
93.1047
94.511
95.9497
97.4239
98.9366
100.491
102.092
103.743
105.449
107.214
109.044
110.945
112.924
114.986
117.138
119.388
121.744
124.214
126.806
129.527
132.388
135.395
138.558
141.883
145.378
149.05
152.902
156.938
161.16
165.566
170.153
174.911
179.828
184.885
190.059
195.316
200.617
205.911
211.139
216.231
221.103
225.663
229.808
233.426
236.4
238.611
239.944
240.317
239.763
238.144
235.364
231.371
226.162
219.783
212.332
203.955
194.846
185.209
175.447
165.792
157.219
25.45
25.5412
25.6362
25.7354
25.8393
25.9483
26.0632
26.1844
26.3127
26.4487
26.593
26.7463
26.9094
27.083
27.2678
27.4646
27.6743
27.8976
28.1355
28.3888
28.6585
28.9456
29.2509
29.5756
29.9208
30.2874
30.6767
31.0898
31.5279
31.9921
32.4838
33.0042
33.5546
34.1363
34.7505
35.3986
36.0818
36.8014
37.5587
38.3549
39.1911
40.0685
40.9882
41.9511
42.9581
44.0101
45.1077
46.2515
47.442
48.6794
49.9639
51.2956
52.6742
54.0993
55.5705
57.0871
58.6482
60.2527
61.8995
63.5871
65.314
67.0785
68.8788
70.7129
72.5788
74.4743
76.3971
78.3451
80.3158
82.307
84.3164
86.3415
88.3801
90.4301
92.4891
94.5554
96.6268
98.7016
100.778
102.855
104.93
107.003
109.073
111.137
113.197
115.251
117.298
119.339
121.373
123.401
125.421
127.435
129.443
131.444
133.441
135.432
137.419
139.402
141.382
143.36
145.336
147.311
149.286
151.26
153.237
155.214
157.194
159.178
161.165
163.156
165.153
167.156
169.165
171.182
173.207
175.242
177.287
179.344
181.414
183.499
185.601
187.721
189.863
192.027
194.218
196.439
198.692
200.982
203.312
205.688
208.113
210.592
213.131
215.734
218.407
221.154
223.982
226.894
229.894
232.987
236.176
239.46
242.842
246.318
249.885
253.537
257.264
261.051
264.882
268.733
272.576
276.376
280.091
283.672
287.06
290.19
292.986
295.366
297.238
298.507
299.072
298.832
297.688
295.55
292.34
288
282.502
275.862
268.105
259.284
249.484
238.828
227.476
215.614
203.453
191.219
179.118
167.522
156.577
147.48
36.2646
36.5259
36.8048
37.1023
37.4199
37.7592
38.1219
38.5097
38.9242
39.3673
39.8408
40.3467
40.8868
41.4633
42.0783
42.734
43.4328
44.177
44.9693
45.8121
46.7082
47.6603
48.6714
49.7443
50.8822
52.0881
53.3652
54.7167
56.1457
57.6556
59.2495
60.9307
62.7023
64.5673
66.5287
68.5892
70.7513
73.0175
75.3897
77.8699
80.4594
83.1593
85.9702
88.8924
91.9255
95.0687
98.3207
101.68
105.143
108.708
112.37
116.126
119.971
123.899
127.905
131.983
136.125
140.325
144.576
148.869
153.198
157.554
161.93
166.317
170.708
175.095
179.471
183.829
188.162
192.464
196.729
200.951
205.125
209.247
213.313
217.32
221.265
225.146
228.96
232.707
236.386
239.997
243.539
247.013
250.421
253.763
257.041
260.257
263.413
266.51
269.551
272.539
275.475
278.363
281.205
284.003
286.759
289.476
292.155
294.8
297.412
299.992
302.542
305.065
307.56
310.03
312.475
314.896
317.295
319.671
322.026
324.36
326.674
328.967
331.242
333.498
335.736
337.958
340.163
342.353
344.529
346.694
348.848
350.993
353.132
355.267
357.401
359.535
361.673
363.817
365.97
368.134
370.311
372.504
374.713
376.939
379.181
381.436
383.703
385.974
388.244
390.503
392.736
394.927
397.058
399.105
401.036
402.82
404.415
405.775
406.848
407.577
407.896
407.731
407.007
405.641
403.546
400.635
396.821
392.024
386.167
379.191
371.05
361.722
351.214
339.563
326.843
313.16
298.652
283.486
267.85
251.955
236.025
220.287
204.956
190.231
176.286
163.475
151.781
142.612
68.4736
69.4654
70.5348
71.6853
72.9226
74.2513
75.6758
77.2004
78.8298
80.5689
82.4228
84.3967
86.4962
88.7268
91.0946
93.6056
96.2659
99.082
102.06
105.207
108.53
112.034
115.727
119.615
123.704
128
132.508
137.236
142.186
147.363
152.771
158.413
164.291
170.406
176.758
183.345
190.166
197.216
204.492
211.986
219.69
227.597
235.694
243.969
252.41
261.001
269.726
278.568
287.508
296.528
305.607
314.725
323.862
332.995
342.105
351.17
360.17
369.085
377.897
386.587
395.139
403.536
411.766
419.814
427.669
435.322
442.763
449.988
456.989
463.765
470.311
476.629
482.718
488.58
494.218
499.637
504.841
509.836
514.629
519.227
523.637
527.867
531.926
535.822
539.564
543.16
546.619
549.949
553.158
556.255
559.246
562.139
564.941
567.659
570.298
572.864
575.362
577.797
580.172
582.491
584.759
586.977
589.147
591.273
593.355
595.395
597.393
599.349
601.265
603.14
604.974
606.766
608.517
610.225
611.889
613.51
615.085
616.614
618.097
619.533
620.92
622.257
623.544
624.778
625.96
627.088
628.157
629.167
630.115
630.996
631.805
632.538
633.187
633.744
634.198
634.538
634.748
634.811
634.706
634.41
633.898
633.139
632.097
630.732
629.001
626.856
624.245
621.108
617.381
612.997
607.885
601.974
595.188
587.449
578.683
568.819
557.796
545.562
532.079
517.324
501.304
484.05
465.619
446.107
425.644
404.397
382.561
360.358
338.025
315.807
293.954
272.706
252.288
232.901
214.701
197.802
182.306
168.719
156.669
147.046
82.265
80.9416
79.716
78.586
77.5492
76.6039
75.7483
74.9814
74.3019
73.7092
73.2025
72.7813
72.4456
72.1951
72.0299
71.9504
71.9569
72.05
72.2304
72.499
72.8566
73.3044
73.8435
74.4752
75.2007
76.0214
76.9386
77.9536
79.0677
80.2823
81.5983
83.0168
84.5387
86.1646
87.8949
89.7298
91.669
93.712
95.8579
98.1054
100.453
102.897
105.437
108.067
110.785
113.587
116.466
119.418
122.437
125.516
128.649
131.827
135.045
138.293
141.564
144.849
148.14
151.429
154.708
157.968
161.202
164.403
167.563
170.675
173.735
176.735
179.671
182.539
185.335
188.056
190.699
193.262
195.745
198.147
200.468
202.709
204.87
206.954
208.962
210.896
212.761
214.558
216.292
217.966
219.584
221.149
222.666
224.14
225.573
226.971
228.337
229.676
230.992
232.287
233.567
234.835
236.094
237.347
238.598
239.849
241.103
242.362
243.63
244.907
246.196
247.498
248.815
250.148
251.498
252.865
254.251
255.656
257.079
258.521
259.983
261.462
262.96
264.476
266.008
267.556
269.118
270.695
272.285
273.885
275.496
277.114
278.74
280.369
282.002
283.635
285.267
286.894
288.514
290.125
291.722
293.301
294.858
296.389
297.887
299.347
300.762
302.124
303.423
304.65
305.793
306.841
307.778
308.589
309.256
309.759
310.077
310.188
310.065
309.683
309.01
308.018
306.676
304.953
302.819
300.249
297.217
293.708
289.712
285.228
280.269
274.859
269.032
262.823
256.267
249.398
242.252
234.876
227.333
219.697
212.051
204.439
196.764
188.922
182.454
172.865
300.719
311.852
319.155
323.937
327.658
331.126
335.02
340.036
346.89
356.334
369.124
385.942
407.248
433.074
462.821
495.209
528.64
561.768
594.345
626.937
662.197
701.291
751.647
381.145
250.788
172.894
173.785
173.818
173.002
171.679
170.154
168.704
167.598
167.106
167.508
169.085
172.084
176.662
182.798
190.208
198.323
206.397
213.72
219.868
224.812
228.923
232.9
236.692
199.473
162.46
149.137
147.572
145.71
143.416
140.788
137.998
135.235
132.686
130.541
128.99
128.218
128.378
129.546
131.665
134.496
137.62
140.509
142.67
143.785
143.794
142.854
141.367
139.255
128.83
113.438
143.386
140.229
136.973
133.487
129.79
125.995
122.254
118.724
115.556
112.909
110.936
109.755
109.412
109.84
110.825
112.016
112.986
113.35
112.862
111.483
109.33
106.706
103.609
98.1779
89.6354
143.424
139.013
134.551
129.961
125.245
120.486
115.829
111.414
107.365
103.829
100.951
98.8334
97.5181
96.9405
96.9073
97.1067
97.1654
96.7471
95.6417
93.8184
91.3783
88.5755
85.4398
81.5906
75.8656
145.642
140.063
134.49
128.879
123.229
117.601
112.105
106.861
101.999
97.6671
94.0148
91.1365
89.0843
87.8064
87.1323
86.7774
86.3916
85.6522
84.3536
82.4584
80.0517
77.3539
74.409
71.2912
66.9905
148.131
141.486
134.913
128.388
121.911
115.528
109.32
103.392
97.859
92.8584
88.534
85.0076
82.3612
80.5608
79.4652
78.8123
78.2563
77.4615
76.2026
74.4222
72.1881
69.6959
66.9986
64.3207
60.8576
149.892
142.306
134.865
127.559
120.39
113.389
106.618
100.156
94.1043
88.5841
83.735
79.6947
76.5683
74.3692
72.9989
72.2189
71.6754
70.9991
69.9257
68.3681
66.3763
64.1287
61.6872
59.3251
56.413
150.354
141.97
133.813
125.877
118.168
110.706
103.531
96.7026
90.2975
84.4183
79.195
74.7746
71.2914
68.809
67.2719
66.4865
66.0846
65.6478
64.8581
63.5914
61.8807
59.8935
57.7029
55.595
53.0791
149.208
140.184
131.47
123.065
114.975
107.211
99.799
92.7732
86.1871
80.1191
74.6817
70.022
66.3002
63.6334
62.0247
61.3233
61.1554
61.0446
60.6078
59.6782
58.2731
56.5541
54.6076
52.7221
50.5107
146.352
136.849
127.738
119.022
110.706
102.796
95.3004
88.2369
81.6343
75.5447
70.0563
65.3048
61.4653
58.7057
57.0994
56.5479
56.6785
56.955
56.9212
56.3629
55.2817
53.8369
52.1295
50.4488
48.4861
141.84
132.021
122.67
113.794
105.397
97.4789
90.0376
83.0741
76.5972
70.6338
65.245
60.5454
56.7102
53.9457
52.4001
52.0419
52.5111
53.2158
53.6218
53.4621
52.7215
51.558
50.0884
48.6031
46.8545
135.847
125.867
116.428
107.535
99.1898
91.3866
84.1152
77.3639
71.1252
65.405
60.2389
55.7154
51.9963
49.3088
47.8694
47.7258
48.5509
49.7069
50.5789
50.8415
50.4583
49.5859
48.3567
47.0638
45.5077
128.608
118.621
109.236
100.46
92.2876
84.7088
77.7054
71.256
65.3405
59.9483
55.0937
50.8392
47.325
44.7813
43.4775
43.5479
44.7232
46.3359
47.6909
48.3968
48.3895
47.8213
46.8391
45.7408
44.3652
120.382
110.534
101.34
92.8044
84.9168
77.66
71.0089
64.934
59.4053
54.4001
49.9157
45.9904
42.7406
40.3793
39.2175
39.4792
40.9749
43.0304
44.8755
46.0432
46.4324
46.1853
45.4629
44.5641
43.3658
111.421
101.851
92.9778
84.7985
77.2971
70.449
64.2227
58.5817
53.488
48.9109
44.8338
41.2734
38.3086
36.141
35.1057
35.5115
37.2707
39.7335
42.0637
43.7091
44.5174
44.6121
44.1663
43.4768
42.4582
101.96
92.8026
84.3704
76.6538
69.6296
63.2656
57.5244
52.3647
47.7411
43.6205
39.9661
36.7731
34.0992
32.1219
31.18
31.6576
33.5931
36.4014
39.1972
41.3316
42.5831
43.0454
42.8967
42.4308
41.5989
92.2261
83.6081
75.7278
68.5681
62.0994
56.2815
51.0727
46.4298
42.2984
38.6319
35.3924
32.5639
30.1811
28.3863
27.4974
27.9541
29.9455
33.0057
36.228
38.8556
40.5752
41.435
41.6076
41.384
40.7499
82.4363
74.4679
67.2303
60.7002
54.8441
49.6129
44.9576
40.8282
37.1741
33.9476
31.1085
28.6322
26.5319
24.9077
24.0276
24.3501
26.2318
29.4042
32.988
36.1072
38.326
39.6252
40.1567
40.2062
39.7926
72.8385
65.5865
59.0419
53.1719
47.9351
43.2845
39.1705
35.5426
32.351
29.5485
27.0941
24.9583
23.1384
21.6959
20.837
20.9933
22.6577
25.8097
29.6624
33.2312
35.9385
37.679
38.58
38.9142
38.7312
63.6626
57.1571
51.323
46.1226
41.5113
37.4409
33.8618
30.7242
27.9798
25.5833
23.4948
21.6832
20.1362
18.8873
18.0843
18.1
19.4989
22.5098
26.5081
30.4413
33.5865
35.7387
36.9931
37.6043
37.6478
54.9896
49.2569
44.1489
39.6244
35.6372
32.1388
29.0805
26.4146
24.0955
22.0807
20.333
18.822
17.5311
16.4755
15.756
15.673
16.7943
19.5563
23.559
27.747
31.2643
33.7923
35.382
36.2612
36.5281
46.924
41.9764
37.5962
33.7405
30.363
27.4165
24.8547
22.633
20.7096
19.046
17.6085
16.3693
15.3105
14.4368
13.8149
13.6748
14.5365
16.9742
20.8429
25.1629
28.9738
31.8348
33.7379
34.8753
35.362
39.5711
35.4
31.7302
28.5187
25.7211
23.2932
21.1925
19.3787
17.8145
16.4661
15.3041
14.3039
13.4489
12.7383
12.2152
12.0501
12.6878
14.7639
18.3817
22.7089
26.7257
29.8694
32.0596
33.4426
34.1441
33.0201
29.5934
26.5956
23.986
21.7237
19.769
18.0843
16.6344
15.3873
14.3143
13.3905
12.5951
11.9137
11.343
10.911
10.7414
11.1962
12.9086
16.19
20.4084
24.5384
27.9071
30.3522
31.9647
32.8741
27.3317
24.5941
22.2106
20.1448
18.3607
16.8243
15.5034
14.3687
13.3935
12.5543
11.8307
11.206
10.668
10.2132
9.85985
9.69661
10.0081
11.3806
14.2758
18.2861
22.4363
25.966
28.6272
30.4486
31.5566
22.5274
20.4043
18.5625
16.9709
15.5997
14.4208
13.4081
12.5381
11.7893
11.143
10.5831
10.0965
9.67393
9.312
9.0232
8.87089
9.07369
10.1468
12.6395
16.3651
20.447
24.0692
26.902
28.9067
30.2011
18.6022
17.0052
15.6221
14.4283
13.4006
12.517
11.757
11.1022
10.5362
10.0444
9.61465
9.23704
8.90459
8.61491
8.37697
8.23681
8.36102
9.18666
11.2946
14.6908
18.6313
22.2808
25.2386
27.3983
28.8648
15.5254
14.3543
13.3407
12.4658
11.7117
11.0617
10.5004
10.0138
9.58942
9.21647
8.88581
8.59023
8.32478
8.088
7.88659
7.7537
7.81304
8.42031
10.1464
13.1667
16.9034
20.5276
23.5796
25.8804
27.5164
13.1521
12.3191
11.5973
10.973
10.433
9.96508
9.55778
9.20077
8.88482
8.60196
8.34557
8.11054
7.89358
7.69406
7.51716
7.38645
7.39054
7.80492
9.15467
11.7541
15.218
18.7589
21.8709
24.299
26.1037
11.3743
10.8023
10.3051
9.87327
9.49729
9.16832
8.87809
8.61902
8.38434
8.16823
7.96598
7.7741
7.59061
7.41561
7.25336
7.1206
7.07885
7.33137
8.33108
10.4866
13.6155
17.0106
20.1411
22.6763
24.6449
10.0932
9.71709
9.38863
9.10121
8.8482
8.62323
8.42023
8.2336
8.05835
7.89021
7.72585
7.56304
7.40082
7.23996
7.08423
6.94573
6.8662
6.98884
7.68023
9.39277
12.1346
15.3207
18.4222
21.0384
23.1631
9.22066
8.98826
8.78385
8.60283
8.44042
8.29188
8.15261
8.01832
7.88519
7.75004
7.61055
7.4654
7.3145
7.15923
7.00325
6.85564
6.74436
6.76604
7.19897
8.49052
10.8085
13.726
16.7481
19.415
21.6851
8.6837
8.5549
8.44031
8.33658
8.24
8.14677
8.05315
7.95561
7.85108
7.73709
7.61203
7.47532
7.32762
7.17098
7.00917
6.84941
6.71038
6.65456
6.87996
7.78755
9.66381
12.2616
15.1546
17.8395
20.2427
8.41851
8.36566
8.31762
8.27151
8.22402
8.17174
8.1113
8.03958
7.95391
7.85228
7.73363
7.59802
7.44695
7.2833
7.11106
6.93619
6.77103
6.65379
6.71459
7.27847
8.70521
10.9398
13.6585
16.3331
18.8608
8.41924
8.42656
8.4314
8.4309
8.4218
8.40074
8.36447
8.31005
8.23505
8.13786
8.01789
7.87589
7.71476
7.53838
7.35067
7.1564
6.96402
6.79737
6.73936
7.02456
8.02645
9.86826
12.36
14.9809
17.6032
8.69754
8.75152
8.79774
8.83312
8.85418
8.85744
8.83961
8.79776
8.72961
8.63373
8.50975
8.35887
8.18653
7.99625
7.78967
7.57028
7.34541
7.13451
6.98992
7.06152
7.68324
9.1192
11.335
13.854
16.5311
9.27945
9.37444
9.45795
9.52681
9.57736
9.60602
9.60947
9.5849
9.53018
9.4442
9.32687
9.1785
8.99995
8.79251
8.55822
8.30126
8.03225
7.77841
7.56008
7.46742
7.75501
8.76953
10.6528
13.0197
15.7063
10.2403
10.38
10.5065
10.6168
10.7074
10.7744
10.8145
10.8245
10.8015
10.7427
10.6458
10.5086
10.3296
10.108
9.84482
9.54568
9.23255
8.93623
8.65556
8.43896
8.4458
9.01441
10.465
12.5982
15.2219
11.7329
11.9318
12.1185
12.2902
12.4431
12.5729
12.6755
12.7463
12.7809
12.7745
12.7223
12.6194
12.4614
12.2447
11.9692
11.6499
11.3399
11.0214
10.7009
10.4013
10.2002
10.3287
11.1809
12.8813
15.2659
14.0245
14.3077
14.5831
14.8479
15.0984
15.3299
15.5373
15.715
15.8569
15.9556
16.0032
15.991
15.9104
15.7549
15.5315
15.2988
15.0723
14.8066
14.4973
14.1549
13.8152
13.5867
13.7293
14.6292
16.3209
17.5574
17.9615
18.3682
18.7765
19.1838
19.5859
19.9777
20.3526
20.7022
21.0155
21.2792
21.4788
21.6003
21.6436
21.6458
21.712
21.6935
21.5481
21.254
20.8225
20.2966
19.7457
19.2683
19.1589
19.454
23.0606
23.6395
24.2465
24.886
25.5588
26.262
26.9902
27.734
28.4793
29.2062
29.8909
30.5091
31.0479
31.5379
32.1132
32.5167
32.6524
32.4582
31.9248
31.1018
30.0983
29.019
27.9148
26.9167
25.6994
31.7053
32.5432
33.4736
34.5074
35.6464
36.8843
38.208
39.595
41.0111
42.4119
43.7528
45.0044
46.1553
47.3226
48.152
48.4829
48.227
47.3787
46.0094
44.2496
42.2639
40.2149
38.1891
36.3009
34.0353
45.7431
47.0911
48.6412
50.4119
52.3939
54.5644
56.8785
59.2681
61.6448
63.9099
66.0114
67.9131
69.5975
70.5036
70.4391
69.4389
67.6103
65.1078
62.1138
58.8236
55.4241
52.0875
48.9034
46.0206
42.9821
69.8489
72.0394
74.5677
77.4228
80.532
83.8355
87.1582
90.3095
93.1006
95.3696
96.9335
97.6558
97.0249
95.171
92.3178
88.689
84.4922
79.9197
75.1536
70.3685
65.7131
61.3321
57.2686
53.6792
50.1961
101.109
104.117
107.438
110.944
114.361
117.432
119.931
121.672
122.498
122.275
120.859
118.138
114.423
109.964
104.965
99.5939
93.9989
88.3156
82.6815
77.2363
72.0919
67.3849
63.0884
59.3421
55.7641
134.372
137.193
139.847
142.07
143.541
144.074
143.568
141.97
139.313
135.617
131.104
126.034
120.606
114.953
109.165
103.314
97.4853
91.7493
86.2109
80.9868
76.1218
71.7137
67.7267
64.3175
60.9959
160.372
161.333
161.534
160.759
158.861
155.897
151.999
147.317
142.064
136.503
130.806
125.088
119.429
113.864
108.396
103.034
97.8589
92.8675
88.1085
83.6618
79.5773
75.9472
72.7195
70.0649
67.307
172.784
170.828
167.96
164.091
159.309
153.89
148.103
142.186
136.334
130.663
125.227
120.041
115.136
110.494
106.055
101.795
97.7379
93.8964
90.3081
87.0387
84.1359
81.6973
79.6553
78.2007
76.325
172.609
168.179
162.946
157.047
150.829
144.62
138.613
132.94
127.74
122.975
118.606
114.595
110.921
107.549
104.433
101.548
98.9047
96.5232
94.4441
92.7361
91.4538
90.7174
90.4418
90.8777
90.368
164.235
158.462
152.166
145.676
139.5
133.815
128.664
124.066
120.035
116.524
113.48
110.851
108.6
106.694
105.103
103.823
102.875
102.304
102.173
102.581
103.611
105.446
107.977
111.638
113.448
152.765
146.756
140.687
134.87
129.612
125.037
121.141
117.884
115.227
113.114
111.514
110.382
109.689
109.423
109.591
110.228
111.403
113.217
115.799
119.325
123.961
130.047
137.444
147.094
153.265
143.141
137.664
132.429
127.785
123.854
120.672
118.201
116.385
115.177
114.539
114.492
115.014
116.102
117.79
120.151
123.304
127.416
132.714
139.474
148.062
158.841
172.513
188.909
210.259
225.19
139.429
134.966
131
127.819
125.403
123.742
122.801
122.537
122.922
123.958
125.79
128.398
131.832
136.216
141.744
148.695
157.44
168.464
182.358
199.897
221.872
249.758
283.366
327.795
361.18
148.685
146.274
144.165
142.809
142.21
142.406
143.394
145.164
147.722
151.16
155.945
161.918
169.239
178.208
189.253
202.959
220.097
241.667
268.896
303.363
346.727
401.875
468.883
557.704
633.389
205.329
208.729
209.613
209.916
210.866
212.831
215.819
219.806
224.757
230.626
237.041
243.994
251.558
259.812
268.867
278.873
290.036
302.593
316.818
332.928
351.418
372.396
398.429
427.39
478.303
)
;

boundaryField
{
    inlet
    {
        type            fixedValue;
        value           uniform 14.855;
    }
    outlet
    {
        type            zeroGradient;
    }
    upperWall
    {
        type            zeroGradient;
    }
    lowerWall
    {
        type            zeroGradient;
    }
    frontAndBack
    {
        type            empty;
    }
}


// ************************************************************************* //
