/*--------------------------------*- C++ -*----------------------------------*\
| =========                 |                                                 |
| \\      /  F ield         | OpenFOAM: The Open Source CFD Toolbox           |
|  \\    /   O peration     | Version:  1.4.2                                 |
|   \\  /    A nd           | Web:      http://www.openfoam.org               |
|    \\/     M anipulation  |                                                 |
\*---------------------------------------------------------------------------*/
FoamFile
{
    version     2.0;
    format      ascii;
    class       volScalarField;
    object      epsilon;
    location    "950";
}
// * * * * * * * * * * * * * * * * * * * * * * * * * * * * * * * * * * * * * //

dimensions      [0 2 -3 0 0 0 0];

internalField   nonuniform List<scalar> 
12225
(
443.026
353.452
290.586
245.345
212.188
187.594
169.245
155.572
145.485
138.21
133.183
129.985
128.3
127.881
128.529
130.083
132.409
135.67
60.1656
73.6156
79.568
83.6951
87.7142
92.3539
97.9686
104.74
112.766
122.099
132.759
144.737
157.998
172.478
188.08
204.668
221.995
240.13
26.2958
33.7101
37.845
40.6833
42.9299
44.9526
46.9639
49.0917
51.4156
53.9865
56.8363
59.983
63.4329
67.1799
71.2034
75.4599
79.8598
84.24
18.7355
22.7235
25.4806
27.3758
28.8178
30.0126
31.0724
32.0707
33.0568
34.0634
35.1122
36.2166
37.384
38.616
39.909
41.2522
42.6259
43.9858
16.1687
18.1634
19.9326
21.292
22.3446
23.1852
23.8877
24.5055
25.0724
25.6103
26.1342
26.6543
27.1774
27.7072
28.245
28.7895
29.3368
29.868
15.2354
16.0864
17.0484
17.9368
18.6891
19.3116
19.8309
20.2729
20.659
21.0059
21.3259
21.6276
21.9172
22.1985
22.474
22.7447
23.0099
23.259
14.8942
15.17
15.5864
16.0521
16.5062
16.9217
17.2896
17.61
17.8892
18.1348
18.3542
18.5533
18.7368
18.9084
19.0708
19.2254
19.3723
19.5054
14.7876
14.838
14.9915
15.2092
15.4537
15.7009
15.9368
16.1542
16.351
16.5276
16.6861
16.8291
16.959
17.0782
17.1887
17.2919
17.3884
17.4747
14.7441
14.6884
14.7003
14.7662
14.8675
14.9882
15.1163
15.2439
15.3661
15.4805
15.586
15.6827
15.7712
15.8523
15.9269
15.996
16.0601
16.1177
14.7239
14.6134
14.5425
14.5091
14.5063
14.5261
14.5613
14.6058
14.655
14.7057
14.7557
14.8038
14.8493
14.8918
14.9314
14.9682
15.0023
15.0329
14.7149
14.579
14.4658
14.3758
14.3077
14.2585
14.2249
14.2034
14.191
14.1852
14.184
14.1858
14.1895
14.1942
14.1995
14.2049
14.2103
14.2149
14.7109
14.5642
14.4319
14.3142
14.2111
14.1218
14.0449
13.9791
13.9228
13.8744
13.8327
13.7964
13.7645
13.7363
13.711
13.6881
13.6673
13.6482
14.7089
14.5577
14.4176
14.2882
14.1691
14.0601
13.9606
13.8699
13.7873
13.7122
13.6436
13.581
13.5236
13.4708
13.422
13.3769
13.3351
13.2966
14.7076
14.5544
14.4112
14.2772
14.1518
14.0345
13.925
13.8227
13.7273
13.6382
13.5551
13.4774
13.4048
13.3369
13.2732
13.2134
13.1574
13.1055
14.7067
14.5523
14.4076
14.2717
14.1439
14.0235
13.9101
13.8033
13.7025
13.6074
13.5177
13.4331
13.3531
13.2775
13.206
13.1383
13.0744
13.015
14.706
14.5507
14.4052
14.2684
14.1394
14.0178
13.9029
13.7943
13.6915
13.5941
13.5018
13.4143
13.3313
13.2524
13.1775
13.1064
13.0389
12.976
14.7055
14.5497
14.4036
14.2662
14.1367
14.0144
13.8988
13.7894
13.6857
13.5874
13.4941
13.4054
13.3212
13.241
13.1648
13.0923
13.0234
12.9591
14.7053
14.5494
14.403
14.2654
14.1356
14.013
13.8971
13.7873
13.6833
13.5846
13.4909
13.4019
13.3173
13.2369
13.1603
13.0875
13.0184
12.9539
14.7055
14.5497
14.4035
14.2659
14.1362
14.0138
13.8981
13.7886
13.685
13.5868
13.4937
13.4054
13.3216
13.2421
13.1665
13.0948
13.0269
12.9637
14.706
14.5507
14.4051
14.2683
14.1396
14.0185
13.9045
13.7971
13.6959
13.6006
13.5107
13.4259
13.346
13.2705
13.1992
13.1318
13.0683
13.0095
14.7068
14.5528
14.4093
14.2755
14.1509
14.0353
13.9279
13.8284
13.7361
13.6504
13.5708
13.4968
13.4279
13.3635
13.3034
13.2471
13.1944
13.146
14.7086
14.5589
14.4227
14.3001
14.1905
14.0931
14.0068
13.9303
13.8623
13.8016
13.747
13.6976
13.6526
13.6113
13.5731
13.5376
13.5045
13.4743
14.7142
14.5802
14.4708
14.3853
14.3209
14.2739
14.2405
14.2172
14.2011
14.1898
14.1815
14.175
14.1693
14.1638
14.1581
14.1519
14.1451
14.1383
14.7358
14.6588
14.6349
14.6534
14.7004
14.7639
14.8349
14.9068
14.9754
15.0384
15.0944
15.1432
15.1847
15.2195
15.2482
15.2714
15.2898
15.3046
14.8205
14.9298
15.138
15.3947
15.6602
15.9123
16.14
16.3384
16.5073
16.6492
16.7675
16.8658
16.9471
17.0143
17.0699
17.1159
17.154
17.1857
15.1412
15.7855
16.517
17.2068
17.7961
18.2813
18.6742
18.9897
19.2424
19.4453
19.6092
19.7427
19.8526
19.9443
20.0219
20.0885
20.1465
20.1979
16.3189
18.2995
19.9621
21.2351
22.1813
22.8822
23.4044
23.7998
24.1051
24.3458
24.5398
24.7003
24.8371
24.9575
25.0667
25.1689
25.2667
25.3619
20.7544
25.6375
28.6922
30.5982
31.8393
32.6632
33.2222
33.6187
33.9177
34.1615
34.3775
34.5835
34.791
35.0075
35.237
35.4821
35.7433
36.0198
43.9611
54.4815
58.7074
60.4208
60.9764
60.9916
60.8477
60.7577
60.7887
60.97
61.3106
61.8089
62.4576
63.2465
64.164
65.1977
66.3328
67.5618
332.626
280.253
240.732
210.192
186.153
166.94
151.386
138.653
128.129
119.361
112.006
105.799
100.536
96.0549
92.2271
88.9494
86.1385
83.7249
0.00471706
0.00568123
0.00780764
0.0103917
0.0131177
0.0158074
0.0183819
0.0208202
0.0231377
0.0253849
0.0276545
0.0300774
0.032795
0.0359717
0.039743
0.0441398
0.0492602
0.0552458
0.0622477
0.0703424
0.0796081
0.0900903
0.101879
0.115169
0.130335
0.147865
0.168203
0.190992
0.216883
0.246334
0.279758
0.317555
0.360131
0.4079
0.461291
0.520754
0.586763
0.659822
0.740467
0.829272
0.92685
1.03386
1.15099
1.27902
1.41873
1.57099
1.73674
1.91695
2.1127
2.32514
2.55549
2.8051
3.0754
3.36799
3.68459
4.02711
4.39769
4.79871
5.23289
5.70336
6.21375
6.76834
7.37223
8.03161
8.75399
9.5487
10.4274
11.4048
12.4998
13.7371
15.15
16.7842
18.706
21.0149
23.8674
27.515
32.3639
39.0579
41.9126
44.7923
47.8246
51.0195
54.3831
57.921
61.6386
65.5412
69.6338
73.9213
78.4083
83.0989
87.9972
93.1068
98.4308
103.972
109.734
115.717
121.923
128.355
135.011
141.893
149
156.331
163.884
171.657
179.647
187.849
196.259
204.869
213.671
222.657
231.815
241.132
250.594
260.184
269.883
279.672
289.529
299.432
309.359
319.289
329.203
339.085
348.93
358.747
368.579
378.305
387.886
397.309
406.57
415.664
424.588
433.339
441.917
450.321
458.552
466.613
474.507
482.238
489.81
497.228
504.499
511.627
518.617
525.475
532.205
538.809
545.29
551.649
557.886
563.999
569.986
575.841
581.555
587.117
592.514
597.729
602.741
607.528
612.063
616.317
620.254
623.837
627.022
629.763
632.008
633.704
634.789
635.199
634.865
633.716
631.672
628.665
624.609
619.502
613.329
606.47
599.576
591.693
582.642
568.033
0.0131877
0.0120548
0.0128084
0.0140334
0.0153756
0.0167562
0.0181771
0.019672
0.0212966
0.0231318
0.0252964
0.0279186
0.0311134
0.0349691
0.0395793
0.0450649
0.0515728
0.0592586
0.0683304
0.0790675
0.0918983
0.106672
0.123628
0.143074
0.165298
0.190563
0.219095
0.25107
0.286725
0.326297
0.370015
0.418114
0.470831
0.528415
0.591129
0.659255
0.7331
0.812994
0.899302
0.992416
1.09277
1.20082
1.31708
1.44211
1.57648
1.72085
1.87591
2.0424
2.22114
2.41299
2.61891
2.83992
3.07715
3.33182
3.60528
3.89902
4.21467
4.55409
4.91931
5.31268
5.73681
6.19472
6.68984
7.22614
7.80819
8.44132
9.13169
9.88651
10.7141
11.6242
12.628
13.7381
14.9682
16.3317
17.8384
19.4861
21.2424
23.007
24.5348
26.0843
27.7035
29.401
31.1803
33.0436
34.9932
37.0312
39.1596
41.3803
43.695
46.1054
48.6128
51.2187
53.9241
56.73
59.6371
62.646
65.7568
68.9698
72.2847
75.7009
79.2179
82.8344
86.5491
90.3602
94.2654
98.2622
102.347
106.517
110.768
115.094
119.49
123.951
128.469
133.038
137.65
142.298
146.972
151.665
156.369
161.079
165.788
170.495
175.201
179.927
184.638
189.3
193.901
198.437
202.904
207.301
211.625
215.876
220.051
224.151
228.176
232.126
236.003
239.807
243.539
247.203
250.798
254.329
257.795
261.199
264.543
267.827
271.053
274.221
277.33
280.381
283.373
286.302
289.167
291.962
294.684
297.326
299.88
302.337
304.688
306.92
309.021
310.974
312.764
314.37
315.771
316.946
317.869
318.512
318.846
318.84
318.461
317.677
316.458
314.797
312.707
310.321
307.814
304.968
301.925
299.78
0.0243669
0.0204539
0.0200707
0.0206397
0.0215822
0.022775
0.0242234
0.0259843
0.0281574
0.0308374
0.0341269
0.0381762
0.0430294
0.0487971
0.0556493
0.0638094
0.0735222
0.0847973
0.0978751
0.112987
0.130342
0.150089
0.172397
0.197447
0.225429
0.256536
0.290963
0.328904
0.370559
0.41614
0.465866
0.519969
0.578691
0.64229
0.711043
0.785248
0.865228
0.951335
1.04395
1.14349
1.2504
1.36517
1.48832
1.62041
1.76206
1.91392
2.07669
2.25112
2.43803
2.63828
2.85282
3.08267
3.32892
3.59277
3.87549
4.1785
4.50333
4.85166
5.22532
5.62633
6.0569
6.51947
7.0167
7.55154
8.12719
8.74712
9.41509
10.1351
10.9112
11.7475
12.6479
13.6156
14.6524
15.7579
16.9279
18.1528
19.4166
20.699
21.9875
23.3198
24.711
26.1665
27.6889
29.2801
30.9419
32.6758
34.4835
36.3664
38.3257
40.3627
42.4785
44.674
46.95
49.3071
51.7456
54.266
56.8682
59.5521
62.3173
65.1631
68.0888
71.0931
74.1748
77.332
80.5628
83.8648
87.2354
90.6715
94.1697
97.7262
101.337
104.997
108.701
112.445
116.223
120.028
123.855
127.698
131.552
135.411
139.272
143.131
146.989
150.841
154.665
158.444
162.171
165.842
169.454
173.003
176.488
179.906
183.256
186.536
189.747
192.886
195.955
198.952
201.878
204.734
207.52
210.236
212.884
215.464
217.976
220.421
222.8
225.112
227.358
229.537
231.65
233.695
235.67
237.575
239.407
241.163
242.838
244.429
245.93
247.335
248.637
249.829
250.899
251.838
252.634
253.273
253.741
254.021
254.096
253.948
253.556
252.902
251.971
250.759
249.283
247.616
245.843
243.938
242.153
241.661
0.0409762
0.0312308
0.0289978
0.0288997
0.0297356
0.0311959
0.0332551
0.0359145
0.0392094
0.0432457
0.0481714
0.0540152
0.0608903
0.0689252
0.0783059
0.0892224
0.101856
0.116365
0.132917
0.151675
0.172791
0.196407
0.222662
0.251706
0.283703
0.318834
0.357291
0.399278
0.445008
0.494708
0.548621
0.607002
0.670123
0.738276
0.811773
0.890948
0.976163
1.06781
1.1663
1.27209
1.38566
1.50753
1.63826
1.77844
1.92872
2.08977
2.26233
2.44717
2.64513
2.85711
3.08406
3.32701
3.58705
3.86537
4.16322
4.48198
4.82309
5.18812
5.57874
5.99676
6.44409
6.92278
7.43498
7.98296
8.5691
9.19582
9.86556
10.5807
11.3435
12.156
13.0195
13.9351
14.9025
15.9206
16.9869
18.098
19.2503
20.4417
21.6755
22.9611
24.3048
25.7099
27.1786
28.7127
30.3139
31.9838
33.7239
35.5354
37.4197
39.378
41.4112
43.5201
45.7057
47.9682
50.3082
52.7258
55.221
57.7935
60.443
63.1686
65.9695
68.8446
71.7923
74.811
77.8988
81.0534
84.2723
87.5527
90.8916
94.2855
97.7307
101.223
104.758
108.332
111.938
115.572
119.229
122.902
126.587
130.277
133.969
137.657
141.337
144.997
148.62
152.196
155.717
159.179
162.578
165.91
169.172
172.362
175.477
178.514
181.473
184.351
187.148
189.862
192.492
195.038
197.499
199.876
202.168
204.376
206.499
208.538
210.493
212.364
214.152
215.857
217.478
219.018
220.474
221.848
223.139
224.345
225.467
226.501
227.447
228.302
229.063
229.725
230.285
230.736
231.071
231.283
231.365
231.304
231.092
230.715
230.163
229.423
228.488
227.358
226.051
224.616
223.11
221.579
220.286
220.111
0.0632643
0.0444409
0.0397623
0.0390645
0.0400849
0.0421502
0.0450607
0.0487985
0.0534061
0.0589455
0.0653955
0.0729007
0.0816122
0.0916871
0.103289
0.11658
0.131716
0.148842
0.168098
0.189612
0.213513
0.239927
0.26899
0.30085
0.335671
0.373639
0.414954
0.459834
0.508512
0.561235
0.618269
0.679897
0.746422
0.818166
0.895474
0.978715
1.06829
1.16461
1.26813
1.37935
1.49876
1.62693
1.76444
1.91192
2.07003
2.23948
2.42104
2.6155
2.82373
3.04664
3.2852
3.54045
3.81349
4.1055
4.41772
4.75148
5.10817
5.48929
5.89638
6.33111
6.79519
7.2904
7.81861
8.38169
8.98156
9.62012
10.2992
11.0206
11.7858
12.5963
13.453
14.3567
15.3078
16.306
17.3514
18.4437
19.5833
20.772
22.013
23.3106
24.6683
26.0888
27.5741
29.1262
30.7469
32.4378
34.2005
36.0366
37.9474
39.9341
41.9979
44.1396
46.3602
48.6602
51.04
53.4998
56.0395
58.659
61.3578
64.1351
66.9899
69.9211
72.9272
76.0064
79.1569
82.3763
85.6623
89.0122
92.4228
95.8911
99.4133
102.986
106.604
110.263
113.959
117.685
121.437
125.207
128.99
132.779
136.569
140.352
144.119
147.853
151.542
155.177
158.75
162.256
165.689
169.045
172.321
175.512
178.615
181.627
184.545
187.366
190.089
192.71
195.229
197.645
199.955
202.16
204.258
206.249
208.134
209.911
211.582
213.146
214.605
215.958
217.208
218.356
219.402
220.349
221.197
221.948
222.604
223.164
223.629
224.001
224.28
224.466
224.557
224.551
224.447
224.241
223.93
223.509
222.971
222.31
221.521
220.596
219.535
218.341
217.033
215.646
214.227
212.85
211.748
211.526
0.0917616
0.0605661
0.0529544
0.0515312
0.0526163
0.0551865
0.0589046
0.0636868
0.0694561
0.076174
0.0839547
0.0929314
0.103245
0.115039
0.128455
0.143634
0.160708
0.179802
0.201038
0.224532
0.250406
0.278787
0.309816
0.343646
0.380453
0.420429
0.463786
0.510753
0.561578
0.616529
0.675889
0.739963
0.809079
0.883583
0.963846
1.05027
1.14326
1.24329
1.35082
1.46636
1.59046
1.72369
1.86666
2.02003
2.18448
2.36075
2.54961
2.7519
2.9685
3.20033
3.44839
3.71372
3.99743
4.3007
4.62476
4.97092
5.34053
5.73505
6.15596
6.60484
7.08328
7.59295
8.13556
8.71281
9.32642
9.9781
10.6695
11.4022
12.1778
12.9975
13.8626
14.7743
15.7336
16.7414
17.7989
18.9074
20.0688
21.2853
22.5599
23.8956
25.2952
26.7612
28.2959
29.9013
31.5795
33.3324
35.1619
37.0696
39.0573
41.1262
43.2779
45.5133
47.8335
50.2392
52.7309
55.3089
57.9733
60.7238
63.56
66.4811
69.4861
72.5739
75.7428
78.9911
82.3168
85.7177
89.1912
92.7346
96.3449
100.019
103.753
107.543
111.385
115.274
119.205
123.172
127.168
131.186
135.22
139.26
143.299
147.33
151.332
155.291
159.196
163.037
166.806
170.496
174.101
177.616
181.035
184.354
187.568
190.672
193.664
196.539
199.294
201.925
204.432
206.81
209.06
211.178
213.163
215.016
216.735
218.32
219.772
221.091
222.278
223.335
224.263
225.065
225.744
226.302
226.742
227.069
227.284
227.392
227.396
227.3
227.107
226.821
226.443
225.977
225.422
224.783
224.057
223.245
222.345
221.357
220.279
219.108
217.85
216.509
215.104
213.668
212.239
210.889
209.812
209.414
0.125985
0.0794298
0.0682247
0.0656367
0.0665476
0.0694719
0.0738851
0.0794462
0.0860574
0.0937704
0.102674
0.112874
0.124488
0.137638
0.152446
0.169031
0.187511
0.207999
0.23061
0.255461
0.282676
0.312387
0.344745
0.379911
0.418069
0.459419
0.504181
0.552595
0.604918
0.66143
0.72243
0.788237
0.859195
0.935667
1.01804
1.10674
1.20219
1.30487
1.41528
1.53394
1.6614
1.79827
1.94518
2.1028
2.27182
2.45302
2.64718
2.85516
3.07784
3.31619
3.5712
3.84393
4.1355
4.44709
4.77995
5.13536
5.5147
5.91938
6.35088
6.81075
7.30056
7.82193
8.37654
8.96606
9.59221
10.2567
10.9612
11.7074
12.4969
13.3314
14.2125
15.1418
16.1209
17.1516
18.2357
19.3754
20.573
21.8311
23.1526
24.5404
25.9972
27.5257
29.1284
30.8077
32.566
34.4055
36.3285
38.337
40.4329
42.6181
44.894
47.2622
49.7239
52.2798
54.9309
57.6775
60.5197
63.4574
66.4903
69.6174
72.8379
76.1504
79.5533
83.0448
86.6227
90.2848
94.0284
97.8506
101.749
105.719
109.757
113.861
118.024
122.242
126.51
130.82
135.165
139.537
143.927
148.325
152.721
157.102
161.443
165.73
169.951
174.097
178.159
182.128
185.998
189.761
193.411
196.942
200.349
203.626
206.767
209.769
212.626
215.335
217.893
220.295
222.541
224.627
226.552
228.314
229.914
231.349
232.621
233.73
234.679
235.468
236.1
236.579
236.909
237.094
237.14
237.051
236.833
236.491
236.033
235.463
234.791
234.022
233.161
232.215
231.189
230.09
228.921
227.685
226.386
225.03
223.616
222.147
220.636
219.088
217.52
215.958
214.438
213.023
211.861
211.234
0.163616
0.100023
0.0845729
0.0805434
0.0811146
0.0842331
0.0889715
0.0950332
0.102328
0.110855
0.120662
0.131824
0.144432
0.158586
0.174392
0.191956
0.211387
0.232796
0.256298
0.282013
0.310072
0.340617
0.373803
0.4098
0.448797
0.491
0.536634
0.585944
0.639193
0.696666
0.758672
0.825538
0.897615
0.975279
1.05893
1.14899
1.24592
1.35018
1.4623
1.58281
1.71228
1.85132
2.00057
2.16073
2.3325
2.51667
2.71404
2.92548
3.1519
3.39427
3.6536
3.93097
4.22751
4.54443
4.88298
5.24447
5.63029
6.04187
6.48072
6.94839
7.4465
7.97671
8.54074
9.14034
9.77731
10.4535
11.1707
11.9309
12.7359
13.5877
14.4884
15.4399
16.4445
17.5045
18.6222
19.8004
21.0418
22.3494
23.7262
25.1753
26.6996
28.3023
29.9862
31.7541
33.609
35.5533
37.5899
39.7212
41.9494
44.2769
46.7055
49.237
51.8729
54.6144
57.4624
60.4175
63.48
66.6499
69.9267
73.3096
76.7977
80.3895
84.0833
87.8771
91.7687
95.7555
99.8347
104.003
108.258
112.596
117.013
121.504
126.065
130.691
135.374
140.108
144.884
149.693
154.523
159.362
164.2
169.008
173.764
178.455
183.068
187.592
192.018
196.335
200.536
204.613
208.557
212.362
216.02
219.526
222.872
226.052
229.062
231.896
234.55
237.02
239.303
241.396
243.296
245.001
246.512
247.826
248.944
249.868
250.598
251.137
251.49
251.659
251.651
251.471
251.125
250.622
249.969
249.174
248.245
247.191
246.025
244.756
243.392
241.943
240.418
238.83
237.185
235.49
233.752
231.985
230.192
228.38
226.561
224.745
222.948
221.193
219.508
217.946
216.619
215.726
0.202516
0.121171
0.101126
0.0955197
0.0955219
0.0984422
0.103333
0.109784
0.117618
0.126778
0.13727
0.149138
0.162451
0.177292
0.193753
0.211935
0.231943
0.25389
0.277895
0.304084
0.332594
0.363572
0.397181
0.433593
0.473
0.515609
0.561646
0.611357
0.665007
0.722883
0.785294
0.852571
0.925068
1.00316
1.08726
1.1778
1.27522
1.38001
1.49269
1.61381
1.74394
1.8837
2.03375
2.19478
2.36752
2.55275
2.75131
2.96406
3.19194
3.43593
3.69706
3.97644
4.27523
4.59464
4.93597
5.30056
5.68984
6.1053
6.54849
7.02103
7.52463
8.06104
8.63209
9.23968
9.88576
10.5724
11.3016
12.0756
12.8966
13.767
14.6891
15.6656
16.699
17.7923
18.9482
20.17
21.4609
22.8241
24.2633
25.7818
27.383
29.0705
30.8477
32.718
34.6845
36.7507
38.9196
41.1942
43.5773
46.0715
48.6792
51.4026
54.2435
57.2033
60.2833
63.4842
66.8064
70.2498
73.8142
77.4986
81.3019
85.2226
89.2587
93.408
97.6681
102.036
106.509
111.084
115.757
120.524
125.382
130.325
135.349
140.448
145.615
150.841
156.117
161.432
166.771
172.121
177.464
182.758
187.989
193.141
198.201
203.157
207.999
212.714
217.295
221.731
226.014
230.135
234.086
237.859
241.447
244.842
248.038
251.029
253.81
256.375
258.722
260.846
262.745
264.416
265.857
267.068
268.049
268.801
269.326
269.626
269.708
269.574
269.232
268.689
267.953
267.034
265.94
264.684
263.274
261.724
260.048
258.26
256.372
254.395
252.342
250.234
248.08
245.891
243.679
241.458
239.238
237.03
234.847
232.703
230.612
228.594
226.673
224.891
223.328
222.136
0.24034
0.14186
0.117178
0.109692
0.108854
0.111535
0.116516
0.123248
0.131475
0.141086
0.152049
0.164383
0.178139
0.193386
0.210211
0.228711
0.248991
0.271169
0.295367
0.321718
0.350363
0.381453
0.415149
0.451626
0.491073
0.533696
0.579717
0.629379
0.682944
0.740698
0.802946
0.870018
0.942266
1.02007
1.10382
1.19397
1.29095
1.39527
1.50742
1.62798
1.75751
1.89664
2.04603
2.20638
2.37843
2.56297
2.76085
2.97295
3.20022
3.44365
3.70433
3.98336
4.28196
4.60136
4.94292
5.30804
5.6982
6.11497
6.55999
7.035
7.54181
8.08233
8.65855
9.27257
9.92656
10.6228
11.3637
12.1518
12.9896
13.8799
14.8257
15.8298
16.8955
18.0261
19.2251
20.4962
21.843
23.2695
24.7796
26.3773
28.0666
29.8517
31.7364
33.7248
35.8208
38.0282
40.3507
42.7918
45.3549
48.0431
50.8592
53.8058
56.885
60.0987
63.4481
66.9344
70.5577
74.3183
78.2154
82.2482
86.4152
90.7148
95.1445
99.702
104.384
109.188
114.111
119.148
124.296
129.55
134.907
140.361
145.907
151.538
157.248
163.026
168.862
174.742
180.649
186.568
192.457
198.283
204.029
209.682
215.227
220.651
225.942
231.087
236.077
240.901
245.548
250.01
254.277
258.34
262.19
265.818
269.216
272.38
275.301
277.975
280.397
282.563
284.469
286.114
287.493
288.608
289.457
290.041
290.363
290.426
290.237
289.8
289.123
288.214
287.083
285.741
284.2
282.472
280.572
278.508
276.307
273.982
271.549
269.023
266.421
263.764
261.068
258.348
255.62
252.902
250.207
247.55
244.947
242.413
239.963
237.615
235.388
233.316
231.455
229.929
0.27503
0.160926
0.131621
0.12236
0.120791
0.123233
0.128236
0.135136
0.143604
0.153484
0.164715
0.177296
0.191261
0.206673
0.223615
0.242184
0.26249
0.284652
0.308798
0.335064
0.36359
0.394528
0.428034
0.46428
0.503449
0.545739
0.591369
0.640574
0.693611
0.750758
0.812317
0.878611
0.949987
1.02682
1.1095
1.19847
1.29417
1.39708
1.50774
1.62667
1.75447
1.89176
2.03921
2.19751
2.36743
2.54976
2.74535
2.95512
3.18002
3.4211
3.67943
3.9562
4.25264
4.57007
4.90989
5.27358
5.66273
6.07899
6.52416
7.0001
7.5088
8.05235
8.63299
9.25304
9.91497
10.6214
11.3751
12.1789
13.0359
13.9493
14.9224
15.9589
17.0626
18.2372
19.4869
20.8159
22.2287
23.7297
25.3236
27.015
28.8087
30.7092
32.7214
34.8497
37.0989
39.4733
41.9774
44.6151
47.3904
50.3069
53.3679
56.5763
59.9346
63.4449
67.1085
70.9267
74.8996
79.0271
83.3084
87.7422
92.3266
97.0596
101.938
106.96
112.121
117.418
122.846
128.402
134.082
139.88
145.791
151.811
157.933
164.151
170.457
176.84
183.287
189.782
196.306
202.83
209.291
215.673
221.959
228.134
234.182
240.089
245.842
251.429
256.837
262.056
267.074
271.882
276.468
280.823
284.935
288.794
292.393
295.725
298.782
301.559
304.05
306.251
308.158
309.767
311.077
312.086
312.793
313.199
313.309
313.125
312.655
311.905
310.882
309.594
308.056
306.281
304.28
302.069
299.663
297.078
294.337
291.457
288.459
285.361
282.184
278.951
275.682
272.397
269.115
265.856
262.639
259.482
256.404
253.421
250.55
247.807
245.209
242.784
240.568
238.675
0.304719
0.176952
0.144061
0.133395
0.131205
0.133397
0.138347
0.145292
0.15385
0.163826
0.175136
0.187763
0.201731
0.217101
0.233954
0.252391
0.272523
0.294476
0.318378
0.344364
0.372572
0.403145
0.436234
0.472
0.510618
0.552277
0.597187
0.645575
0.697689
0.7538
0.814201
0.879209
0.949165
1.02443
1.10541
1.19251
1.28619
1.38693
1.49524
1.61167
1.7368
1.87127
2.01573
2.1709
2.33754
2.51647
2.70856
2.91474
3.136
3.37341
3.62812
3.90135
4.1944
4.50867
4.84565
5.20695
5.59426
6.0094
6.45433
6.93111
7.44195
7.98922
8.57541
9.2032
9.87541
10.595
11.3653
12.1896
13.0714
14.0145
15.023
16.101
17.2529
18.4834
19.7972
21.1993
22.6949
24.2893
25.9879
27.7961
29.7194
31.7631
33.9327
36.2336
38.6709
41.2499
43.9753
46.852
49.8842
53.0761
56.4312
59.9529
63.6436
67.5057
71.5406
75.7493
80.1318
84.6876
89.4151
94.3123
99.3769
104.606
109.997
115.545
121.246
127.096
133.091
139.225
145.494
151.891
158.411
165.049
171.798
178.651
185.599
192.632
199.734
206.886
214.062
221.185
228.226
235.168
241.994
248.687
255.232
261.615
267.821
273.836
279.649
285.246
290.617
295.75
300.635
305.262
309.613
313.68
317.455
320.929
324.096
326.95
329.483
331.692
333.571
335.118
336.331
337.207
337.745
337.948
337.819
337.365
336.59
335.504
334.114
332.43
330.467
328.239
325.761
323.049
320.12
316.994
313.693
310.24
306.655
302.963
299.187
295.351
291.48
287.596
283.723
279.884
276.102
272.399
268.795
265.31
261.962
258.768
255.743
252.909
250.291
247.995
0.330718
0.190917
0.154852
0.142925
0.140135
0.14203
0.146832
0.153699
0.1622
0.172111
0.183329
0.195825
0.20962
0.224774
0.241369
0.259511
0.279316
0.300911
0.324425
0.349984
0.37772
0.407764
0.440254
0.47534
0.513184
0.553966
0.597884
0.645155
0.696019
0.750739
0.809599
0.872907
0.940999
1.01423
1.093
1.17771
1.26881
1.36678
1.47214
1.58543
1.70724
1.8382
1.97899
2.13033
2.29301
2.46786
2.65578
2.85775
3.07479
3.30805
3.55872
3.82812
4.11764
4.42882
4.76326
5.12274
5.50912
5.92446
6.37092
6.85086
7.36678
7.92139
8.51759
9.15846
9.84732
10.5877
11.3834
12.2383
13.1567
14.143
15.202
16.3386
17.558
18.8657
20.2673
21.7689
23.3764
25.0961
26.9342
28.8972
30.9913
33.2227
35.5974
38.1214
40.8006
43.6408
46.6473
49.8252
53.1793
56.7139
60.4326
64.3388
68.435
72.7233
77.2049
81.8806
86.7499
91.8115
97.0622
102.499
108.119
113.918
119.892
126.037
132.347
138.816
145.441
152.214
159.129
166.181
173.362
180.666
188.086
195.614
203.241
210.955
218.743
226.574
234.371
242.077
249.676
257.152
264.488
271.667
278.674
285.494
292.112
298.513
304.685
310.616
316.293
321.705
326.84
331.692
336.232
340.456
344.355
347.921
351.148
354.027
356.552
358.718
360.521
361.957
363.024
363.72
364.046
364.003
363.597
362.834
361.719
360.262
358.472
356.36
353.942
351.233
348.249
345.009
341.532
337.84
333.955
329.903
325.708
321.396
316.994
312.529
308.026
303.514
299.018
294.565
290.181
285.891
281.719
277.687
273.816
270.123
266.624
263.339
260.28
257.554
0.353624
0.203212
0.164234
0.151115
0.147711
0.149246
0.153807
0.16048
0.168794
0.178499
0.18948
0.2017
0.215179
0.229978
0.246185
0.263912
0.28328
0.304415
0.32744
0.352473
0.379629
0.409026
0.440788
0.475048
0.511958
0.551684
0.594415
0.640357
0.689742
0.742824
0.79988
0.861215
0.927157
0.998063
1.07432
1.15633
1.24455
1.33947
1.44158
1.55147
1.66972
1.79698
1.93396
2.08139
2.2401
2.41097
2.59494
2.79305
3.00642
3.23627
3.48392
3.7508
4.03849
4.34866
4.68317
5.04399
5.4333
5.85342
6.3069
6.79646
7.32505
7.89587
8.51234
9.17817
9.89733
10.6741
11.5129
12.4187
13.3965
14.4516
15.5897
16.8167
18.1388
19.5625
21.0946
22.7421
24.5121
26.412
28.449
30.6307
32.9642
35.4565
38.1135
40.9418
43.9476
47.1372
50.516
54.0894
57.8617
61.8372
66.0193
70.4108
75.0137
79.8294
84.8583
90.1007
95.5559
101.222
107.092
113.16
119.423
125.877
132.516
139.333
146.324
153.481
160.798
168.269
175.886
183.641
191.527
199.535
207.657
215.884
224.206
232.614
241.088
249.547
257.895
266.124
274.218
282.16
289.936
297.528
304.922
312.102
319.053
325.761
332.212
338.394
344.296
349.904
355.206
360.189
364.836
369.137
373.084
376.666
379.876
382.706
385.151
387.203
388.86
390.117
390.972
391.425
391.476
391.128
390.387
389.259
387.752
385.874
383.636
381.052
378.136
374.905
371.378
367.573
363.513
359.221
354.721
350.039
345.204
340.245
335.19
330.068
324.907
319.738
314.591
309.494
304.477
299.569
294.795
290.183
285.753
281.527
277.519
273.749
270.222
267.043
0.374258
0.21422
0.172469
0.158191
0.154153
0.155279
0.159529
0.165923
0.173955
0.183355
0.193996
0.205838
0.218901
0.233252
0.248988
0.266227
0.285097
0.30572
0.328209
0.352667
0.379193
0.407887
0.438858
0.472225
0.508127
0.54672
0.588182
0.632712
0.680535
0.7319
0.787083
0.846385
0.910138
0.978699
1.05246
1.13183
1.21729
1.30931
1.40844
1.51526
1.6304
1.75454
1.88843
2.03287
2.18875
2.35701
2.53872
2.73501
2.94715
3.17651
3.42461
3.6931
3.98379
4.29868
4.63994
5.00995
5.41131
5.84685
6.31966
6.83306
7.39066
7.99637
8.65445
9.36952
10.1465
10.9908
11.908
12.9042
13.9857
15.159
16.4308
17.8082
19.2987
20.9103
22.6508
24.5286
26.552
28.7293
31.069
33.5796
36.2694
39.1462
42.2137
45.4781
48.9462
52.6239
56.5161
60.6274
64.9614
69.5211
74.3088
79.3262
84.5738
90.0514
95.758
101.692
107.854
114.248
120.847
127.649
134.652
141.85
149.236
156.801
164.539
172.443
180.505
188.719
197.076
205.566
214.179
222.905
231.733
240.652
249.651
258.711
267.742
276.663
285.451
294.087
302.558
310.848
318.942
326.825
334.482
341.897
349.057
355.947
362.553
368.863
374.87
380.556
385.906
390.908
395.548
399.814
403.696
407.185
410.273
412.951
415.213
417.054
418.469
419.455
420.01
420.133
419.828
419.095
417.943
416.38
414.412
412.049
409.303
406.188
402.719
398.915
394.795
390.38
385.694
380.761
375.608
370.262
364.755
359.118
353.381
347.576
341.732
335.882
330.059
324.295
318.622
313.071
307.673
302.456
297.443
292.659
288.119
283.843
279.829
276.185
0.393887
0.224411
0.179894
0.16447
0.159802
0.160512
0.164434
0.170529
0.178253
0.187318
0.197587
0.209015
0.221628
0.235501
0.250744
0.267489
0.285866
0.305993
0.327969
0.35188
0.377806
0.405834
0.436058
0.468588
0.503552
0.541098
0.581398
0.624649
0.671074
0.720925
0.774485
0.832064
0.894006
0.960686
1.03251
1.10993
1.19343
1.28354
1.38085
1.486
1.59968
1.72265
1.85576
1.99992
2.15616
2.32558
2.50943
2.70906
2.92599
3.16189
3.41863
3.69826
4.00306
4.33551
4.69841
5.09483
5.52815
6.0021
6.52074
7.08843
7.7098
8.38998
9.13459
9.94974
10.842
11.8183
12.8862
14.0537
15.3293
16.7212
18.2364
19.8836
21.6721
23.6112
25.7101
27.978
30.424
33.0571
35.886
38.9196
42.1671
45.6423
49.3338
53.249
57.3947
61.7756
66.3947
71.2541
76.3551
81.6985
87.2843
93.1119
99.1796
105.484
112.022
118.789
125.782
132.997
140.422
148.051
155.877
163.89
172.082
180.443
188.965
197.64
206.462
215.427
224.523
233.735
243.051
252.455
261.938
271.473
281.043
290.52
299.874
309.08
318.118
326.973
335.63
344.076
352.298
360.281
368.012
375.476
382.66
389.549
396.13
402.391
408.32
413.904
419.129
423.982
428.451
432.523
436.188
439.438
442.262
444.653
446.604
448.11
449.166
449.769
449.919
449.614
448.857
447.65
446.001
443.916
441.406
438.48
435.153
431.438
427.352
422.914
418.146
413.069
407.709
402.091
396.244
390.196
383.982
377.639
371.195
364.682
358.133
351.582
345.065
338.616
332.27
326.062
320.024
314.187
308.579
303.224
298.139
293.345
288.836
284.723
0.413776
0.234321
0.186944
0.170409
0.165178
0.165556
0.169245
0.175134
0.182643
0.19146
0.201434
0.212517
0.224741
0.238197
0.253021
0.269363
0.287359
0.307116
0.328717
0.352234
0.377736
0.405301
0.435017
0.46699
0.501346
0.538232
0.577824
0.620325
0.66597
0.715031
0.767814
0.824663
0.885959
0.952121
1.02361
1.10094
1.18468
1.27543
1.37389
1.48082
1.59707
1.72359
1.86142
2.01173
2.17581
2.35514
2.55134
2.76621
3.00179
3.26039
3.54458
3.85726
4.20163
4.58121
5.00001
5.46253
5.97378
6.53932
7.16529
7.85836
8.62453
9.47124
10.4067
11.4397
12.5793
13.8355
15.2183
16.7387
18.409
20.2434
22.2398
24.4116
26.7694
29.3232
32.0818
35.0538
38.2472
41.6689
45.3254
49.2221
53.3642
57.7562
62.3957
67.2835
72.4207
77.8073
83.4418
89.322
95.445
101.808
108.409
115.244
122.309
129.598
137.103
144.817
152.734
160.85
169.159
177.656
186.329
195.166
204.157
213.291
222.558
231.95
241.462
251.107
260.859
270.691
280.595
290.527
300.49
310.377
320.077
329.598
338.937
348.087
357.037
365.774
374.288
382.567
390.6
398.375
405.879
413.099
420.022
426.636
432.927
438.882
444.49
449.737
454.611
459.1
463.19
466.871
470.13
472.96
475.349
477.291
478.778
479.805
480.366
480.46
480.085
479.24
477.928
476.152
473.919
471.235
468.111
464.558
460.591
456.223
451.474
446.363
440.911
435.142
429.081
422.756
416.196
409.431
402.495
395.424
388.251
381.011
373.739
366.473
359.25
352.106
345.08
338.208
331.526
325.066
318.858
312.93
307.298
301.984
296.964
292.359
0.43646
0.244413
0.194054
0.176583
0.171038
0.171369
0.175127
0.181119
0.188714
0.197569
0.207511
0.218485
0.230532
0.243787
0.258433
0.274647
0.292565
0.312281
0.333869
0.357398
0.382942
0.410586
0.440429
0.472588
0.507198
0.544426
0.58447
0.627564
0.673988
0.724064
0.778167
0.836722
0.900205
0.969152
1.04416
1.1259
1.2151
1.31261
1.41934
1.53639
1.66496
1.80643
1.96235
2.1345
2.3249
2.53589
2.77008
3.03038
3.32012
3.64318
4.004
4.40769
4.85989
5.36632
5.93412
6.5713
7.28675
8.09032
8.99334
10.0104
11.1455
12.4117
13.8223
15.3906
17.1292
19.0512
21.169
23.4946
26.0396
28.8144
31.8237
35.0745
38.5729
42.3234
46.3294
50.593
55.1155
59.8967
64.9352
70.2284
75.7732
81.5658
87.6008
93.8742
100.38
107.112
114.061
121.222
128.585
136.146
143.902
151.853
159.99
168.303
176.783
185.42
194.209
203.146
212.243
221.499
230.89
240.403
250.025
259.745
269.554
279.441
289.393
299.407
309.459
319.509
329.565
339.511
349.224
358.707
367.963
377.001
385.824
394.432
402.82
410.98
418.905
426.586
434.014
441.177
448.065
454.667
460.971
466.963
472.632
477.964
482.948
487.571
491.82
495.683
499.148
502.201
504.834
507.033
508.792
510.1
510.95
511.337
511.255
510.702
509.675
508.175
506.204
503.764
500.862
497.505
493.703
489.468
484.813
479.754
474.31
468.5
462.345
455.87
449.102
442.066
434.794
427.317
419.667
411.881
403.994
396.043
388.066
380.1
372.185
364.36
356.664
349.137
341.815
334.733
327.923
321.413
315.222
309.371
303.825
298.707
0.455093
0.252668
0.200423
0.182726
0.177503
0.178405
0.182833
0.189512
0.197758
0.20719
0.217608
0.228944
0.241267
0.254797
0.2698
0.286469
0.304926
0.325264
0.347572
0.371951
0.398511
0.427377
0.458685
0.492587
0.529256
0.568901
0.611786
0.658233
0.70863
0.763433
0.823176
0.888474
0.960032
1.03867
1.12533
1.22109
1.32714
1.44484
1.57576
1.72179
1.88515
2.06845
2.27461
2.50711
2.77012
3.06859
3.40832
3.79525
4.2365
4.74067
5.31769
5.9796
6.74043
7.60865
8.60088
9.73387
11.025
12.4925
14.1548
16.0308
18.1346
20.4815
23.0861
25.9606
29.1153
32.5581
36.2942
40.3264
44.6551
49.2779
54.1882
59.3779
64.8377
70.5572
76.5255
82.7322
89.168
95.8228
102.684
109.741
116.98
124.392
131.97
139.713
147.611
155.651
163.822
172.114
180.52
189.035
197.667
206.44
215.329
224.318
233.398
242.564
251.81
261.136
270.542
280.027
289.585
299.207
308.88
318.589
328.333
338.093
347.831
357.543
367.193
376.691
385.903
394.87
403.589
412.069
420.321
428.351
436.166
443.765
451.147
458.307
465.239
471.935
478.389
484.591
490.53
496.197
501.58
506.667
511.446
515.903
520.027
523.804
527.222
530.268
532.929
535.193
537.047
538.482
539.487
540.052
540.17
539.834
539.038
537.78
536.056
533.866
531.212
528.096
524.523
520.501
516.039
511.148
505.841
500.134
494.043
487.59
480.794
473.68
466.272
458.6
450.691
442.578
434.293
425.872
417.35
408.766
400.158
391.564
383.026
374.583
366.277
358.147
350.231
342.566
335.185
328.116
321.379
314.994
308.918
303.277
0.474423
0.260979
0.207385
0.190004
0.185666
0.18769
0.193307
0.201155
0.210498
0.220931
0.232237
0.244346
0.257372
0.271714
0.287701
0.3055
0.325223
0.346989
0.370943
0.397258
0.426126
0.457753
0.492357
0.530168
0.571431
0.616431
0.665562
0.71935
0.77843
0.843567
0.91567
0.995793
1.08517
1.1853
1.29802
1.42549
1.57019
1.73487
1.92288
2.13842
2.38675
2.67438
3.00835
3.39726
3.85206
4.38601
5.01649
5.75757
6.62746
7.64885
8.84582
10.2447
11.8731
13.7566
15.9235
18.4006
21.2124
24.3796
27.9188
31.8409
36.1496
40.8431
45.9147
51.3533
57.1438
63.268
69.705
76.4323
83.4269
90.666
98.1237
105.773
113.589
121.547
129.628
137.815
146.103
154.481
162.933
171.443
179.998
188.59
197.217
205.92
214.671
223.45
232.247
241.055
249.871
258.699
267.545
276.418
285.316
294.235
303.172
312.127
321.103
330.099
339.11
348.132
357.171
366.225
375.263
384.257
393.217
402.11
410.861
419.387
427.643
435.655
443.418
450.947
458.253
465.346
472.234
478.922
485.415
491.712
497.813
503.712
509.406
514.887
520.148
525.182
529.978
534.526
538.815
542.833
546.569
550.009
553.141
555.951
558.425
560.552
562.317
563.709
564.714
565.321
565.519
565.299
564.651
563.569
562.047
560.08
557.665
554.801
551.488
547.73
543.529
538.892
533.829
528.347
522.461
516.185
509.534
502.527
495.185
487.529
479.585
471.378
462.938
454.294
445.479
436.528
427.475
418.358
409.216
400.088
391.014
382.035
373.193
364.526
356.075
347.876
339.961
332.361
325.092
318.176
311.561
305.374
0.495608
0.270199
0.216428
0.200533
0.19823
0.202458
0.210254
0.220167
0.231421
0.243602
0.256511
0.270117
0.284737
0.300993
0.319191
0.339436
0.361862
0.386687
0.414202
0.444758
0.478743
0.516574
0.558684
0.605517
0.657514
0.715126
0.779077
0.850479
0.930747
1.02164
1.12531
1.24434
1.38169
1.54136
1.72847
1.94955
2.21268
2.52645
2.90177
3.35305
3.89869
4.56411
5.37308
6.35535
7.54992
8.99974
10.7522
12.8548
15.3561
18.3031
21.7369
25.6921
30.1944
35.259
40.8911
47.0848
53.8237
61.081
68.8213
77.0028
85.5768
94.4895
103.686
113.112
122.718
132.454
142.278
152.151
162.042
171.937
181.805
191.614
201.34
210.964
220.474
229.868
239.194
248.449
257.602
266.637
275.549
284.335
293.001
301.563
310.025
318.389
326.658
334.839
342.943
350.983
358.966
366.901
374.789
382.631
390.43
398.207
405.968
413.698
421.38
429.001
436.582
444.12
451.549
458.833
465.896
472.712
479.311
485.697
491.871
497.845
503.632
509.24
514.678
519.951
525.065
530.022
534.822
539.465
543.949
548.269
552.419
556.393
560.184
563.783
567.182
570.368
573.333
576.064
578.548
580.772
582.724
584.39
585.756
586.809
587.535
587.921
587.954
587.622
586.914
585.82
584.329
582.434
580.129
577.409
574.269
570.707
566.724
562.321
557.5
552.267
546.629
540.594
534.174
527.38
520.228
512.734
504.917
496.796
488.396
479.739
470.854
461.768
452.513
443.12
433.624
424.061
414.469
404.885
395.35
385.904
376.587
367.438
358.496
349.797
341.372
333.25
325.447
317.981
310.794
304.017
0.518247
0.281986
0.230525
0.218354
0.220164
0.228502
0.240181
0.253693
0.268242
0.283441
0.299248
0.315955
0.334288
0.354911
0.377962
0.403517
0.43184
0.463428
0.498969
0.53931
0.585419
0.638371
0.699341
0.76963
0.850597
0.943277
1.04962
1.1731
1.31851
1.49221
1.70262
1.96043
2.27747
2.6717
3.16674
3.79431
4.59845
5.62157
6.91797
8.55916
10.6264
13.2107
16.4047
20.3011
24.9862
30.5302
36.9815
44.3651
52.6812
61.9001
71.9642
82.7964
94.3055
106.391
118.949
131.874
145.061
158.413
171.837
185.263
198.627
211.852
224.873
237.635
250.096
262.224
273.997
285.401
296.449
307.238
317.703
327.817
337.573
346.975
356.038
364.776
373.216
381.377
389.27
396.903
404.287
411.436
418.364
425.09
431.632
438.005
444.226
450.316
456.313
462.223
468.047
473.787
479.441
485.011
490.502
495.956
501.364
506.684
511.9
516.997
521.926
526.651
531.212
535.624
539.885
543.996
547.967
551.805
555.517
559.111
562.593
565.966
569.236
572.402
575.467
578.429
581.287
584.038
586.676
589.198
591.596
593.864
595.993
597.974
599.799
601.457
602.936
604.225
605.312
606.182
606.823
607.222
607.363
607.234
606.821
606.11
605.089
603.744
602.064
600.038
597.658
594.913
591.797
588.304
584.43
580.171
575.527
570.497
565.084
559.291
553.123
546.587
539.692
532.448
524.868
516.966
508.757
500.26
491.494
482.482
473.247
463.816
454.215
444.476
434.63
424.71
414.752
404.793
394.87
385.021
375.285
365.7
356.301
347.123
338.196
329.545
321.184
313.127
305.313
297.878
0.540475
0.301981
0.258534
0.25464
0.26458
0.2809
0.30003
0.320711
0.342348
0.364767
0.388285
0.413514
0.441543
0.473202
0.508749
0.54823
0.592324
0.642452
0.700698
0.769791
0.853129
0.954885
1.08017
1.23549
1.42969
1.66811
1.96121
2.32825
2.79736
3.40891
4.22049
5.31339
6.77069
8.72642
11.3435
14.8159
19.345
25.1132
32.2826
40.983
51.2959
63.2451
76.7918
91.8395
108.241
125.804
144.316
163.566
183.361
203.501
223.759
243.922
263.808
283.267
302.176
320.438
337.983
354.757
370.735
386.002
400.608
414.46
427.52
439.787
451.272
461.999
471.997
481.299
489.948
498.003
505.5
512.471
518.954
524.997
530.627
535.871
540.753
545.3
549.538
553.49
557.182
560.637
563.88
566.934
569.823
572.566
575.181
577.696
580.167
582.561
584.87
587.097
589.249
591.331
593.344
595.237
597.001
598.675
600.279
601.822
603.306
604.731
606.101
607.423
608.699
609.933
611.128
612.286
613.408
614.495
615.548
616.567
617.549
618.494
619.399
620.26
621.071
621.83
622.528
623.16
623.718
624.194
624.58
624.865
625.041
625.097
625.02
624.8
624.425
623.88
623.153
622.229
621.097
619.74
618.147
616.303
614.196
611.813
609.143
606.173
602.896
599.301
595.382
591.131
586.544
581.618
576.348
570.736
564.78
558.483
551.848
544.881
537.586
529.972
522.048
513.826
505.318
496.539
487.505
478.234
468.747
459.066
449.215
439.221
429.113
418.92
408.674
398.408
388.158
377.958
367.844
357.85
348.01
338.353
328.909
319.698
310.733
302.024
293.511
285.335
0.553021
0.356455
0.334007
0.347896
0.37639
0.413899
0.456478
0.502378
0.550932
0.602214
0.656708
0.715099
0.779381
0.854375
0.942115
1.04161
1.15558
1.29033
1.45597
1.66722
1.94495
2.31869
2.83026
3.53977
4.55204
5.93542
7.81131
10.3822
13.9253
18.8077
25.4658
34.3703
45.9705
60.6435
78.6292
99.9822
124.547
151.924
181.571
212.911
245.366
278.385
311.456
344.13
376.02
406.809
436.322
464.431
491.217
516.742
540.67
562.847
583.222
601.806
618.646
633.813
647.394
659.483
670.18
679.602
687.864
695.053
701.249
706.525
710.956
714.612
717.559
719.863
721.586
722.789
723.527
723.848
723.813
723.481
722.856
721.958
720.813
719.452
717.905
716.203
714.372
712.438
710.425
708.352
706.241
704.106
701.959
699.796
697.56
695.295
693.028
690.776
688.554
686.372
684.237
682.15
680.112
678.127
676.197
674.322
672.506
670.75
669.055
667.417
665.835
664.307
662.829
661.4
660.015
658.672
657.366
656.093
654.848
653.627
652.423
651.23
650.043
648.854
647.655
646.438
645.196
643.918
642.597
641.221
639.781
638.266
636.665
634.966
633.156
631.224
629.156
626.938
624.559
622.003
619.259
616.314
613.154
609.768
606.145
602.273
598.143
593.747
589.076
584.124
578.884
573.354
567.528
561.406
554.985
548.265
541.248
533.936
526.333
518.442
510.27
501.826
493.116
484.153
474.947
465.515
455.87
446.032
436.019
425.855
415.562
405.168
394.698
384.184
373.654
363.141
352.675
342.286
332.006
321.861
311.876
302.071
292.457
283.045
273.787
264.824
0.533518
0.626313
0.670724
0.749999
0.859588
1.00722
1.18689
1.38973
1.61254
1.85612
2.12261
2.41526
2.74616
3.16854
3.71256
4.36492
5.14826
6.11745
7.37047
9.06954
11.4738
14.9914
20.2474
28.1535
39.9022
56.5121
78.6692
107.235
142.456
184.174
231.814
284.43
340.801
399.532
459.177
518.379
576.919
633.7
687.165
736.493
781.291
821.44
856.996
888.132
915.083
938.141
957.86
974.426
987.965
998.723
1006.95
1012.89
1016.8
1018.91
1019.45
1018.62
1016.59
1013.54
1009.6
1004.89
999.547
993.652
987.295
980.547
973.473
966.129
958.565
950.826
942.953
934.981
926.941
918.86
910.738
902.557
894.359
886.175
878.03
869.946
861.942
854.033
846.234
838.556
831.008
823.601
816.34
809.232
802.281
795.49
788.861
782.397
776.096
769.959
763.986
758.178
752.536
747.06
741.753
736.614
731.637
726.82
722.158
717.646
713.278
709.051
704.957
700.992
697.147
693.418
689.797
686.279
682.857
679.523
676.272
673.094
669.985
666.934
663.935
660.979
658.058
655.161
652.282
649.408
646.532
643.643
640.73
637.783
634.79
631.741
628.623
625.424
622.132
618.735
615.221
611.576
607.789
603.848
599.74
595.455
590.983
586.312
581.434
576.341
571.023
565.475
559.691
553.665
547.392
540.869
534.093
527.061
519.773
512.228
504.426
496.368
488.057
479.497
470.692
461.648
452.372
442.875
433.167
423.261
413.172
402.917
392.517
381.991
371.363
360.657
349.901
339.122
328.346
317.601
306.914
296.312
285.818
275.452
265.23
255.166
245.236
235.578
0.53988
3.38093
4.02588
4.51372
5.22887
6.33819
7.76189
9.44644
11.4018
13.6644
16.294
19.3773
23.18
28.9643
37.6716
49.92
66.5573
88.6687
117.527
154.543
201.184
258.838
328.593
410.916
505.253
613.217
729.959
851.777
970.902
1082.17
1182.36
1269.74
1343.73
1404.57
1453.05
1490.31
1517.78
1536.83
1548.69
1554.49
1555.22
1551.75
1544.84
1535.13
1523.16
1509.36
1493.79
1476.73
1458.6
1439.72
1420.33
1400.64
1380.79
1360.92
1341.1
1321.42
1301.92
1282.65
1263.64
1244.92
1226.5
1208.41
1190.65
1173.22
1156.14
1139.4
1123
1106.94
1091.23
1075.85
1060.8
1046.09
1031.7
1017.64
1003.89
990.465
977.343
964.523
952
939.77
927.828
916.173
904.799
893.704
882.886
872.34
862.065
852.06
842.325
832.86
823.661
814.725
806.044
797.614
789.43
781.486
773.777
766.298
759.046
752.012
745.191
738.574
732.153
725.922
719.872
713.996
708.285
702.732
697.33
692.069
686.943
681.944
677.063
672.294
667.626
663.053
658.566
654.156
649.813
645.529
641.294
637.099
632.933
628.787
624.65
620.513
616.364
612.193
607.989
603.74
599.435
595.064
590.614
586.075
581.436
576.686
571.814
566.81
561.666
556.37
550.915
545.293
539.496
533.517
527.348
520.985
514.421
507.652
500.671
493.476
486.061
478.424
470.561
462.471
454.151
445.602
436.823
427.817
418.587
409.137
399.474
389.606
379.545
369.302
358.895
348.34
337.658
326.87
316.003
305.081
294.128
283.17
272.239
261.36
250.558
239.856
229.278
218.849
208.574
198.581
4.47716
56.1237
66.5198
76.8803
94.0249
119.489
153.606
196.887
250.138
314.418
390.988
481.203
586.329
711.632
855.392
1010.15
1170.06
1330.13
1485.99
1633.8
1770.33
1892.94
1999.73
2089.51
2161.8
2217.12
2256.01
2276.7
2281.54
2273.25
2254.55
2227.93
2195.57
2159.27
2120.45
2080.2
2039.34
1998.46
1957.96
1918.11
1879.08
1840.99
1803.88
1767.78
1732.68
1698.59
1665.52
1633.47
1602.38
1572.22
1542.92
1514.45
1486.76
1459.81
1433.58
1408.03
1383.15
1358.91
1335.3
1312.29
1289.87
1268.02
1246.73
1225.98
1205.76
1186.05
1166.84
1148.11
1129.85
1112.04
1094.68
1077.74
1061.23
1045.13
1029.43
1014.12
999.202
984.653
970.466
956.631
943.137
929.975
917.137
904.613
892.397
880.482
868.861
857.53
846.483
835.717
825.229
815.013
805.066
795.382
785.956
776.782
767.852
759.16
750.701
742.468
734.455
726.653
719.056
711.656
704.445
697.417
690.562
683.875
677.348
670.974
664.745
658.655
652.696
646.861
641.143
635.534
630.027
624.613
619.284
614.033
608.849
603.725
598.651
593.618
588.617
583.638
578.673
573.71
568.742
563.757
558.745
553.699
548.606
543.459
538.247
532.962
527.593
522.133
516.573
510.904
505.118
499.208
493.166
486.985
480.657
474.176
467.534
460.725
453.741
446.577
439.225
431.679
423.934
415.983
407.823
399.448
390.857
382.047
373.018
363.772
354.312
344.645
334.778
324.724
314.499
304.119
293.603
282.979
272.276
261.515
250.719
239.913
229.152
218.451
207.83
197.317
186.945
176.749
166.766
157.09
263.251
433.32
628.95
836.66
1044.38
1242.34
1423.65
1583.98
1721.09
1834.28
1924
1991.48
2038.53
2067.39
2080.58
2080.56
2069.78
2050.54
2024.95
1994.88
1961.96
1927.55
1892.73
1858.37
1825.09
1793.29
1763.24
1735.26
1709.34
1685.27
1662.8
1641.65
1621.54
1602.24
1583.54
1565.28
1547.33
1529.58
1511.96
1494.43
1476.96
1459.55
1442.18
1424.84
1407.55
1390.3
1373.11
1356
1338.99
1322.1
1305.33
1288.7
1272.21
1255.87
1239.67
1223.6
1207.69
1191.91
1176.28
1160.8
1145.47
1130.28
1115.26
1100.4
1085.71
1071.19
1056.85
1042.69
1028.72
1014.93
1001.34
987.939
974.735
961.728
948.921
936.315
923.911
911.71
899.712
887.915
876.317
864.919
853.716
842.708
831.891
821.266
810.829
800.58
790.518
780.641
770.949
761.442
752.119
742.979
734.022
725.245
716.645
708.22
699.966
691.88
683.958
676.197
668.592
661.138
653.83
646.665
639.637
632.743
625.977
619.335
612.813
606.407
600.112
593.923
587.836
581.846
575.948
570.136
564.403
558.745
553.155
547.625
542.15
536.721
531.332
525.975
520.642
515.325
510.018
504.712
499.399
494.071
488.722
483.342
477.924
472.462
466.946
461.371
455.728
450.01
444.209
438.318
432.33
426.237
420.031
413.703
407.247
400.654
393.914
387.021
379.964
372.736
365.328
357.734
349.946
341.96
333.77
325.373
316.768
307.958
298.946
289.741
280.349
270.792
261.09
251.26
241.32
231.327
221.311
211.274
201.235
191.215
181.25
171.371
161.616
152.023
142.633
133.488
124.633
116.144
253.28
268.783
286.927
307.882
331.537
357.5
385.188
413.908
442.931
471.56
499.177
525.273
549.469
571.515
591.282
608.744
624.092
637.762
649.77
660.189
669.137
676.765
683.241
688.743
693.447
697.522
701.131
704.418
707.519
710.55
713.607
716.764
720.076
723.576
727.284
731.202
735.319
739.614
744.06
748.723
753.727
758.968
764.348
769.776
775.168
780.447
785.541
790.385
794.922
799.101
802.881
806.228
809.113
811.515
813.419
814.815
815.699
816.072
815.939
815.309
814.196
812.622
810.615
808.198
805.396
802.233
798.731
794.912
790.796
786.404
781.755
776.868
771.761
766.45
760.952
755.282
749.456
743.487
737.391
731.179
724.865
718.46
711.976
705.424
698.814
692.156
685.46
678.736
671.994
665.242
658.489
651.741
645.007
638.293
631.605
624.95
618.33
611.751
605.216
598.726
592.285
585.894
579.555
573.268
567.035
560.856
554.731
548.661
542.647
536.689
530.787
524.941
519.152
513.42
507.743
502.122
496.555
491.041
485.578
480.163
474.793
469.466
464.178
458.925
453.702
448.505
443.329
438.17
433.022
427.881
422.74
417.595
412.44
407.27
402.078
396.86
391.61
386.321
380.987
375.602
370.158
364.65
359.069
353.408
347.659
341.813
335.862
329.796
323.606
317.283
310.818
304.201
297.424
290.482
283.368
276.078
268.608
260.956
253.123
245.12
236.959
228.645
220.191
211.643
203.035
194.364
185.638
176.88
168.115
159.37
150.674
142.056
133.553
125.199
117.031
109.085
101.399
94.0088
86.9487
80.2702
86.6907
89.4297
92.5361
96.0561
100.025
104.457
109.342
114.647
120.317
126.281
132.457
138.76
145.103
151.406
157.596
163.613
169.412
174.968
180.262
185.282
190.024
194.491
198.694
202.649
206.378
209.906
213.26
216.472
219.573
222.594
225.568
228.529
231.508
234.537
237.645
240.861
244.212
247.72
251.409
255.3
259.417
263.779
268.399
273.285
278.443
283.872
289.57
295.528
301.737
308.18
314.841
321.698
328.728
335.903
343.196
350.575
358.007
365.459
372.896
380.281
387.582
394.839
402.042
409.138
416.079
422.821
429.326
435.56
441.492
447.097
452.353
457.242
461.751
465.871
469.594
472.919
475.844
478.372
480.509
482.263
483.641
484.654
485.315
485.636
485.63
485.313
484.701
483.813
482.664
481.268
479.638
477.789
475.733
473.481
471.047
468.441
465.673
462.755
459.697
456.507
453.195
449.769
446.238
442.609
438.89
435.089
431.212
427.267
423.26
419.198
415.088
410.935
406.746
402.527
398.282
394.018
389.737
385.445
381.144
376.837
372.526
368.213
363.899
359.584
355.269
350.953
346.635
342.314
337.99
333.659
329.32
324.972
320.61
316.233
311.837
307.419
302.975
298.501
293.992
289.442
284.847
280.201
275.496
270.726
265.883
260.959
255.947
250.838
245.623
240.294
234.843
229.263
223.547
217.697
211.711
205.587
199.323
192.921
186.382
179.759
173.055
166.267
159.401
152.471
145.498
138.5
131.499
124.518
117.585
110.725
103.968
97.3418
90.8755
84.5969
78.5323
72.7066
67.1426
61.8609
56.8807
52.2271
44.6875
45.4156
46.2007
47.0532
47.9832
48.9989
50.1056
51.3049
52.5948
53.9694
55.4196
56.9335
58.4974
60.0962
61.7144
63.337
64.9497
66.5402
68.0977
69.6134
71.08
72.4919
73.8455
75.1387
76.371
77.543
78.6571
79.7163
80.7248
81.6878
82.6108
83.5005
84.364
85.2086
86.0424
86.8737
87.7107
88.5624
89.4374
90.345
91.2945
92.2953
93.357
94.4892
95.7011
97.0021
98.4014
99.9077
101.53
103.276
105.155
107.174
109.34
111.66
114.141
116.788
119.605
122.598
125.767
129.116
132.644
136.353
140.244
144.314
148.559
152.971
157.541
162.257
167.105
172.071
177.137
182.285
187.493
192.742
198.009
203.271
208.505
213.689
218.798
223.811
228.706
233.462
238.059
242.48
246.708
250.735
254.581
258.227
261.656
264.856
267.815
270.527
272.986
275.189
277.136
278.825
280.261
281.445
282.382
283.077
283.537
283.768
283.778
283.573
283.162
282.554
281.757
280.779
279.631
278.321
276.858
275.252
273.513
271.649
269.67
267.584
265.401
263.126
260.77
258.338
255.836
253.272
250.65
247.976
245.252
242.484
239.675
236.827
233.943
231.024
228.073
225.089
222.074
219.028
215.949
212.839
209.694
206.514
203.295
200.034
196.729
193.375
189.967
186.501
182.97
179.37
175.694
171.936
168.09
164.152
160.116
155.977
151.735
147.415
143.013
138.524
133.945
129.277
124.526
119.703
114.822
109.893
104.93
99.9493
94.9679
90.0047
85.0794
80.2123
75.4238
70.7343
66.1631
61.7287
57.448
53.3363
49.407
45.6717
42.1399
38.8193
35.7165
32.8402
30.1287
30.3839
30.6501
30.9299
31.2259
31.5406
31.876
32.2339
32.6151
33.0198
33.4475
33.8965
34.3648
34.8494
35.347
35.854
36.3665
36.8807
37.3929
37.8995
38.3973
38.8835
39.3556
39.8115
40.2495
40.6684
41.0673
41.4456
41.8032
42.1403
42.4574
42.7553
43.035
43.2978
43.5452
43.779
44.0009
44.2129
44.4173
44.6162
44.8121
45.0072
45.2043
45.406
45.6149
45.8337
46.0652
46.3124
46.5779
46.8647
47.1758
47.5141
47.8826
48.2844
48.7227
49.2005
49.7211
50.2878
50.904
51.573
52.2983
53.0835
53.9322
54.8482
55.8352
56.8968
58.0363
59.2572
60.5625
61.9549
63.4369
65.0105
66.6774
68.4386
70.2945
72.2449
74.2889
76.4246
78.6494
80.9598
83.3514
85.8187
88.3553
90.9539
93.6063
96.3036
99.0375
101.799
104.576
107.359
110.134
112.89
115.614
118.294
120.916
123.469
125.941
128.322
130.6
132.767
134.814
136.733
138.518
140.163
141.663
143.016
144.219
145.271
146.171
146.92
147.521
147.975
148.286
148.458
148.496
148.404
148.187
147.852
147.405
146.85
146.194
145.442
144.601
143.674
142.668
141.588
140.436
139.219
137.94
136.602
135.208
133.762
132.265
130.72
129.129
127.492
125.81
124.084
122.313
120.496
118.632
116.72
114.758
112.743
110.672
108.543
106.353
104.099
101.778
99.3886
96.9288
94.3974
91.7944
89.1233
86.3874
83.5901
80.7356
77.829
74.8769
71.8877
68.8708
65.8369
62.7973
59.764
56.7495
53.7663
50.8269
47.9434
45.1275
42.3898
39.7399
37.1864
34.7368
32.3971
30.1724
28.0664
26.082
24.2211
22.4845
20.8752
23.3729
23.4778
23.5842
23.6929
23.8048
23.9206
24.0414
24.1678
24.3006
24.4402
24.5869
24.7407
24.9016
25.0689
25.2422
25.4205
25.6028
25.788
25.9749
26.1622
26.3488
26.5333
26.7148
26.892
27.0641
27.2301
27.3894
27.5414
27.6854
27.8212
27.9484
28.0669
28.1766
28.2776
28.37
28.454
28.53
28.5984
28.6596
28.7142
28.7627
28.8058
28.8442
28.8786
28.9097
28.9384
28.9655
28.9919
29.0184
29.0459
29.0753
29.1076
29.1437
29.1844
29.2309
29.284
29.3447
29.414
29.493
29.5826
29.6839
29.798
29.9259
30.0688
30.2278
30.404
30.5988
30.8131
31.0483
31.3056
31.5861
31.8912
32.2219
32.5795
32.9651
33.38
33.8252
34.3018
34.8107
35.3531
35.9296
36.541
37.1879
37.8709
38.5902
39.3458
40.1378
40.9658
41.8293
42.7274
43.6588
44.6219
45.6147
46.6349
47.6796
48.7458
49.8297
50.9275
52.0351
53.1477
54.2606
55.3689
56.4673
57.5507
58.6137
59.6511
60.6579
61.6291
62.56
63.4462
64.2838
65.0692
65.7992
66.4712
67.0828
67.6325
68.119
68.5414
68.8995
69.1933
69.4231
69.5897
69.694
69.7373
69.721
69.6466
69.5158
69.3304
69.0921
68.8026
68.4638
68.0772
67.6444
67.1669
66.6459
66.0825
65.4776
64.8318
64.1456
63.4191
62.6523
61.845
60.9967
60.1066
59.1743
58.1987
57.1791
56.1148
55.0052
53.85
52.6492
51.4033
50.1133
48.7807
47.408
45.9981
44.5546
43.0817
41.584
40.0667
38.5356
36.9967
35.4564
33.921
32.397
30.8904
29.4074
27.9534
26.5336
25.1526
23.8146
22.5229
21.2805
20.0898
18.9527
17.8704
16.844
15.8741
14.9606
14.106
19.5625
19.61
19.6557
19.7002
19.7442
19.7882
19.8325
19.8778
19.9243
19.9725
20.0226
20.0747
20.1291
20.1858
20.2447
20.3057
20.3686
20.4332
20.4991
20.5659
20.6332
20.7005
20.7675
20.8336
20.8984
20.9614
21.0223
21.0808
21.1363
21.1886
21.2375
21.2827
21.324
21.3613
21.3944
21.4232
21.4478
21.4681
21.4842
21.4962
21.5042
21.5082
21.5086
21.5054
21.4989
21.4894
21.4771
21.4622
21.4451
21.426
21.4054
21.3834
21.3605
21.337
21.3132
21.2896
21.2663
21.2439
21.2227
21.203
21.1853
21.1698
21.157
21.1473
21.1409
21.1384
21.1401
21.1463
21.1575
21.174
21.1963
21.2247
21.2595
21.3012
21.3502
21.4067
21.4712
21.544
21.6255
21.7159
21.8157
21.9252
22.0445
22.1741
22.3142
22.4649
22.6267
22.7995
22.9837
23.1792
23.3862
23.6047
23.8345
24.0757
24.328
24.5911
24.8647
25.1482
25.4412
25.7429
26.0526
26.3695
26.6925
27.0206
27.3526
27.6872
28.0231
28.3589
28.6931
29.0242
29.3507
29.6709
29.9833
30.2864
30.5787
30.8587
31.1251
31.3765
31.6118
31.8297
32.0294
32.2099
32.3704
32.5103
32.629
32.7261
32.8011
32.8539
32.8842
32.892
32.8773
32.84
32.7801
32.6979
32.5933
32.4664
32.3173
32.146
31.9524
31.7365
31.4982
31.2373
30.9535
30.6467
30.3164
29.9625
29.5846
29.1825
28.7561
28.3053
27.8303
27.3313
26.8088
26.2637
25.6969
25.1096
24.5035
23.8803
23.242
22.5908
21.9292
21.2596
20.5847
19.907
19.2291
18.5537
17.8832
17.2199
16.566
15.9234
15.294
14.6794
14.0809
13.4997
12.937
12.3934
11.8697
11.3665
10.8841
10.4253
17.5048
17.5277
17.5488
17.5681
17.5857
17.6018
17.6167
17.631
17.645
17.6589
17.6729
17.6871
17.7018
17.717
17.7329
17.7494
17.7666
17.7845
17.8028
17.8216
17.8407
17.8599
17.879
17.8978
17.9162
17.9338
17.9506
17.9663
17.9807
17.9936
18.0048
18.0142
18.0216
18.0269
18.03
18.0307
18.029
18.0249
18.0183
18.0092
17.9975
17.9834
17.9667
17.9476
17.9262
17.9025
17.8765
17.8485
17.8185
17.7865
17.7529
17.7176
17.6809
17.6428
17.6036
17.5634
17.5223
17.4805
17.4383
17.3956
17.3529
17.3101
17.2674
17.2252
17.1834
17.1423
17.102
17.0628
17.0248
16.9881
16.9529
16.9194
16.8878
16.8581
16.8305
16.8052
16.7823
16.7619
16.7442
16.7292
16.7172
16.7081
16.7022
16.6994
16.6999
16.7037
16.7109
16.7215
16.7357
16.7534
16.7746
16.7994
16.8278
16.8597
16.8951
16.9339
16.976
17.0215
17.07
17.1215
17.1758
17.2326
17.2919
17.3532
17.4163
17.481
17.5468
17.6135
17.6806
17.7477
17.8145
17.8805
17.9453
18.0085
18.0696
18.1281
18.1837
18.236
18.2844
18.3287
18.3683
18.4031
18.4325
18.4564
18.4743
18.486
18.4913
18.49
18.4818
18.4665
18.444
18.4141
18.3768
18.3318
18.2791
18.2186
18.1501
18.0737
17.9891
17.8962
17.7949
17.6851
17.5666
17.4393
17.3029
17.1573
17.0024
16.8379
16.6637
16.4798
16.286
16.0823
15.8688
15.6456
15.4128
15.1708
14.92
14.6607
14.3936
14.1192
13.8383
13.5517
13.2601
12.9644
12.6655
12.3642
12.0616
11.7583
11.4554
11.1535
10.8534
10.5559
10.2616
9.97118
9.6851
9.40392
9.12815
8.8583
8.59486
8.34
16.1349
16.1462
16.1557
16.1635
16.1694
16.1735
16.1759
16.1768
16.1764
16.1748
16.1722
16.1688
16.1648
16.1603
16.1556
16.1507
16.1456
16.1406
16.1355
16.1303
16.1251
16.1198
16.1144
16.1088
16.1028
16.0965
16.0897
16.0823
16.0743
16.0654
16.0557
16.045
16.0332
16.0202
16.006
15.9905
15.9735
15.9551
15.9352
15.9138
15.8907
15.8661
15.8398
15.8119
15.7824
15.7513
15.7186
15.6844
15.6487
15.6115
15.5729
15.533
15.4917
15.4492
15.4056
15.3609
15.3151
15.2685
15.221
15.1727
15.1237
15.0742
15.0241
14.9737
14.9229
14.8719
14.8208
14.7696
14.7184
14.6674
14.6165
14.566
14.5158
14.466
14.4168
14.3682
14.3203
14.2731
14.2267
14.1812
14.1365
14.0929
14.0503
14.0087
13.9683
13.929
13.8908
13.8539
13.8182
13.7837
13.7505
13.7186
13.6879
13.6585
13.6304
13.6036
13.578
13.5536
13.5303
13.5082
13.4872
13.4671
13.448
13.4297
13.4121
13.3952
13.3788
13.3627
13.3469
13.3312
13.3155
13.2997
13.2834
13.2667
13.2494
13.2313
13.2123
13.1921
13.1708
13.148
13.1238
13.098
13.0704
13.0409
13.0095
12.976
12.9404
12.9025
12.8624
12.8198
12.7748
12.7272
12.6772
12.6245
12.5691
12.5111
12.4504
12.3869
12.3206
12.2515
12.1795
12.1046
12.0268
11.9459
11.8619
11.7748
11.6845
11.5909
11.4939
11.3935
11.2896
11.1821
11.0711
10.9563
10.838
10.716
10.5903
10.4611
10.3285
10.1925
10.0533
9.91111
9.76607
9.61843
9.46844
9.31636
9.16246
9.00704
8.85038
8.6928
8.53458
8.37603
8.21746
8.05918
7.90151
7.74478
7.58939
7.43576
7.28441
7.1368
15.0384
15.0398
15.0401
15.0392
15.0372
15.0338
15.029
15.023
15.0156
15.0068
14.9968
14.9857
14.9734
14.9601
14.9459
14.9308
14.9151
14.8987
14.8817
14.8641
14.8461
14.8276
14.8087
14.7894
14.7698
14.7498
14.7294
14.7085
14.6873
14.6656
14.6433
14.6206
14.5972
14.5732
14.5485
14.523
14.4967
14.4695
14.4415
14.4125
14.3826
14.3518
14.3199
14.287
14.2531
14.2181
14.1821
14.1451
14.107
14.0679
14.0278
13.9866
13.9445
13.9014
13.8574
13.8125
13.7667
13.7201
13.6727
13.6246
13.5758
13.5262
13.4761
13.4254
13.3741
13.3224
13.2703
13.2177
13.1648
13.1116
13.0582
13.0046
12.9509
12.897
12.8431
12.7891
12.7352
12.6814
12.6277
12.5741
12.5207
12.4675
12.4146
12.3619
12.3096
12.2576
12.206
12.1548
12.104
12.0537
12.0038
11.9544
11.9056
11.8573
11.8096
11.7624
11.7159
11.6699
11.6245
11.5796
11.5353
11.4915
11.4482
11.4053
11.3629
11.3208
11.279
11.2375
11.1962
11.155
11.1139
11.0728
11.0317
10.9904
10.9489
10.9072
10.8652
10.8228
10.78
10.7366
10.6928
10.6484
10.6033
10.5576
10.5111
10.4639
10.416
10.3672
10.3176
10.2671
10.2158
10.1635
10.1104
10.0563
10.0013
9.94543
9.88857
9.83078
9.77204
9.71235
9.65172
9.59013
9.52758
9.46407
9.39957
9.33407
9.26756
9.20001
9.13139
9.06167
8.99082
8.91882
8.84561
8.77117
8.69546
8.61846
8.54014
8.46048
8.37947
8.29712
8.21343
8.12841
8.04211
7.95457
7.86584
7.77599
7.68511
7.59329
7.50064
7.4073
7.31341
7.21914
7.12467
7.03022
6.93605
6.84246
6.74979
6.65847
6.56905
6.48243
14.208
14.1991
14.1895
14.1793
14.1685
14.1569
14.1445
14.1314
14.1174
14.1025
14.0868
14.0702
14.0527
14.0343
14.0151
13.995
13.9741
13.9524
13.9299
13.9067
13.8828
13.8582
13.833
13.8072
13.7808
13.7538
13.7263
13.6983
13.6697
13.6407
13.6112
13.5813
13.551
13.5201
13.4888
13.457
13.4247
13.3919
13.3586
13.3247
13.2903
13.2554
13.2198
13.1836
13.1468
13.1093
13.0712
13.0324
12.9929
12.9528
12.9119
12.8704
12.8282
12.7853
12.7418
12.6976
12.6527
12.6073
12.5612
12.5144
12.4671
12.4193
12.3709
12.3219
12.2725
12.2226
12.1722
12.1214
12.0701
12.0185
11.9666
11.9143
11.8617
11.8088
11.7557
11.7023
11.6488
11.595
11.5411
11.4871
11.433
11.3788
11.3246
11.2703
11.216
11.1618
11.1076
11.0534
10.9994
10.9455
10.8918
10.8383
10.7851
10.7322
10.6795
10.6272
10.5752
10.5235
10.4722
10.4211
10.3704
10.32
10.2698
10.2199
10.1703
10.1208
10.0716
10.0226
9.97376
9.92502
9.8764
9.82785
9.77936
9.73089
9.68243
9.63394
9.5854
9.53679
9.48809
9.43928
9.39034
9.34125
9.29199
9.24256
9.19293
9.14311
9.09307
9.04281
8.99232
8.9416
8.89065
8.83945
8.78802
8.73635
8.68444
8.6323
8.57993
8.52734
8.47454
8.42153
8.36831
8.3149
8.2613
8.20751
8.15353
8.09937
8.04502
7.99048
7.93574
7.8808
7.82563
7.77024
7.71459
7.65868
7.60248
7.54598
7.48915
7.43198
7.37446
7.31657
7.2583
7.19966
7.14064
7.08126
7.02155
6.96153
6.90126
6.84079
6.78022
6.71964
6.65918
6.59902
6.53933
6.48036
6.4224
6.3658
6.31099
6.25849
6.209
6.16314
13.6291
13.6096
13.5899
13.5699
13.5496
13.529
13.508
13.4867
13.4649
13.4427
13.42
13.3969
13.3732
13.349
13.3243
13.2991
13.2733
13.2469
13.22
13.1926
13.1646
13.1361
13.1071
13.0775
13.0474
13.0168
12.9857
12.954
12.9218
12.8892
12.856
12.8223
12.7882
12.7537
12.7187
12.6832
12.6474
12.6112
12.5745
12.5375
12.5
12.4622
12.424
12.3854
12.3464
12.3069
12.2671
12.2268
12.1861
12.145
12.1035
12.0615
12.0191
11.9762
11.9329
11.8891
11.845
11.8003
11.7553
11.7098
11.6639
11.6176
11.5708
11.5237
11.4761
11.4282
11.3799
11.3312
11.2822
11.2328
11.1831
11.1331
11.0828
11.0322
10.9813
10.9302
10.8788
10.8272
10.7754
10.7233
10.6711
10.6187
10.5662
10.5135
10.4607
10.4078
10.3548
10.3018
10.2488
10.1959
10.1431
10.0904
10.0379
9.98544
9.93315
9.88101
9.82902
9.77718
9.72551
9.67401
9.62267
9.5715
9.5205
9.46966
9.41899
9.36849
9.31813
9.26793
9.21788
9.16796
9.11818
9.06853
9.019
8.96958
8.92027
8.87106
8.82195
8.77293
8.72399
8.67514
8.62637
8.57767
8.52904
8.48048
8.43199
8.38357
8.33521
8.28692
8.23871
8.19056
8.14248
8.09449
8.04657
7.99874
7.951
7.90335
7.85581
7.80838
7.76106
7.71387
7.6668
7.61987
7.57308
7.52644
7.47995
7.43362
7.38744
7.34143
7.29557
7.24988
7.20434
7.15896
7.11374
7.06866
7.02372
6.97892
6.93426
6.88974
6.84535
6.8011
6.757
6.71305
6.6693
6.62575
6.58247
6.53949
6.49689
6.45477
6.41325
6.37246
6.33259
6.29387
6.25658
6.22104
6.1877
6.15705
6.12976
6.10664
6.08875
6.07674
13.2668
13.2378
13.2088
13.1797
13.1505
13.1212
13.0918
13.0623
13.0326
13.0027
12.9727
12.9424
12.9119
12.8812
12.8502
12.819
12.7874
12.7556
12.7235
12.6911
12.6583
12.6253
12.5919
12.5582
12.5242
12.4898
12.4551
12.42
12.3847
12.3489
12.3129
12.2765
12.2398
12.2027
12.1653
12.1276
12.0895
12.0511
12.0124
11.9733
11.9338
11.8941
11.854
11.8137
11.773
11.7321
11.6909
11.6494
11.6076
11.5655
11.5232
11.4806
11.4377
11.3945
11.3511
11.3074
11.2634
11.2191
11.1745
11.1297
11.0846
11.0392
10.9936
10.9476
10.9014
10.855
10.8082
10.7612
10.714
10.6665
10.6188
10.5708
10.5226
10.4741
10.4255
10.3766
10.3275
10.2783
10.2288
10.1792
10.1294
10.0795
10.0294
9.97919
9.92887
9.87847
9.82799
9.77745
9.72687
9.67629
9.62571
9.57516
9.52466
9.4742
9.42381
9.3735
9.32327
9.27313
9.2231
9.17317
9.12337
9.07369
9.02414
8.97474
8.92547
8.87636
8.8274
8.7786
8.72996
8.68149
8.63319
8.58506
8.53711
8.48934
8.44175
8.39434
8.34712
8.3001
8.25326
8.20662
8.16019
8.11395
8.06792
8.02211
7.9765
7.93112
7.88596
7.84102
7.79632
7.75186
7.70763
7.66366
7.61994
7.57648
7.53328
7.49035
7.4477
7.40532
7.36324
7.32144
7.27995
7.23875
7.19786
7.15728
7.11702
7.07707
7.03745
6.99815
6.95919
6.92055
6.88225
6.8443
6.80669
6.76944
6.73254
6.69602
6.65988
6.62415
6.58884
6.55397
6.5196
6.48574
6.45247
6.41985
6.38795
6.35689
6.32679
6.2978
6.27011
6.24396
6.21964
6.19749
6.17796
6.16159
6.14906
6.14123
6.13918
6.14431
6.1585
6.18276
13.0677
13.0314
12.9952
12.959
12.9227
12.8864
12.8501
12.8137
12.7773
12.7408
12.7043
12.6676
12.6309
12.5941
12.5572
12.5201
12.483
12.4457
12.4083
12.3707
12.333
12.2951
12.2571
12.2189
12.1806
12.142
12.1033
12.0644
12.0254
11.9861
11.9467
11.907
11.8672
11.8272
11.787
11.7466
11.706
11.6652
11.6243
11.5831
11.5417
11.5001
11.4584
11.4164
11.3743
11.332
11.2895
11.2468
11.2039
11.1609
11.1176
11.0742
11.0307
10.987
10.9431
10.899
10.8548
10.8104
10.7659
10.7212
10.6763
10.6313
10.5862
10.5408
10.4953
10.4497
10.4039
10.358
10.3119
10.2656
10.2192
10.1727
10.126
10.0792
10.0322
9.98516
9.93795
9.89062
9.84317
9.79562
9.74796
9.70021
9.65238
9.60447
9.55649
9.50846
9.46038
9.41226
9.36413
9.31598
9.26785
9.21973
9.17164
9.1236
9.07561
9.02769
8.97986
8.93211
8.88447
8.83694
8.78954
8.74227
8.69514
8.64817
8.60135
8.55471
8.50825
8.46198
8.41591
8.37004
8.32438
8.27895
8.23374
8.18876
8.14403
8.09955
8.05532
8.01136
7.96766
7.92424
7.8811
7.83825
7.7957
7.75345
7.7115
7.66988
7.62857
7.5876
7.54696
7.50666
7.46671
7.42711
7.38788
7.34901
7.31051
7.27239
7.23464
7.19729
7.16033
7.12376
7.08759
7.05182
7.01646
6.98151
6.94697
6.91285
6.87915
6.84589
6.81305
6.78066
6.74872
6.71725
6.68625
6.65574
6.62575
6.5963
6.56742
6.53914
6.51152
6.48462
6.45848
6.43321
6.40889
6.38565
6.36363
6.34299
6.32395
6.30677
6.29175
6.27927
6.26979
6.2639
6.2623
6.2659
6.27586
6.29363
6.32113
6.36088
6.41625
6.48942
12.9723
12.9315
12.8907
12.8499
12.809
12.7681
12.7271
12.6861
12.645
12.6038
12.5626
12.5213
12.48
12.4386
12.3971
12.3556
12.3139
12.2723
12.2305
12.1887
12.1468
12.1048
12.0627
12.0206
11.9783
11.936
11.8936
11.8512
11.8086
11.766
11.7232
11.6804
11.6375
11.5945
11.5515
11.5083
11.4651
11.4218
11.3783
11.3349
11.2913
11.2476
11.2039
11.1601
11.1162
11.0722
11.0282
10.9841
10.9399
10.8956
10.8513
10.8069
10.7624
10.7179
10.6733
10.6286
10.5839
10.5391
10.4942
10.4493
10.4043
10.3592
10.3141
10.269
10.2237
10.1785
10.1331
10.0877
10.0422
9.99673
9.95117
9.90555
9.85987
9.81415
9.76839
9.72257
9.67672
9.63083
9.58491
9.53896
9.49299
9.447
9.40099
9.35499
9.30898
9.26299
9.21701
9.17106
9.12515
9.07928
9.03347
8.98773
8.94206
8.89648
8.851
8.80562
8.76037
8.71525
8.67027
8.62544
8.58077
8.53628
8.49198
8.44787
8.40396
8.36028
8.31681
8.27359
8.23061
8.18789
8.14543
8.10324
8.06134
8.01974
7.97843
7.93744
7.89676
7.85641
7.8164
7.77673
7.73741
7.69845
7.65986
7.62165
7.58382
7.54638
7.50935
7.47272
7.4365
7.40071
7.36535
7.33042
7.29593
7.2619
7.22831
7.19518
7.16252
7.13033
7.09861
7.06736
7.0366
7.00633
6.97654
6.94725
6.91846
6.89017
6.8624
6.83516
6.80844
6.78228
6.75669
6.73168
6.70728
6.68353
6.66046
6.63812
6.61655
6.59584
6.57606
6.5573
6.53968
6.52334
6.50843
6.49515
6.48375
6.4745
6.46774
6.46389
6.46345
6.46705
6.47546
6.48963
6.51077
6.54043
6.58059
6.63387
6.7037
6.79467
6.91304
7.06363
12.9308
12.8879
12.8448
12.8016
12.7583
12.7149
12.6714
12.6278
12.5841
12.5404
12.4965
12.4525
12.4085
12.3644
12.3202
12.2759
12.2315
12.1871
12.1426
12.098
12.0533
12.0086
11.9638
11.919
11.8741
11.8292
11.7842
11.7392
11.6941
11.649
11.6039
11.5587
11.5135
11.4683
11.423
11.3777
11.3324
11.2871
11.2418
11.1965
11.1511
11.1058
11.0604
11.0151
10.9697
10.9244
10.879
10.8337
10.7884
10.7431
10.6978
10.6525
10.6072
10.5619
10.5167
10.4715
10.4263
10.3811
10.3359
10.2907
10.2456
10.2005
10.1554
10.1103
10.0652
10.0202
9.9752
9.93022
9.88526
9.84033
9.79543
9.75055
9.70571
9.6609
9.61613
9.5714
9.52671
9.48207
9.43748
9.39294
9.34847
9.30405
9.25971
9.21545
9.17127
9.12719
9.0832
9.03932
8.99555
8.95191
8.9084
8.86502
8.8218
8.77874
8.73584
8.69313
8.6506
8.60826
8.56614
8.52423
8.48255
8.44111
8.39992
8.35899
8.31833
8.27795
8.23786
8.19807
8.1586
8.11944
8.08061
8.04213
8.00399
7.96622
7.92881
7.89178
7.85514
7.8189
7.78306
7.74764
7.71264
7.67807
7.64395
7.61027
7.57705
7.5443
7.51202
7.48022
7.44891
7.41811
7.38781
7.35802
7.32876
7.30002
7.27182
7.24415
7.21704
7.19048
7.16447
7.13904
7.11417
7.08989
7.06619
7.04309
7.02059
6.99872
6.97748
6.95689
6.93697
6.91776
6.89927
6.88156
6.86466
6.84862
6.83353
6.81945
6.80648
6.79474
6.78435
6.77548
6.76832
6.7631
6.76009
6.75962
6.76208
6.76794
6.77777
6.79228
6.81231
6.83892
6.87343
6.91748
6.97321
7.04331
7.13134
7.24202
7.38166
7.55879
7.78519
8.07116
12.913
12.8692
12.8251
12.781
12.7368
12.6924
12.6479
12.6033
12.5586
12.5138
12.4688
12.4238
12.3786
12.3334
12.2881
12.2427
12.1972
12.1516
12.106
12.0603
12.0145
11.9687
11.9228
11.8769
11.8309
11.785
11.7389
11.6929
11.6468
11.6008
11.5547
11.5086
11.4625
11.4165
11.3704
11.3244
11.2784
11.2324
11.1864
11.1405
11.0946
11.0488
11.003
10.9572
10.9115
10.8659
10.8203
10.7748
10.7293
10.6839
10.6385
10.5933
10.5481
10.5029
10.4579
10.4129
10.3679
10.3231
10.2783
10.2336
10.189
10.1444
10.1
10.0556
10.0113
9.96708
9.92295
9.87891
9.83496
9.7911
9.74733
9.70367
9.66011
9.61665
9.5733
9.53007
9.48696
9.44396
9.4011
9.35837
9.31579
9.27335
9.23106
9.18893
9.14698
9.10519
9.0636
9.02219
8.98098
8.93998
8.8992
8.85864
8.81831
8.77823
8.7384
8.69882
8.65952
8.6205
8.58177
8.54334
8.50521
8.46741
8.42993
8.39279
8.356
8.31956
8.2835
8.24781
8.21251
8.17761
8.14312
8.10905
8.0754
8.04219
8.00942
7.97711
7.94527
7.9139
7.88301
7.85262
7.82272
7.79334
7.76448
7.73614
7.70835
7.6811
7.65441
7.62829
7.60274
7.57778
7.55341
7.52965
7.50651
7.48398
7.46209
7.44084
7.42025
7.40032
7.38107
7.36251
7.34464
7.3275
7.31108
7.29543
7.28054
7.26646
7.25321
7.24083
7.22936
7.21885
7.20937
7.20098
7.19376
7.18784
7.18331
7.18032
7.17905
7.17968
7.18247
7.18769
7.19566
7.20681
7.22159
7.24058
7.26446
7.29406
7.33039
7.37467
7.42842
7.49352
7.5723
7.66776
7.78369
7.92503
8.0983
8.31214
8.5783
8.91275
9.33776
9.87463
12.9077
12.8638
12.8198
12.7756
12.7314
12.6871
12.6427
12.5983
12.5537
12.5091
12.4644
12.4196
12.3748
12.3299
12.285
12.24
12.195
12.15
12.1049
12.0598
12.0147
11.9696
11.9245
11.8794
11.8343
11.7892
11.7441
11.6991
11.654
11.609
11.5641
11.5192
11.4743
11.4295
11.3847
11.34
11.2953
11.2508
11.2062
11.1618
11.1174
11.0731
11.0288
10.9847
10.9406
10.8966
10.8527
10.8089
10.7651
10.7214
10.6779
10.6344
10.591
10.5477
10.5045
10.4614
10.4184
10.3754
10.3326
10.2899
10.2473
10.2049
10.1625
10.1202
10.0781
10.0361
9.99425
9.95251
9.91092
9.86947
9.82817
9.78703
9.74605
9.70524
9.6646
9.62415
9.58389
9.54382
9.50396
9.46431
9.42488
9.38568
9.34671
9.30799
9.26952
9.2313
9.19336
9.1557
9.11832
9.08124
9.04446
9.00799
8.97185
8.93603
8.90056
8.86543
8.83066
8.79626
8.76223
8.7286
8.69535
8.66251
8.63009
8.59808
8.56652
8.53539
8.50472
8.47451
8.44477
8.41552
8.38676
8.3585
8.33075
8.30353
8.27684
8.25069
8.22509
8.20005
8.17559
8.15171
8.12843
8.10576
8.0837
8.06227
8.04148
8.02135
8.00189
7.98311
7.96502
7.94765
7.931
7.91509
7.89995
7.88558
7.872
7.85925
7.84733
7.83627
7.82611
7.81686
7.80855
7.80123
7.79494
7.78971
7.7856
7.78267
7.78099
7.78064
7.7817
7.78429
7.78853
7.79457
7.80258
7.81276
7.82534
7.8406
7.85887
7.88052
7.90602
7.93588
7.97076
8.01139
8.05868
8.11369
8.17772
8.25233
8.33941
8.44127
8.56075
8.70139
8.86758
9.0649
9.30046
9.58344
9.92591
10.3439
10.8592
11.5014
12.3122
13.3341
12.9186
12.8759
12.8331
12.7904
12.7476
12.7049
12.6622
12.6195
12.5768
12.5341
12.4915
12.4489
12.4063
12.3638
12.3214
12.2789
12.2366
12.1943
12.152
12.1098
12.0677
12.0257
11.9837
11.9418
11.9
11.8582
11.8165
11.7749
11.7334
11.6919
11.6506
11.6093
11.568
11.5269
11.4859
11.4449
11.404
11.3631
11.3224
11.2817
11.2411
11.2006
11.1602
11.1198
11.0796
11.0394
10.9992
10.9592
10.9193
10.8794
10.8396
10.7999
10.7604
10.7209
10.6815
10.6422
10.6031
10.5641
10.5252
10.4864
10.4478
10.4093
10.371
10.3328
10.2949
10.2571
10.2195
10.1821
10.1449
10.1079
10.0712
10.0347
9.99841
9.96241
9.92668
9.89121
9.85603
9.82114
9.78655
9.75227
9.71831
9.68468
9.65138
9.61843
9.58583
9.55359
9.52171
9.49022
9.45912
9.4284
9.3981
9.3682
9.33872
9.30967
9.28106
9.25289
9.22517
9.19792
9.17113
9.14483
9.11901
9.09369
9.06888
9.04459
9.02083
8.9976
8.97492
8.9528
8.93126
8.91029
8.88992
8.87016
8.85102
8.83251
8.81465
8.79745
8.78093
8.7651
8.74999
8.7356
8.72195
8.70907
8.69698
8.68569
8.67524
8.66565
8.65693
8.64913
8.64227
8.63638
8.63151
8.62768
8.62493
8.62332
8.62288
8.62368
8.62575
8.62917
8.634
8.64032
8.64821
8.65775
8.66906
8.68225
8.69745
8.7148
8.73448
8.75667
8.78161
8.80953
8.84074
8.87557
8.9144
8.9577
9.00598
9.05985
9.12004
9.18737
9.26284
9.34758
9.44297
9.55061
9.67244
9.81071
9.96818
10.1481
10.3545
10.5921
10.8669
11.186
11.5582
11.9947
12.5094
13.12
13.8494
14.7276
15.7951
17.1069
18.7404
20.7775
12.9682
12.9292
12.8904
12.8517
12.8131
12.7747
12.7365
12.6984
12.6605
12.6227
12.5851
12.5476
12.5102
12.473
12.4359
12.399
12.3622
12.3255
12.2889
12.2524
12.216
12.1797
12.1435
12.1074
12.0714
12.0355
11.9996
11.9638
11.9281
11.8924
11.8568
11.8213
11.7858
11.7503
11.7149
11.6795
11.6442
11.6089
11.5737
11.5385
11.5033
11.4682
11.4332
11.3982
11.3633
11.3284
11.2936
11.2589
11.2243
11.1898
11.1554
11.1212
11.087
11.0531
11.0192
10.9856
10.9521
10.9189
10.8858
10.853
10.8204
10.7881
10.756
10.7243
10.6928
10.6616
10.6307
10.6002
10.57
10.5401
10.5107
10.4816
10.4528
10.4245
10.3966
10.3691
10.342
10.3154
10.2892
10.2634
10.2381
10.2133
10.1889
10.1651
10.1416
10.1187
10.0963
10.0744
10.0529
10.032
10.0116
9.99173
9.97237
9.95354
9.93526
9.91752
9.90033
9.8837
9.86764
9.85216
9.83726
9.82296
9.80927
9.7962
9.78377
9.77198
9.76085
9.7504
9.74065
9.73162
9.72331
9.71577
9.709
9.70304
9.6979
9.69362
9.69023
9.68776
9.68624
9.68571
9.68621
9.68778
9.69046
9.69432
9.69939
9.70575
9.71344
9.72253
9.7331
9.74522
9.75899
9.77448
9.79179
9.81104
9.83234
9.85582
9.88161
9.90988
9.94078
9.9745
10.0113
10.0513
10.0948
10.1421
10.1935
10.2494
10.3101
10.3762
10.4481
10.5265
10.6119
10.7052
10.8073
10.9192
11.042
11.1771
11.3261
11.4908
11.6733
11.8761
12.1022
12.3548
12.6382
12.9568
13.3164
13.7236
14.1861
14.7132
15.3161
16.0079
16.8047
17.7258
18.7946
20.04
21.4987
23.2173
25.2578
27.7056
30.684
34.3262
13.113
13.0822
13.0516
13.0213
12.9913
12.9614
12.9318
12.9024
12.8732
12.8441
12.8152
12.7865
12.7578
12.7292
12.7008
12.6724
12.6441
12.6158
12.5875
12.5593
12.5311
12.5029
12.4747
12.4465
12.4182
12.3899
12.3616
12.3333
12.3049
12.2765
12.248
12.2196
12.191
12.1625
12.1339
12.1054
12.0768
12.0483
12.0198
11.9913
11.9629
11.9346
11.9063
11.8782
11.8502
11.8224
11.7947
11.7672
11.7399
11.7129
11.6861
11.6596
11.6334
11.6075
11.582
11.5568
11.532
11.5076
11.4837
11.4602
11.4371
11.4145
11.3924
11.3709
11.3498
11.3293
11.3094
11.29
11.2712
11.253
11.2354
11.2185
11.2021
11.1864
11.1713
11.1569
11.1431
11.1299
11.1174
11.1056
11.0944
11.0838
11.074
11.0647
11.0561
11.0482
11.0409
11.0343
11.0283
11.023
11.0183
11.0143
11.0109
11.0082
11.0061
11.0048
11.004
11.004
11.0047
11.0061
11.0082
11.011
11.0146
11.019
11.0242
11.0302
11.0371
11.0448
11.0535
11.0632
11.0739
11.0856
11.0985
11.1125
11.1277
11.1443
11.1622
11.1815
11.2023
11.2247
11.2489
11.2748
11.3026
11.3324
11.3644
11.3987
11.4354
11.4747
11.5167
11.5618
11.6099
11.6615
11.7166
11.7757
11.8389
11.9065
11.979
12.0567
12.1399
12.2292
12.325
12.4278
12.5383
12.6572
12.7851
12.9229
13.0716
13.2322
13.4058
13.5938
13.7977
14.0192
14.2603
14.5231
14.8101
15.1243
15.4689
15.8477
16.2651
16.7259
17.236
17.8019
18.431
19.1321
19.915
20.7911
21.7734
22.8766
24.1177
25.5161
27.0939
28.8766
30.8938
33.1807
35.7802
38.7464
42.152
46.1066
50.7791
56.3811
13.4553
13.4378
13.4204
13.4031
13.3859
13.3687
13.3516
13.3344
13.3172
13.2999
13.2825
13.265
13.2474
13.2296
13.2117
13.1936
13.1753
13.1568
13.1381
13.1193
13.1002
13.081
13.0615
13.0419
13.0221
13.0022
12.9822
12.962
12.9418
12.9214
12.9011
12.8807
12.8603
12.84
12.8198
12.7996
12.7796
12.7597
12.7401
12.7206
12.7015
12.6826
12.6641
12.646
12.6283
12.611
12.5942
12.5779
12.5622
12.5471
12.5326
12.5187
12.5055
12.493
12.4813
12.4704
12.4603
12.4509
12.4425
12.4349
12.4283
12.4225
12.4177
12.4138
12.411
12.4091
12.4082
12.4083
12.4094
12.4115
12.4147
12.4188
12.424
12.4302
12.4374
12.4456
12.4547
12.4649
12.476
12.4881
12.5012
12.5152
12.5301
12.5459
12.5626
12.5802
12.5987
12.6181
12.6383
12.6594
12.6814
12.7042
12.7278
12.7524
12.7778
12.8041
12.8313
12.8594
12.8885
12.9186
12.9496
12.9818
13.015
13.0494
13.085
13.1219
13.1602
13.1998
13.2411
13.2839
13.3285
13.3749
13.4232
13.4737
13.5264
13.5815
13.6392
13.6996
13.763
13.8296
13.8995
13.973
14.0504
14.132
14.2181
14.309
14.405
14.5066
14.6142
14.7281
14.8489
14.9772
15.1134
15.2582
15.4122
15.5762
15.7509
15.9372
16.1361
16.3485
16.5755
16.8184
17.0785
17.3572
17.6563
17.9774
18.3227
18.6942
19.0944
19.5261
19.9923
20.4964
21.0422
21.6339
22.2763
22.9745
23.7346
24.5631
25.4672
26.455
27.5354
28.7182
30.0142
31.4349
32.993
34.7019
36.5762
38.6311
40.8826
43.3481
46.046
48.9961
52.2199
55.7448
59.6054
63.8456
68.531
73.819
79.9218
87.22
14.1368
14.1355
14.1337
14.1315
14.1289
14.1257
14.1221
14.1179
14.1133
14.1081
14.1025
14.0963
14.0897
14.0826
14.0751
14.0672
14.0589
14.0502
14.0412
14.0319
14.0224
14.0127
14.0028
13.9928
13.9828
13.9727
13.9627
13.9527
13.9429
13.9333
13.924
13.915
13.9063
13.8981
13.8904
13.8832
13.8766
13.8707
13.8655
13.8611
13.8576
13.8549
13.8532
13.8525
13.8529
13.8545
13.8572
13.8612
13.8665
13.8732
13.8812
13.8907
13.9017
13.9143
13.9284
13.9442
13.9616
13.9808
14.0016
14.0242
14.0485
14.0746
14.1025
14.1322
14.1637
14.1969
14.232
14.2689
14.3075
14.348
14.3901
14.434
14.4796
14.5269
14.5758
14.6263
14.6785
14.7322
14.7874
14.8441
14.9023
14.9619
15.0229
15.0854
15.1491
15.2142
15.2807
15.3484
15.4175
15.4879
15.5596
15.6326
15.7069
15.7827
15.8598
15.9384
16.0185
16.1002
16.1836
16.2687
16.3556
16.4446
16.5356
16.6288
16.7245
16.8227
16.9236
17.0275
17.1346
17.2451
17.3593
17.4775
17.5999
17.727
17.859
17.9963
18.1394
18.2886
18.4445
18.6075
18.7782
18.9571
19.1448
19.3421
19.5496
19.768
19.9982
20.2411
20.4974
20.7683
21.0548
21.3581
21.6792
22.0196
22.3807
22.7639
23.1709
23.6034
24.0633
24.5526
25.0734
25.6282
26.2195
26.85
27.5226
28.2407
29.0076
29.8272
30.7036
31.6411
32.6445
33.719
34.8701
36.1036
37.426
38.8438
40.3642
41.9943
43.7418
45.6143
47.6197
49.7657
52.0596
54.5087
57.1193
59.8973
62.8477
65.9743
69.2808
72.7721
76.4547
80.3328
84.4104
88.7183
93.2858
98.1349
103.323
108.994
115.414
123.291
15.319
15.3325
15.3449
15.3563
15.3667
15.3762
15.3848
15.3926
15.3997
15.406
15.4117
15.4168
15.4214
15.4255
15.4294
15.4329
15.4363
15.4395
15.4428
15.4461
15.4496
15.4534
15.4575
15.462
15.4671
15.4728
15.4792
15.4865
15.4947
15.5039
15.5143
15.5258
15.5387
15.5531
15.569
15.5866
15.6059
15.6272
15.6504
15.6757
15.7031
15.7329
15.7651
15.7998
15.8371
15.8771
15.9199
15.9656
16.0142
16.0659
16.1207
16.1787
16.24
16.3045
16.3725
16.4439
16.5187
16.597
16.6788
16.7641
16.853
16.9454
17.0413
17.1407
17.2437
17.35
17.4598
17.573
17.6896
17.8094
17.9324
18.0586
18.1879
18.3203
18.4556
18.5939
18.7349
18.8788
19.0253
19.1745
19.3263
19.4807
19.6375
19.7968
19.9586
20.1228
20.2894
20.4584
20.6299
20.8039
20.9804
21.1595
21.3414
21.526
21.7136
21.9043
22.0983
22.2957
22.4968
22.7018
22.9111
23.1248
23.3435
23.5673
23.7967
24.0322
24.2742
24.5232
24.7798
25.0445
25.3179
25.6007
25.8936
26.1973
26.5127
26.8405
27.1817
27.5373
27.9082
28.2954
28.7002
29.1236
29.567
30.0317
30.5191
31.0306
31.5678
32.1324
32.726
33.3506
34.0079
34.7
35.429
36.1972
37.0068
37.8603
38.7602
39.7092
40.71
41.7656
42.8791
44.0535
45.2921
46.5984
47.9758
49.4279
50.9585
52.5711
54.2696
56.0578
57.9393
59.9177
61.9963
64.1785
66.4669
68.8639
71.3714
73.9904
76.7215
79.564
82.5167
85.5769
88.7412
92.0049
95.3623
98.8067
102.331
105.926
109.59
113.336
117.176
121.094
125.079
129.132
133.265
137.513
141.953
146.783
152.355
159.92
17.2141
17.2411
17.2669
17.2917
17.3156
17.3387
17.3611
17.3829
17.4044
17.4256
17.4466
17.4677
17.489
17.5105
17.5326
17.5553
17.5788
17.6032
17.6288
17.6556
17.684
17.714
17.7458
17.7796
17.8156
17.854
17.895
17.9388
17.9855
18.0354
18.0887
18.1455
18.2062
18.2709
18.3397
18.413
18.491
18.5737
18.6616
18.7547
18.8532
18.9575
19.0676
19.1837
19.3061
19.435
19.5704
19.7126
19.8617
20.0179
20.1812
20.3519
20.5299
20.7155
20.9086
21.1094
21.3178
21.5339
21.7577
21.9892
22.2284
22.4752
22.7296
22.9915
23.2608
23.5375
23.8213
24.1123
24.4101
24.7148
25.0262
25.344
25.6682
25.9985
26.3349
26.6772
27.0251
27.3787
27.7376
28.1019
28.4714
28.8461
29.2258
29.6104
30.0001
30.3948
30.7945
31.1993
31.6093
32.0246
32.4455
32.872
33.3045
33.7433
34.1887
34.641
35.1008
35.5685
36.0447
36.5299
37.0247
37.53
38.0463
38.5746
39.1156
39.6704
40.2398
40.8249
41.4268
42.0466
42.6856
43.345
44.0261
44.7303
45.4591
46.214
46.9965
47.8082
48.6508
49.526
50.4356
51.3814
52.3653
53.3893
54.4552
55.5651
56.721
57.925
59.1792
60.4856
61.8463
63.2635
64.7392
66.2755
67.8742
69.5375
71.2671
73.0648
74.9321
76.8706
78.8816
80.9662
83.1252
85.3591
87.6684
90.0529
92.5121
95.0452
97.6509
100.327
103.072
105.881
108.753
111.681
114.662
117.69
120.759
123.861
126.989
130.136
133.293
136.45
139.6
142.734
145.841
148.915
151.947
154.931
157.897
160.831
163.726
166.577
169.384
172.157
174.914
177.699
180.602
183.875
187.955
194.941
20.2445
20.2903
20.336
20.3816
20.4275
20.4738
20.5209
20.5689
20.6183
20.6692
20.7219
20.7769
20.8343
20.8945
20.9578
21.0246
21.0951
21.1698
21.2489
21.3329
21.422
21.5168
21.6176
21.7247
21.8385
21.9596
22.0883
22.2251
22.3704
22.5246
22.6882
22.8618
23.0456
23.2404
23.4464
23.6643
23.8945
24.1374
24.3937
24.6636
24.9479
25.2468
25.5608
25.8904
26.2361
26.5981
26.9769
27.3728
27.7861
28.2172
28.6662
29.1334
29.619
30.123
30.6457
31.1869
31.7467
32.325
32.9217
33.5368
34.1698
34.8207
35.4891
36.1747
36.877
37.5958
38.3304
39.0805
39.8455
40.6249
41.4181
42.2246
43.0439
43.8753
44.7184
45.5725
46.4372
47.312
48.1964
49.09
49.9925
50.9035
51.8227
52.7499
53.6851
54.628
55.5787
56.5373
57.504
58.4788
59.4622
60.4546
61.4563
62.468
63.4904
64.524
65.5698
66.6287
67.7016
68.7895
69.8936
71.015
72.1551
73.3151
74.4965
75.7006
76.929
78.1832
79.4648
80.7753
82.1164
83.4897
84.8969
86.3396
87.8194
89.3381
90.8972
92.4982
94.1426
95.832
97.5677
99.351
101.183
103.065
104.998
106.982
109.019
111.109
113.252
115.449
117.698
120
122.355
124.76
127.216
129.721
132.272
134.867
137.505
140.182
142.895
145.64
148.413
151.21
154.026
156.856
159.694
162.535
165.372
168.2
171.01
173.797
176.553
179.272
181.945
184.565
187.126
189.62
192.039
194.379
196.631
198.791
200.853
202.812
204.665
206.408
208.04
209.561
210.974
212.286
213.5
214.621
215.657
216.621
217.531
218.427
219.407
220.761
222.955
229.428
25.4502
25.5414
25.6364
25.7356
25.8395
25.9486
26.0635
26.1848
26.3131
26.4491
26.5935
26.7469
26.91
27.0837
27.2686
27.4655
27.6752
27.8987
28.1367
28.3901
28.6599
28.9471
29.2526
29.5775
29.9227
30.2895
30.679
31.0922
31.5305
31.9949
32.4868
33.0074
33.5579
34.1397
34.754
35.4022
36.0855
36.8051
37.5624
38.3584
39.1945
40.0716
40.9909
41.9533
42.9596
44.0107
45.1072
46.2496
47.4384
48.6738
49.956
51.2849
52.6602
54.0816
55.5485
57.0602
58.6157
60.214
61.8537
63.5334
65.2515
67.0063
68.7959
70.6182
72.4711
74.3525
76.26
78.1914
80.1442
82.1162
84.105
86.1082
88.1236
90.149
92.1823
94.2216
96.2649
98.3105
100.357
102.403
104.446
106.487
108.524
110.557
112.585
114.607
116.624
118.636
120.643
122.645
124.643
126.638
128.631
130.622
132.613
134.605
136.6
138.599
140.603
142.615
144.635
146.665
148.707
150.763
152.835
154.923
157.029
159.156
161.303
163.474
165.668
167.887
170.132
172.403
174.702
177.028
179.382
181.764
184.174
186.611
189.075
191.566
194.081
196.619
199.18
201.76
204.358
206.972
209.599
212.235
214.877
217.523
220.167
222.806
225.435
228.051
230.647
233.218
235.76
238.266
240.732
243.15
245.516
247.822
250.064
252.234
254.326
256.335
258.254
260.078
261.801
263.417
264.922
266.31
267.578
268.72
269.735
270.618
271.368
271.981
272.458
272.798
272.999
273.063
272.991
272.785
272.448
271.981
271.39
270.68
269.854
268.919
267.877
266.737
265.508
264.213
262.906
261.82
261.357
267.099
36.265
36.5263
36.8053
37.1028
37.4205
37.7598
38.1226
38.5105
38.9251
39.3682
39.8418
40.3477
40.888
41.4646
42.0797
42.7356
43.4345
44.1789
44.9713
45.8143
46.7106
47.6629
48.6742
49.7474
50.8854
52.0916
53.3689
54.7206
56.1498
57.6599
59.2541
60.9355
62.7072
64.5723
66.5337
68.5941
70.756
73.0219
75.3938
77.8734
80.4621
83.161
85.9706
88.8911
91.9222
95.063
98.3121
101.667
105.127
108.687
112.343
116.093
119.93
123.85
127.847
131.914
136.045
140.232
144.468
148.746
153.058
157.395
161.75
166.116
170.483
174.845
179.194
183.523
187.825
192.094
196.324
200.51
204.647
208.73
212.756
216.721
220.623
224.459
228.229
231.93
235.563
239.128
242.624
246.053
249.416
252.714
255.95
259.126
262.244
265.306
268.317
271.277
274.192
277.063
279.893
282.687
285.446
288.175
290.875
293.55
296.202
298.834
301.448
304.046
306.63
309.202
311.762
314.313
316.854
319.387
321.911
324.427
326.935
329.433
331.921
334.398
336.861
339.31
341.741
344.153
346.543
348.907
351.242
353.545
355.811
358.037
360.218
362.35
364.427
366.444
368.397
370.279
372.085
373.81
375.447
376.992
378.437
379.777
381.007
382.12
383.111
383.975
384.707
385.3
385.752
386.058
386.213
386.214
386.059
385.745
385.269
384.631
383.829
382.864
381.735
380.444
378.991
377.378
375.609
373.684
371.608
369.383
367.012
364.5
361.848
359.059
356.137
353.081
349.893
346.571
343.111
339.508
335.751
331.826
327.716
323.409
318.89
314.329
309.786
313.726
68.4741
69.466
70.5354
71.686
72.9233
74.2521
75.6766
77.2012
78.8307
80.5698
82.4237
84.3976
86.4971
88.7277
91.0955
93.6064
96.2667
99.0828
102.061
105.208
108.53
112.035
115.727
119.615
123.703
127.999
132.508
137.234
142.184
147.361
152.769
158.41
164.287
170.401
176.752
183.338
190.157
197.206
204.48
211.972
219.674
227.577
235.671
243.943
252.379
260.965
269.684
278.52
287.453
296.464
305.535
314.643
323.768
332.889
341.985
351.036
360.02
368.919
377.713
386.383
394.914
403.29
411.496
419.519
427.348
434.973
442.386
449.58
456.55
463.293
469.806
476.089
482.142
487.967
493.569
498.949
504.115
509.071
513.824
518.381
522.751
526.941
530.96
534.815
538.517
542.073
545.492
548.782
551.953
555.01
557.963
560.819
563.584
566.264
568.866
571.396
573.857
576.254
578.592
580.873
583.1
585.276
587.402
589.48
591.509
593.491
595.424
597.308
599.142
600.924
602.651
604.321
605.931
607.478
608.958
610.366
611.698
612.95
614.116
615.191
616.17
617.047
617.815
618.47
619.004
619.412
619.687
619.822
619.812
619.65
619.33
618.845
618.19
617.36
616.348
615.149
613.76
612.175
610.39
608.403
606.21
603.81
601.2
598.38
595.349
592.108
588.658
585
581.138
577.074
572.813
568.358
563.715
558.888
553.884
548.708
543.365
537.862
532.204
526.395
520.44
514.341
508.1
501.718
495.192
488.517
481.687
474.691
467.513
460.132
452.523
444.647
436.459
427.899
418.89
409.339
399.104
388.145
375.962
370.285
82.2649
80.9415
79.7159
78.5859
77.5491
76.6037
75.7482
74.9812
74.3017
73.7089
73.2021
72.781
72.4452
72.1946
72.0294
71.9497
71.9561
72.0491
72.2294
72.4978
72.8552
73.3028
73.8417
74.4732
75.1984
76.0188
76.9356
77.9503
79.064
80.2781
81.5937
83.0118
84.5331
86.1585
87.8881
89.7223
91.6608
93.7031
95.8482
98.0948
100.441
102.885
105.423
108.052
110.769
113.569
116.447
119.397
122.414
125.491
128.621
131.798
135.012
138.258
141.525
144.807
148.095
151.38
154.655
157.911
161.14
164.336
167.491
170.598
173.651
176.645
179.575
182.436
185.225
187.938
190.573
193.128
195.602
197.995
200.306
202.536
204.687
206.759
208.755
210.677
212.529
214.312
216.031
217.69
219.291
220.839
222.337
223.791
225.203
226.578
227.92
229.233
230.52
231.786
233.034
234.267
235.489
236.703
237.911
239.116
240.322
241.529
242.74
243.958
245.183
246.417
247.662
248.917
250.185
251.465
252.759
254.065
255.385
256.718
258.063
259.421
260.789
262.169
263.558
264.954
266.358
267.767
269.179
270.593
272.006
273.416
274.822
276.219
277.606
278.98
280.337
281.674
282.988
284.275
285.53
286.751
287.932
289.07
290.158
291.192
292.167
293.078
293.917
294.68
295.36
295.95
296.445
296.835
297.115
297.278
297.315
297.219
296.982
296.598
296.058
295.357
294.487
293.443
292.22
290.814
289.223
287.445
285.48
283.331
281.002
278.499
275.832
273.01
270.047
266.958
263.755
260.452
257.059
253.579
250.01
246.34
242.574
238.559
235.225
230.246
586.779
607.162
618.022
632.127
647.165
661.492
675.365
689.072
702.904
717.147
732.104
748.1
765.498
784.673
806.097
830.152
857.579
888.466
924.589
964.192
1013.89
1062.44
1140.19
1190.24
1381.43
306.723
314.289
320.657
326.98
332.706
337.716
342.162
346.18
349.884
353.385
356.79
360.215
363.779
367.607
371.844
376.623
382.133
388.476
395.987
404.542
415.066
426.422
441.929
456.766
483.574
245.473
250.004
254.498
258.876
262.815
266.208
269.117
271.618
273.778
275.661
277.327
278.833
280.24
281.608
283.005
284.498
286.174
288.102
290.42
293.151
296.573
300.535
305.662
311.576
318.476
222.54
225.794
229.294
232.718
235.816
238.49
240.754
242.649
244.216
245.493
246.512
247.302
247.889
248.301
248.568
248.725
248.824
248.916
249.084
249.396
249.969
250.9
252.199
254.392
255.424
213.183
215.712
218.551
221.372
223.958
226.211
228.115
229.687
230.946
231.909
232.585
232.981
233.099
232.939
232.507
231.819
230.904
229.808
228.595
227.357
226.167
225.217
224.335
224.303
222.615
210.565
212.604
214.948
217.323
219.535
221.487
223.142
224.496
225.549
226.298
226.734
226.841
226.6
225.99
224.996
223.62
221.878
219.816
217.493
215.023
212.472
210.087
207.648
206.015
202.726
212
213.652
215.58
217.576
219.468
221.158
222.597
223.761
224.633
225.19
225.405
225.242
224.663
223.628
222.105
220.084
217.576
214.63
211.312
207.754
204.035
200.443
196.756
193.866
189.491
216.155
217.451
218.992
220.626
222.204
223.629
224.842
225.803
226.479
226.827
226.801
226.349
225.412
223.933
221.868
219.199
215.937
212.137
207.877
203.312
198.541
193.887
189.146
185.228
180.06
222.231
223.162
224.31
225.569
226.811
227.944
228.899
229.624
230.067
230.169
229.862
229.08
227.747
225.788
223.15
219.812
215.787
211.143
205.973
200.46
194.722
189.12
183.471
178.7
172.938
229.669
230.199
230.927
231.781
232.653
233.454
234.11
234.553
234.72
234.529
233.894
232.735
230.958
228.475
225.226
221.191
216.39
210.908
204.856
198.446
191.817
185.372
178.94
173.465
167.26
238.021
238.107
238.379
238.792
239.253
239.681
239.993
240.108
239.951
239.419
238.406
236.819
234.551
231.499
227.601
222.841
217.253
210.94
204.037
196.785
189.341
182.154
175.056
169.012
162.491
246.909
246.504
246.283
246.219
246.233
246.249
246.175
245.917
245.394
244.474
243.031
240.95
238.115
234.427
229.827
224.312
217.934
210.819
203.124
195.117
186.967
179.145
171.489
165.005
158.276
255.995
255.061
254.316
253.746
253.282
252.853
252.359
251.685
250.719
249.326
247.366
244.711
241.239
236.858
231.519
225.237
218.085
210.214
201.804
193.146
184.419
176.1
168.012
161.213
154.373
264.98
263.487
262.196
261.101
260.136
259.212
258.223
257.049
255.56
253.611
251.053
247.749
243.578
238.458
232.358
225.315
217.427
208.871
199.846
190.66
181.496
172.828
164.463
157.474
150.606
273.594
271.525
269.673
268.011
266.479
264.989
263.431
261.676
259.582
256.994
253.759
249.736
244.814
238.926
232.064
224.291
215.731
206.585
197.069
187.496
178.05
169.188
160.706
153.658
146.841
281.583
278.904
276.437
274.148
271.985
269.858
267.652
265.232
262.448
259.139
255.15
250.349
244.638
237.973
230.373
221.931
212.795
203.185
193.327
183.53
173.969
165.075
156.634
149.655
142.975
288.625
285.283
282.144
279.168
276.305
273.464
270.526
267.353
263.791
259.679
254.871
249.247
242.732
235.312
227.035
218.021
208.442
198.526
188.502
178.665
169.169
160.411
152.165
145.38
138.928
294.328
290.267
286.395
282.664
279.024
275.384
271.626
267.61
263.185
258.202
252.528
246.067
238.772
230.661
221.814
212.374
202.526
192.501
182.514
172.836
163.595
155.141
147.242
140.773
134.641
298.204
293.368
288.695
284.132
279.629
275.097
270.42
265.467
260.098
254.179
247.605
240.308
232.276
223.56
214.266
204.556
194.619
184.675
174.921
165.59
156.779
148.786
141.372
135.329
129.61
299.539
293.849
288.286
282.79
277.315
271.776
266.07
260.079
253.684
246.782
239.298
231.204
222.523
213.337
203.775
194.005
184.213
174.596
165.32
156.572
148.413
141.08
134.335
128.867
123.712
297.334
290.705
284.157
277.634
271.097
264.476
257.686
250.636
243.239
235.428
227.169
218.468
209.383
200.015
190.502
181.006
171.69
162.718
154.212
146.31
139.034
132.558
126.651
121.9
117.443
290.27
282.633
275.033
267.432
259.802
252.101
244.273
236.265
228.028
219.536
210.789
201.825
192.718
183.575
174.523
165.701
157.235
149.243
141.8
134.991
128.802
123.352
118.421
114.499
110.836
276.778
268.137
259.509
250.884
242.261
233.63
224.979
216.292
207.564
198.801
190.03
181.298
172.679
164.263
156.149
148.433
141.195
134.502
128.384
122.874
117.933
113.633
109.772
106.754
103.947
255.43
245.946
236.485
227.078
217.758
208.554
199.496
190.611
181.923
173.462
165.259
157.355
149.798
142.641
135.938
129.733
124.057
118.926
114.33
110.264
106.673
103.593
100.852
98.7729
96.8469
225.692
215.761
205.905
196.196
186.697
177.476
168.598
160.122
152.094
144.551
137.518
131.009
125.031
119.589
114.678
110.291
106.408
103.004
100.039
97.4832
95.2751
93.4285
91.8077
90.665
89.6147
188.809
179.076
169.497
160.162
151.158
142.574
134.5
127.015
120.179
114.032
108.588
103.836
99.7428
96.2591
93.3276
90.8872
88.8761
87.2348
85.9042
84.8379
83.9781
83.3236
82.7799
82.5364
82.3281
148.198
139.436
130.887
122.64
114.783
107.412
100.629
94.5176
89.1462
84.5638
80.7882
77.8015
75.5504
73.9529
72.9089
72.3135
72.0661
72.0779
72.2725
72.5915
72.9824
73.4329
73.8871
74.4792
75.0566
108.868
101.729
94.7935
88.1422
81.8556
76.0381
70.7882
66.1692
62.2453
59.0817
56.715
55.149
54.3485
54.2356
54.6976
55.6029
56.8191
58.227
59.7286
61.2486
62.7337
64.159
65.4989
66.8392
68.1245
74.945
69.7541
64.7393
59.9565
55.4621
51.316
47.581
44.3183
41.5931
39.4954
38.0696
37.3573
37.3775
38.1025
39.4546
41.3105
43.5231
45.9439
48.4444
50.9208
53.305
55.5517
57.6508
59.6452
61.5507
48.7618
45.3963
42.1543
39.0699
36.1776
33.512
31.1087
29.005
27.243
25.8772
24.9696
24.6002
24.8474
25.7543
27.3245
29.4951
32.1443
35.1138
38.2438
41.3909
44.4552
47.3579
50.087
52.6395
55.0809
30.8309
28.8771
26.9896
25.1877
23.4908
21.9176
20.487
19.219
18.1374
17.2739
16.6733
16.4004
16.5429
17.2034
18.4778
20.4
22.9305
25.95
29.2938
32.7831
36.276
39.6462
42.8624
45.8679
48.7574
19.8167
18.7788
17.7645
16.7841
15.8481
14.9668
14.1505
13.4103
12.759
12.2139
11.8006
11.5597
11.5549
11.88
12.6562
14.0057
16.0035
18.6281
21.7677
25.2442
28.8829
32.5061
36.0472
39.3877
42.6308
13.5758
13.0466
12.5175
11.9941
11.4826
10.9893
10.5206
10.0831
9.68445
9.33379
9.04446
8.83754
8.74859
8.83745
9.19892
9.96343
11.2717
13.2226
15.8153
18.9367
22.421
26.0559
29.7367
33.2754
36.7678
10.1582
9.88288
9.59799
9.30744
9.01538
8.72612
8.44401
8.17348
7.91917
7.68633
7.48177
7.3157
7.20528
7.18129
7.29905
7.65148
8.37317
9.61503
11.4867
13.9953
17.047
20.4415
24.0552
27.6332
31.2573
8.19793
8.04805
7.88816
7.72032
7.54695
7.37083
7.1949
7.02217
6.85568
6.69859
6.55453
6.42841
6.32796
6.26704
6.27225
6.39446
6.72409
7.3969
8.57025
10.3553
12.7774
15.7117
19.0588
22.5187
26.1598
7.05726
6.9714
6.87742
6.77633
6.66949
6.5586
6.44565
6.33276
6.22205
6.11559
6.01551
5.92427
5.84538
5.78476
5.754
5.77675
5.90104
6.21559
6.85812
7.9823
9.71221
12.0333
14.9251
18.0919
21.6014
6.43275
6.3788
6.31927
6.25463
6.1856
6.11314
6.03847
5.96301
5.88828
5.81573
5.74677
5.68279
5.62545
5.57732
5.54348
5.53424
5.57174
5.70319
6.01976
6.65861
7.78201
9.46829
11.7927
14.5176
17.7367
6.12836
6.09098
6.05028
6.00656
5.96028
5.91203
5.86258
5.81281
5.76369
5.71621
5.67129
5.6298
5.59259
5.5608
5.53741
5.52675
5.53772
5.59136
5.73634
6.06792
6.73645
7.8715
9.62103
11.8322
14.6508
6.05026
6.02256
5.99345
5.96323
5.93231
5.90113
5.87027
5.84035
5.81205
5.78602
5.76289
5.74317
5.72724
5.7155
5.71179
5.71691
5.7331
5.76738
5.83964
6.00096
6.3603
7.06411
8.29936
10.0044
12.3749
6.16199
6.14147
6.12154
6.10253
6.08488
6.06904
6.05558
6.04513
6.03841
6.03611
6.0389
6.04734
6.06183
6.08275
6.1108
6.14633
6.18913
6.23965
6.30212
6.39415
6.56958
6.94887
7.7306
8.97693
10.8931
6.47349
6.46003
6.44982
6.44329
6.44102
6.44366
6.45201
6.46702
6.48977
6.52136
6.56276
6.6147
6.67747
6.75083
6.83398
6.92539
7.0227
7.12307
7.22393
7.32597
7.44098
7.62295
8.0083
8.79743
10.2096
7.05167
7.0462
7.04841
7.05887
7.07862
7.10879
7.15078
7.20629
7.27719
7.3653
7.47211
7.59855
7.74458
7.90894
8.08895
8.28053
8.47833
8.67627
8.86807
9.04841
9.21256
9.3688
9.53967
9.90031
10.6283
8.05925
8.06219
8.08146
8.11809
8.17404
8.25145
8.35285
8.48124
8.63979
8.83137
9.05806
9.3206
9.61782
9.94615
10.2995
10.6693
11.0454
11.4171
11.7739
12.1075
12.4091
12.6773
12.8819
13.0926
13.1961
9.84595
9.85427
9.89961
9.98288
10.1072
10.2759
10.4931
10.7637
11.0923
11.4827
11.9365
12.4523
13.0251
13.6454
14.2998
14.9713
15.6415
16.2916
16.9051
17.4686
17.9696
18.4061
18.7381
19.0042
18.9521
13.3231
13.3413
13.44
13.6204
13.8878
14.2472
14.7045
15.2659
15.9358
16.7154
17.6008
18.5819
19.6415
20.7562
21.8969
23.0315
24.1271
25.1529
26.0821
26.8935
27.5709
28.106
28.4639
28.6568
28.5153
20.8074
20.8995
21.1266
21.5398
22.143
22.9363
23.9188
25.0872
26.4311
27.9311
29.5572
31.2691
33.0177
34.748
36.4031
37.9287
39.2761
40.4069
41.2945
41.9266
42.3025
42.4268
42.2972
41.9439
41.2463
34.4413
34.7977
35.2762
36.0923
37.2301
38.6553
40.3305
42.2111
44.2404
46.3509
48.4683
50.5157
52.4191
54.1123
55.5414
56.668
57.4698
57.9427
58.0988
57.9623
57.5602
56.9265
56.0801
55.0946
53.7587
56.6174
57.2347
58.1843
59.3297
60.8471
62.6296
64.5746
66.5801
68.5445
70.3752
71.9993
73.3586
74.4119
75.1365
75.5259
75.5886
75.3456
74.827
74.0674
73.102
71.9687
70.7074
69.3316
67.9113
66.1601
87.4041
87.9722
88.851
89.9269
91.0849
92.3151
93.4861
94.4916
95.2515
95.7257
95.9277
95.8488
95.4974
94.8939
94.0663
93.0454
91.8632
90.551
89.1382
87.656
86.1376
84.6171
83.1025
81.627
79.8106
122.979
122.838
122.808
122.958
122.898
122.645
122.137
121.353
120.3
119.046
117.635
116.102
114.486
112.819
111.129
109.438
107.766
106.128
104.541
103.031
101.624
100.357
99.2457
98.2782
96.8678
158.92
157.58
155.982
154.321
152.461
150.147
147.591
144.915
142.198
139.507
136.907
134.447
132.157
130.052
128.136
126.407
124.863
123.507
122.354
121.433
120.781
120.459
120.493
120.892
120.601
193.279
190.359
186.638
182.632
178.404
174.076
169.772
165.667
161.88
158.483
155.513
152.977
150.859
149.134
147.772
146.751
146.06
145.708
145.73
146.189
147.162
148.786
151.102
154.265
156.257
226.943
221.727
215.17
208.591
202.169
196.189
190.797
186.201
182.433
179.47
177.253
175.709
174.763
174.349
174.419
174.953
175.96
177.493
179.648
182.572
186.438
191.541
197.956
206.244
212.522
263.05
254.125
244.25
235.081
227.126
220.642
215.709
212.262
210.12
209.094
209.006
209.706
211.074
213.034
215.554
218.657
222.424
227.009
232.633
239.61
248.296
259.281
272.689
290.065
304.202
307.238
293.049
279.362
268.864
261.667
257.38
255.574
255.723
257.405
260.274
264.06
268.569
273.683
279.364
285.656
292.695
300.715
310.061
321.187
334.701
351.28
371.984
397.073
430.123
459.025
366.445
347.673
332.868
326.034
325.196
328.524
334.328
341.894
350.707
360.343
370.517
381.077
391.999
403.388
415.478
428.646
443.445
460.548
480.813
505.333
535.378
572.481
617.744
677.942
737.612
294.266
289.384
280.732
273.198
268.171
266.07
266.671
269.829
274.531
280.431
287.401
295.409
304.486
314.706
326.185
339.124
353.993
370.703
389.482
410.669
434.766
462.26
494.386
531.504
581.553
)
;

boundaryField
{
    inlet
    {
        type            fixedValue;
        value           uniform 14.855;
    }
    outlet
    {
        type            zeroGradient;
    }
    upperWall
    {
        type            zeroGradient;
    }
    lowerWall
    {
        type            zeroGradient;
    }
    frontAndBack
    {
        type            empty;
    }
}


// ************************************************************************* //
