/*--------------------------------*- C++ -*----------------------------------*\
| =========                 |                                                 |
| \\      /  F ield         | OpenFOAM: The Open Source CFD Toolbox           |
|  \\    /   O peration     | Version:  1.4.2                                 |
|   \\  /    A nd           | Web:      http://www.openfoam.org               |
|    \\/     M anipulation  |                                                 |
\*---------------------------------------------------------------------------*/
FoamFile
{
    version     2.0;
    format      ascii;
    class       volScalarField;
    object      epsilon;
    location    "550";
}
// * * * * * * * * * * * * * * * * * * * * * * * * * * * * * * * * * * * * * //

dimensions      [0 2 -3 0 0 0 0];

internalField   nonuniform List<scalar> 
12225
(
443.026
353.451
290.585
245.345
212.187
187.592
169.243
155.569
145.482
138.207
133.179
129.981
128.296
127.876
128.525
130.078
132.404
135.666
60.1657
73.6156
79.5684
83.6959
87.7156
92.356
97.9715
104.744
112.772
122.107
132.769
144.751
158.016
172.5
188.109
204.703
222.041
240.183
26.2959
33.7101
37.8449
40.6833
42.9301
44.9532
46.9651
49.0936
51.4186
53.9908
56.8425
59.9916
63.4444
67.1952
71.2235
75.4859
79.8933
84.2826
18.7356
22.7237
25.4807
27.3757
28.8176
30.0124
31.0724
32.0709
33.0574
34.0646
35.114
36.2194
37.3879
38.6214
39.9161
41.2616
42.638
44.0014
16.1687
18.1636
19.9329
21.2922
22.3447
23.185
23.8874
24.505
25.0719
25.61
26.1341
26.6545
27.1779
27.7082
28.2465
28.7918
29.34
29.8727
15.2354
16.0865
17.0487
17.9372
18.6896
19.3119
19.8311
20.2729
20.6588
21.0055
21.3253
21.627
21.9164
22.1977
22.4732
22.744
23.0093
23.259
14.8942
15.1701
15.5865
16.0524
16.5066
16.9222
17.2902
17.6106
17.8897
18.1352
18.3544
18.5533
18.7367
18.9081
19.0703
19.2247
19.3713
19.504
14.7876
14.838
14.9916
15.2093
15.454
15.7013
15.9373
16.1549
16.3517
16.5284
16.6869
16.8298
16.9597
17.0789
17.1893
17.2924
17.3888
17.4747
14.7441
14.6884
14.7003
14.7662
14.8676
14.9884
15.1167
15.2444
15.3667
15.4812
15.5868
15.6836
15.7722
15.8534
15.9281
15.9973
16.0614
16.1189
14.7239
14.6134
14.5425
14.5091
14.5063
14.5262
14.5615
14.606
14.6553
14.7061
14.7563
14.8045
14.8501
14.8927
14.9324
14.9694
15.0037
15.0344
14.7149
14.579
14.4657
14.3758
14.3076
14.2585
14.2248
14.2034
14.1911
14.1853
14.1842
14.1861
14.1898
14.1947
14.2001
14.2056
14.2111
14.2159
14.7109
14.5642
14.4318
14.3142
14.211
14.1216
14.0448
13.9789
13.9226
13.8742
13.8325
13.7962
13.7644
13.7362
13.7109
13.6881
13.6673
13.6483
14.7089
14.5577
14.4176
14.2881
14.169
14.0599
13.9603
13.8696
13.787
13.7118
13.6432
13.5805
13.523
13.4702
13.4214
13.3763
13.3344
13.2959
14.7076
14.5544
14.4112
14.2771
14.1517
14.0344
13.9248
13.8224
13.7269
13.6378
13.5546
13.4768
13.4041
13.3361
13.2723
13.2124
13.1563
13.1044
14.7067
14.5523
14.4076
14.2717
14.1438
14.0234
13.91
13.803
13.7022
13.6071
13.5173
13.4325
13.3524
13.2767
13.2051
13.1373
13.0733
13.0138
14.706
14.5507
14.4052
14.2683
14.1394
14.0178
13.9028
13.7942
13.6913
13.5939
13.5015
13.4139
13.3308
13.2519
13.1769
13.1056
13.0381
12.9751
14.7055
14.5497
14.4036
14.2662
14.1367
14.0144
13.8988
13.7893
13.6856
13.5873
13.4939
13.4053
13.321
13.2408
13.1646
13.092
13.0231
12.9588
14.7053
14.5494
14.4031
14.2654
14.1356
14.013
13.8971
13.7874
13.6834
13.5847
13.491
13.402
13.3175
13.237
13.1605
13.0877
13.0186
12.9542
14.7055
14.5497
14.4035
14.266
14.1363
14.0139
13.8982
13.7888
13.6852
13.587
13.494
13.4057
13.322
13.2425
13.1671
13.0954
13.0276
12.9644
14.7059
14.5507
14.4051
14.2684
14.1397
14.0187
13.9047
13.7973
13.6962
13.6009
13.5111
13.4264
13.3465
13.2711
13.1999
13.1326
13.0692
13.0105
14.7068
14.5528
14.4093
14.2755
14.1511
14.0354
13.9281
13.8286
13.7364
13.6508
13.5712
13.4973
13.4284
13.3641
13.304
13.2477
13.1951
13.1468
14.7086
14.5589
14.4228
14.3001
14.1906
14.0933
14.007
13.9305
13.8625
13.8018
13.7472
13.6978
13.6528
13.6115
13.5734
13.5379
13.5048
13.4746
14.7142
14.5802
14.4708
14.3853
14.321
14.274
14.2406
14.2172
14.2011
14.1897
14.1814
14.1749
14.1692
14.1636
14.1579
14.1516
14.1449
14.1381
14.7358
14.6588
14.6349
14.6533
14.7003
14.7638
14.8347
14.9065
14.9751
15.038
15.094
15.1427
15.1843
15.2191
15.2478
15.2711
15.2897
15.3045
14.8205
14.9298
15.1379
15.3945
15.6599
15.912
16.1395
16.3379
16.5068
16.6488
16.7672
16.8656
16.947
17.0144
17.0701
17.1161
17.1543
17.1862
15.1412
15.7854
16.5168
17.2064
17.7957
18.2809
18.6739
18.9895
19.2423
19.4453
19.6093
19.7429
19.853
19.9447
20.0222
20.0887
20.1467
20.1979
16.3188
18.2993
19.9619
21.2348
22.1811
22.8821
23.4045
23.7999
24.1053
24.3458
24.5397
24.7001
24.8367
24.9569
25.0659
25.1678
25.2654
25.3602
20.7543
25.6373
28.6921
30.5982
31.8392
32.663
33.2219
33.6182
33.917
34.1605
34.3762
34.5819
34.7891
35.005
35.2341
35.4786
35.7392
36.015
43.961
54.4815
58.7072
60.4204
60.9757
60.9907
60.8465
60.7562
60.7868
60.9677
61.3079
61.8058
62.4539
63.2423
64.1591
65.192
66.3263
67.5545
332.626
280.253
240.732
210.192
186.153
166.941
151.387
138.654
128.131
119.363
112.008
105.802
100.539
96.0584
92.2311
88.9539
86.1433
83.7302
0.159421
0.224138
0.321743
0.424502
0.527332
0.63216
0.748155
0.892398
1.06355
1.26171
1.49025
1.75654
2.0757
2.43829
2.8432
3.29643
3.80115
4.35945
4.97299
5.64331
6.37198
7.16064
8.01117
8.92577
9.90715
10.9589
12.0856
13.2942
14.5939
15.9987
17.5297
19.2196
21.1213
23.3235
25.9782
29.3445
33.8503
36.5933
39.2692
42.0413
44.9265
47.928
51.0475
54.2862
57.6455
61.1264
64.7297
68.4564
72.3069
76.2815
80.3804
84.6032
88.9496
93.4186
98.0088
102.719
107.546
112.488
117.541
122.702
127.966
133.327
138.779
144.316
149.929
155.611
161.352
167.141
172.969
178.823
184.693
190.565
196.429
202.273
208.086
213.858
219.581
225.251
230.863
236.418
241.92
247.378
252.804
258.217
263.64
269.102
274.639
280.291
286.101
292.121
298.401
305
311.973
319.381
327.28
335.731
344.787
354.502
364.927
376.104
388.075
400.873
414.525
429.053
444.468
460.778
477.978
496.058
514.997
534.765
555.325
576.631
598.625
621.246
644.425
668.086
692.156
716.559
741.233
766.129
791.223
816.528
842.124
868.197
894.025
919.368
944.143
968.277
991.697
1014.33
1036.13
1057.02
1076.96
1095.89
1113.8
1130.61
1146.28
1160.68
1173.62
1184.85
1194.01
1200.52
1203.48
1201.72
1194.2
1180.04
1158.65
1146.24
1130.84
1106.78
1074.43
1035.35
991.41
944.47
896.161
847.827
800.499
754.912
711.555
670.719
632.543
597.05
564.184
533.841
505.878
480.137
456.453
434.657
414.58
396.06
378.938
363.063
348.281
334.437
321.487
309.276
297.507
285.743
273.417
257.693
0.556577
0.451169
0.46667
0.517668
0.595323
0.698432
0.828705
0.986818
1.176
1.39306
1.64054
1.92085
2.23594
2.58585
2.97078
3.39133
3.84798
4.34113
4.87125
5.43888
6.04478
6.68997
7.37578
8.10394
8.87668
9.69684
10.568
11.4947
12.4823
13.5375
14.6682
15.8833
17.193
18.6075
20.134
21.7658
23.454
25.0482
26.6453
28.2851
29.9796
31.7326
33.5453
35.4187
37.3533
39.3495
41.4076
43.528
45.7106
47.9555
50.2625
52.6312
55.0613
57.5519
60.1021
62.711
65.377
68.0985
70.8735
73.6998
76.5747
79.4955
82.4587
85.4608
88.4977
91.5652
94.6586
97.7731
100.904
104.045
107.191
110.338
113.48
116.613
119.732
122.834
125.916
128.977
132.018
135.039
138.044
141.038
144.029
147.025
150.039
153.085
156.178
159.337
162.581
165.931
169.41
173.041
176.847
180.851
185.076
189.543
194.273
199.284
204.59
210.205
216.138
222.395
228.978
235.886
243.112
250.649
258.482
266.595
274.968
283.579
292.404
301.416
310.589
319.898
329.319
338.832
348.422
358.08
367.808
377.619
387.54
397.617
407.926
418.572
429.46
440.302
451.062
461.719
472.252
482.64
492.864
502.905
512.745
522.366
531.748
540.87
549.7
558.188
566.257
573.779
580.56
586.323
590.641
592.97
592.513
588.486
580.061
570.041
557.804
542.535
524.409
503.95
481.791
458.574
434.892
411.25
388.055
365.617
344.152
323.805
304.654
286.732
270.036
254.534
240.178
226.908
214.658
203.358
192.936
183.324
174.453
166.26
158.684
151.673
145.244
139.388
134.094
129.451
125.843
124.536
1.07654
0.752627
0.733554
0.791742
0.89353
1.02824
1.1897
1.37901
1.59758
1.84632
2.12623
2.43815
2.78271
3.16029
3.5711
4.01536
4.49327
5.00518
5.55151
6.13285
6.75
7.40393
8.09585
8.82727
9.59992
10.4159
11.2775
12.1875
13.1487
14.1638
15.2352
16.3645
17.552
18.796
20.0927
21.4353
22.8121
24.2106
25.6422
27.1162
28.6373
30.2079
31.8291
33.5017
35.2261
37.0028
38.8322
40.7144
42.6496
44.638
46.6794
48.7738
50.9208
53.1201
55.3711
57.6731
60.0253
62.4266
64.8757
67.3713
69.9116
72.4948
75.1188
77.7813
80.4799
83.2118
85.9743
88.7643
91.5788
94.4146
97.2688
100.138
103.02
105.912
108.812
111.718
114.629
117.545
120.467
123.395
126.333
129.284
132.253
135.245
138.269
141.332
144.444
147.616
150.859
154.184
157.605
161.134
164.784
168.567
172.496
176.582
180.834
185.262
189.87
194.664
199.647
204.816
210.17
215.702
221.404
227.265
233.272
239.409
245.66
252.009
258.436
264.925
271.46
278.028
284.617
291.22
297.834
304.463
311.113
317.799
324.537
331.352
338.266
345.32
352.352
359.295
366.128
372.837
379.409
385.829
392.085
398.167
404.065
409.776
415.299
420.636
425.788
430.749
435.485
439.908
443.882
447.221
449.465
450.037
448.465
444.805
439.326
432.048
422.753
411.272
397.809
382.748
366.508
349.508
332.138
314.736
297.58
280.891
264.831
249.514
235.01
221.358
208.567
196.629
185.52
175.205
165.645
156.794
148.606
141.034
134.032
127.558
121.57
116.034
110.944
106.305
102.127
98.4765
95.5698
93.8685
1.76915
1.15027
1.08629
1.14706
1.26424
1.41691
1.60079
1.81495
2.05958
2.33517
2.64224
2.98124
3.35254
3.75646
4.19328
4.66327
5.16677
5.70422
6.27614
6.8832
7.52617
8.20597
8.92365
9.68036
10.4774
11.3161
12.198
13.1245
14.0969
15.1163
16.1834
17.2982
18.4599
19.6667
20.9168
22.2079
23.5384
24.9078
26.3188
27.7745
29.2769
30.8275
32.4272
34.0768
35.7767
37.5275
39.3297
41.1837
43.0896
45.0479
47.0586
49.1219
51.2378
53.4062
55.6269
57.8998
60.2243
62.6
65.0263
67.5023
70.0273
72.6001
75.2197
77.8846
80.5936
83.3452
86.1376
88.9693
91.8386
94.7437
97.6831
100.655
103.658
106.691
109.753
112.843
115.962
119.108
122.283
125.487
128.724
131.994
135.301
138.648
142.039
145.479
148.972
152.525
156.142
159.83
163.595
167.442
171.378
175.407
179.534
183.764
188.099
192.54
197.09
201.746
206.505
211.364
216.314
221.349
226.458
231.629
236.849
242.103
247.379
252.659
257.93
263.179
268.393
273.564
278.683
283.748
288.759
293.717
298.63
303.506
308.354
313.186
318.012
322.806
327.457
331.929
336.205
340.268
344.108
347.713
351.075
354.189
357.06
359.701
362.138
364.414
366.583
368.706
370.836
372.953
374.99
376.981
378.347
378.552
377.41
375.157
371.455
366.009
358.818
349.765
339.048
327.015
313.981
300.271
286.181
271.976
257.882
244.081
230.713
217.883
205.661
194.09
183.191
172.968
163.41
154.497
146.203
138.497
131.344
124.71
118.561
112.862
107.583
102.697
98.1933
94.0722
90.342
87.0437
84.2866
82.2285
2.61925
1.61795
1.48393
1.52819
1.64556
1.8092
2.00967
2.24332
2.5088
2.80576
3.1343
3.49468
3.88722
4.31232
4.77039
5.26189
5.78734
6.34733
6.9425
7.5736
8.2414
8.94675
9.69057
10.4738
11.2974
12.1623
13.0695
14.0198
15.014
16.0527
17.1361
18.2643
19.4369
20.6535
21.9136
23.2169
24.5636
25.9546
27.3913
28.875
30.4072
31.9889
33.621
35.3042
37.0392
38.8266
40.667
42.5611
44.5091
46.5117
48.5693
50.6822
52.8507
55.0751
57.3556
59.6924
62.0855
64.5349
67.0406
69.6024
72.22
74.8931
77.6214
80.4043
83.2415
86.1322
89.0758
92.0717
95.1193
98.2177
101.366
104.565
107.812
111.109
114.454
117.847
121.289
124.78
128.32
131.91
135.551
139.244
142.991
146.793
150.652
154.569
158.546
162.585
166.687
170.853
175.086
179.385
183.751
188.184
192.683
197.247
201.873
206.559
211.299
216.089
220.921
225.787
230.677
235.581
240.486
245.381
250.25
255.082
259.862
264.577
269.213
273.757
278.199
282.53
286.744
290.836
294.806
298.654
302.382
305.994
309.494
312.888
316.179
319.301
322.163
324.728
326.976
328.887
330.446
331.638
332.457
332.899
332.976
332.714
332.166
331.407
330.552
329.749
329.173
328.918
328.906
329.141
329.381
329.451
329.349
328.703
326.895
323.511
318.358
311.406
302.872
293.165
282.499
271.147
259.352
247.336
235.298
223.405
211.79
200.558
189.785
179.521
169.798
160.629
152.016
143.95
136.413
129.385
122.84
116.752
111.093
105.837
100.958
96.435
92.2556
88.4179
84.926
81.804
79.1079
76.8894
3.53645
2.11157
1.88103
1.89519
2.00788
2.17823
2.39097
2.63958
2.92116
3.23455
3.57941
3.95585
4.36424
4.80507
5.27896
5.78657
6.32863
6.9059
7.51919
8.1693
8.85706
9.58332
10.3489
11.1546
12.0014
12.8899
13.8209
14.7951
15.813
16.8753
17.9823
19.1343
20.3315
21.574
22.8623
24.1967
25.5779
27.0068
28.4846
30.0124
31.5911
33.2219
34.9055
36.6429
38.4348
40.282
42.1853
44.1453
46.1629
48.2387
50.3733
52.5675
54.8218
57.1368
59.5131
61.9513
64.4517
67.015
69.6414
72.3315
75.0854
77.9036
80.7863
83.7336
86.7459
89.8231
92.9656
96.1733
99.4464
102.785
106.189
109.659
113.195
116.796
120.464
124.199
128
131.868
135.804
139.808
143.879
148.02
152.228
156.506
160.852
165.266
169.748
174.297
178.911
183.588
188.327
193.124
197.977
202.882
207.834
212.828
217.859
222.919
228
233.093
238.188
243.274
248.337
253.364
258.341
263.253
268.086
272.826
277.461
281.977
286.359
290.594
294.67
298.578
302.31
305.859
309.222
312.395
315.376
318.162
320.753
323.145
325.338
327.229
328.728
329.79
330.385
330.487
330.069
329.11
327.596
325.52
322.89
319.735
316.13
312.162
307.997
303.894
299.921
296.297
293.267
291.038
289.761
289.628
290.299
291.028
291.116
289.985
287.252
282.758
276.586
269.005
260.405
251.061
241.176
230.94
220.537
210.128
199.851
189.817
180.112
170.796
161.914
153.489
145.534
138.049
131.026
124.453
118.311
112.58
107.239
102.265
97.6389
93.3421
89.3626
85.6964
82.3446
79.3204
76.6514
74.3486
4.42285
2.56412
2.24077
2.22676
2.33337
2.50746
2.72874
2.98815
3.28145
3.6067
3.96319
4.3509
4.77021
5.22173
5.70625
6.22464
6.77783
7.36676
7.99238
8.65562
9.35738
10.0985
10.8799
11.7024
12.5667
13.4737
14.424
15.4184
16.4574
17.5418
18.6721
19.8488
21.0726
22.3439
23.6635
25.0321
26.4507
27.9201
29.4415
31.0158
32.6442
34.3277
36.0671
37.8636
39.718
41.6314
43.6045
45.6385
47.7341
49.8923
52.1141
54.4003
56.7519
59.1699
61.655
64.2083
66.8305
69.5226
72.2855
75.12
78.027
81.0072
84.0614
87.1906
90.3953
93.6764
97.0346
100.471
103.985
107.579
111.252
115.006
118.841
122.758
126.756
130.837
135.001
139.248
143.579
147.993
152.49
157.07
161.731
166.474
171.297
176.198
181.174
186.224
191.344
196.529
201.777
207.082
212.439
217.842
223.284
228.759
234.258
239.774
245.296
250.813
256.314
261.783
267.207
272.568
277.851
283.035
288.105
293.046
297.848
302.5
306.981
311.274
315.365
319.242
322.894
326.311
329.486
332.411
335.077
337.474
339.592
341.419
342.935
344.004
344.532
344.466
343.763
342.386
340.294
337.454
333.833
329.413
324.185
318.168
311.472
304.136
296.271
288.103
279.891
272.062
265.134
259.643
256.281
255.172
255.725
257.235
258.921
260.01
259.87
258.101
254.579
249.424
242.935
235.507
227.404
218.797
209.856
200.748
191.618
182.59
173.763
165.214
156.998
149.154
141.704
134.658
128.018
121.777
115.926
110.448
105.329
100.55
96.0942
91.9474
88.098
84.5406
81.2742
78.3043
75.6425
73.2838
5.17394
2.94782
2.54976
2.51152
2.61128
2.78641
3.01259
3.27876
3.57953
3.91232
4.27609
4.67066
5.09642
5.55406
6.04448
6.56871
7.12785
7.72299
8.35522
9.02558
9.73508
10.4847
11.2753
12.1078
12.9831
13.902
14.8653
15.8738
16.9283
18.0295
19.1782
20.3752
21.6214
22.9174
24.2643
25.663
27.1145
28.6199
30.1803
31.7969
33.4706
35.2028
36.9944
38.8466
40.7606
42.7374
44.7782
46.8842
49.0564
51.2962
53.6046
55.9829
58.4322
60.9539
63.5491
66.2192
68.9653
71.7887
74.6908
77.6727
80.7359
83.8814
87.1107
90.425
93.8254
97.3133
100.89
104.556
108.314
112.163
116.105
120.142
124.273
128.5
132.824
137.244
141.762
146.377
151.089
155.898
160.804
165.805
170.901
176.088
181.366
186.731
192.18
197.709
203.314
208.99
214.731
220.532
226.386
232.287
238.227
244.199
250.196
256.209
262.23
268.249
274.252
280.226
286.154
292.02
297.803
303.476
309.018
314.414
319.655
324.749
329.653
334.342
338.796
342.999
346.938
350.597
353.964
357.024
359.761
362.157
364.193
365.841
367.04
367.625
367.511
366.635
364.945
362.391
358.921
354.482
349.021
342.501
334.884
326.141
316.28
305.357
293.514
281.06
268.266
255.812
244.379
235.122
228.783
225.341
224.521
225.794
228.373
231.31
233.681
234.76
234.127
231.684
227.598
222.202
215.897
208.903
201.387
193.52
185.464
177.358
169.322
161.448
153.81
146.459
139.429
132.743
126.41
120.433
114.807
109.522
104.568
99.9313
95.5979
91.5556
87.7943
84.3078
81.0931
78.1511
75.4837
73.0801
5.8035
3.26615
2.80489
2.74458
2.83614
3.00935
3.23673
3.50559
3.80964
4.14577
4.51265
4.90995
5.33801
5.79754
6.2895
6.81502
7.37526
7.97144
8.60476
9.27636
9.98736
10.7388
11.5318
12.3673
13.2463
14.1697
15.1384
16.1535
17.2158
18.3263
19.4859
20.6956
21.9564
23.2694
24.6356
26.0562
27.5323
29.0652
30.656
32.3061
34.0167
35.7891
37.6245
39.5243
41.4899
43.5225
45.6234
47.7942
50.0362
52.3509
54.7396
57.204
59.7454
62.3656
65.066
67.8482
70.7139
73.6647
76.7022
79.8281
83.0441
86.3519
89.7531
93.2494
96.8424
100.534
104.325
108.218
112.214
116.314
120.52
124.833
129.253
133.783
138.422
143.171
148.03
153
158.079
163.268
168.565
173.969
179.478
185.088
190.798
196.604
202.501
208.486
214.552
220.693
226.905
233.18
239.512
245.893
252.317
258.779
265.272
271.79
278.329
284.883
291.443
297.997
304.525
311.016
317.458
323.795
329.998
336.045
341.922
347.615
353.099
358.35
363.347
368.071
372.503
376.625
380.419
383.862
386.931
389.597
391.83
393.576
394.691
395.003
394.442
392.944
390.445
386.885
382.199
376.316
369.155
360.655
350.748
339.411
326.614
312.362
296.807
280.479
263.418
246.678
231.317
218.185
207.894
200.838
197.214
196.865
199.178
203.152
207.6
211.415
213.782
214.286
212.883
209.801
205.414
200.103
194.051
187.442
180.455
173.254
165.979
158.746
151.645
144.744
138.093
131.724
125.658
119.904
114.466
109.339
104.517
99.9907
95.7497
91.784
88.0846
84.6451
81.4612
78.5306
75.8496
73.406
6.29911
3.51619
3.00385
2.92377
3.00588
3.17429
3.39921
3.66676
3.97
4.3054
4.67138
5.06746
5.49387
5.95129
6.44066
6.96311
7.51986
8.11215
8.74124
9.40839
10.1148
10.8617
11.6502
12.4814
13.3565
14.2765
15.2427
16.2559
17.3174
18.4283
19.5897
20.8028
22.0688
23.3889
24.7644
26.1965
27.6868
29.2365
30.847
32.5198
34.2564
36.0582
37.9267
39.8635
41.8701
43.9481
46.0992
48.325
50.6272
53.0075
55.4676
58.0095
60.6349
63.3457
66.1438
69.0312
72.0098
75.0817
78.2488
81.5132
84.877
88.3421
91.9106
95.5845
99.3659
103.257
107.259
111.374
115.604
119.95
124.415
128.999
133.703
138.529
143.477
148.547
153.739
159.054
164.49
170.047
175.723
181.515
187.422
193.44
199.565
205.793
212.119
218.537
225.042
231.627
238.285
245.01
251.794
258.63
265.513
272.439
279.405
286.409
293.453
300.54
307.671
314.846
322.026
329.166
336.238
343.204
350.034
356.704
363.193
369.481
375.547
381.365
386.913
392.168
397.108
401.71
405.951
409.802
413.231
416.203
418.684
420.593
421.682
421.795
420.871
418.84
415.629
411.169
405.383
398.187
389.476
379.141
367.068
353.347
337.953
320.788
301.97
282.548
262.654
243.148
224.721
208.047
193.752
182.511
174.975
171.539
172.074
175.805
181.451
187.547
192.808
196.377
197.89
197.389
195.173
191.66
187.162
181.874
175.999
169.727
163.223
156.629
150.058
143.595
137.305
131.236
125.417
119.867
114.597
109.609
104.901
100.467
96.3016
92.3958
88.7427
85.3356
82.1697
79.2407
76.5419
74.0616
6.6537
3.69634
3.14598
3.04907
3.12092
3.28203
3.50115
3.76371
4.06229
4.39312
4.75439
5.14546
5.56645
6.01792
6.50073
7.01595
7.56478
8.14845
8.76827
9.42554
10.1216
10.8576
11.635
12.4549
13.3187
14.2276
15.1829
16.1857
17.2376
18.3396
19.4933
20.6999
21.9609
23.2776
24.6517
26.0846
27.5779
29.1331
30.7519
32.4361
34.1872
36.0071
37.8974
39.8601
41.8969
44.0097
46.2005
48.4713
50.8239
53.2606
55.7834
58.3945
61.096
63.8901
66.7793
69.7657
72.8518
76.0399
79.3323
82.7315
86.2398
89.8597
93.5935
97.4436
101.412
105.502
109.714
114.052
118.516
123.11
127.834
132.689
137.678
142.801
148.058
153.449
158.974
164.633
170.424
176.346
182.397
188.573
194.872
201.29
207.821
214.461
221.204
228.043
234.972
241.983
249.069
256.223
263.435
270.7
278.013
285.371
292.774
300.227
307.74
315.329
323.015
330.745
338.469
346.147
353.745
361.23
368.574
375.75
382.734
389.502
396.031
402.295
408.268
413.926
419.241
424.188
428.74
432.865
436.526
439.69
442.336
444.359
445.372
445.3
444.048
441.532
437.67
432.377
425.564
417.133
406.965
394.887
380.65
364.686
346.955
327.533
306.796
285.342
263.595
242.153
221.541
202.28
184.903
170.05
158.503
151.096
148.396
150.286
155.781
163.262
170.983
177.537
182.095
184.4
184.603
183.077
180.254
176.384
171.692
166.398
160.702
154.771
148.742
142.724
136.799
131.028
125.452
120.102
114.993
110.136
105.533
101.184
97.0854
93.2312
89.6158
86.2333
83.0786
80.1464
77.4285
74.9147
6.86733
3.80744
3.23248
3.12224
3.18367
3.3356
3.54618
3.80054
4.0911
4.4139
4.76698
5.14956
5.56158
6.00347
6.47597
6.98004
7.5168
8.08746
8.69331
9.33568
10.0159
10.7354
11.4955
12.2977
13.1433
14.0338
14.9706
15.9551
16.9889
18.0734
19.2103
20.4011
21.6475
22.9511
24.3137
25.7371
27.2231
28.7735
30.3904
32.0755
33.8311
35.659
37.5614
39.5404
41.5983
43.7372
45.9595
48.2674
50.6635
53.15
55.7296
58.4048
61.1781
64.0523
67.0299
70.1136
73.3064
76.6108
80.0296
83.5657
87.2217
91.0003
94.9044
98.9364
103.099
107.395
111.826
116.395
121.103
125.954
130.948
136.087
141.372
146.803
152.381
158.104
163.974
169.987
176.144
182.441
188.875
195.443
202.141
208.963
215.905
222.958
230.117
237.374
244.72
252.149
259.652
267.222
274.845
282.516
290.231
297.988
305.791
313.648
321.578
329.619
337.755
345.919
354.064
362.148
370.138
378.001
385.709
393.232
400.545
407.622
414.436
420.963
427.172
433.039
438.533
443.628
448.295
452.502
456.212
459.41
462.089
464.068
464.966
464.687
463.108
460.104
455.602
449.491
441.659
431.998
420.398
406.735
390.958
373.258
353.748
332.659
310.376
287.364
264.117
241.159
218.976
198.019
178.711
161.504
146.979
135.942
129.372
128.011
131.722
139.235
148.561
157.719
165.275
170.519
173.347
174.031
173.014
170.668
167.246
163
158.162
152.932
147.475
141.923
136.378
130.915
125.591
120.444
115.5
110.775
106.278
102.013
97.9789
94.1738
90.5935
87.2328
84.0872
81.1508
78.4153
75.8723
6.94424
3.85228
3.26614
3.14657
3.19815
3.33979
3.53985
3.78356
4.06336
4.37526
4.7172
5.08825
5.48821
5.91732
6.37618
6.86562
7.38667
7.94046
8.52827
9.15141
9.81128
10.5093
11.2471
12.0259
12.8476
13.7135
14.6254
15.5849
16.5937
17.6535
18.7662
19.9336
21.1576
22.4402
23.7835
25.1895
26.6604
28.1983
29.8056
31.4846
33.2376
35.0671
36.9755
38.9655
41.0397
43.2006
45.451
47.7938
50.2318
52.7678
55.4048
58.1459
60.994
63.9524
67.024
70.2121
73.5198
76.9503
80.5068
84.1924
88.0102
91.9633
96.0545
100.287
104.663
109.186
113.858
118.681
123.658
128.791
134.081
139.53
145.138
150.907
156.834
162.919
169.16
175.556
182.104
188.801
195.643
202.626
209.743
216.989
224.357
231.838
239.424
247.106
254.876
262.723
270.64
278.623
286.648
294.709
302.804
310.932
319.098
327.312
335.601
344.009
352.489
360.977
369.424
377.789
386.036
394.134
402.051
409.759
417.231
424.44
431.357
437.957
444.21
450.089
455.566
460.614
465.205
469.307
472.891
475.971
478.536
480.296
480.961
480.39
478.439
474.976
469.895
463.065
454.359
443.658
430.865
415.916
398.818
379.668
358.641
336.033
312.244
287.754
263.094
238.805
215.392
193.29
172.86
154.41
138.265
124.906
115.143
110.102
110.677
116.614
126.257
137.254
147.497
155.657
161.23
164.295
165.235
164.524
162.463
159.337
155.416
150.935
146.088
141.033
135.892
130.758
125.7
120.769
116
111.415
107.031
102.854
98.8881
95.1346
91.5911
88.2537
85.1187
82.1805
79.4312
76.8642
6.89159
3.83503
3.2509
3.12646
3.16957
3.30079
3.4893
3.72082
3.98802
4.28698
4.61559
4.97283
5.35832
5.77219
6.21484
6.68699
7.18954
7.72356
8.29027
8.89099
9.52714
10.2002
10.9118
11.6636
12.4573
13.2945
14.1772
15.1073
16.0867
17.1173
18.2013
19.3408
20.5381
21.7955
23.1155
24.5004
25.9528
27.4754
29.0709
30.742
32.4916
34.3225
36.2379
38.2406
40.334
42.5211
44.8052
47.1898
49.6781
52.2736
54.9798
57.8004
60.7387
63.7986
66.9837
70.2975
73.7438
77.3261
81.0481
84.9133
88.9251
93.0867
97.4015
101.872
106.502
111.294
116.25
121.373
126.664
132.126
137.76
143.568
149.55
155.71
162.038
168.533
175.195
182.021
189.007
196.15
203.443
210.88
218.455
226.159
233.984
241.919
249.955
258.081
266.286
274.559
282.888
291.265
299.673
308.106
316.557
325.025
333.515
342.039
350.623
359.311
368.042
376.754
385.396
393.927
402.312
410.516
418.51
426.263
433.748
440.936
447.801
454.316
460.454
466.188
471.492
476.343
480.714
484.573
487.912
490.767
493.084
494.524
494.866
493.94
491.588
487.666
482.03
474.528
465.014
453.359
439.463
423.276
404.813
384.173
361.572
337.353
311.971
285.966
259.925
234.432
210.015
187.111
166.049
147.053
130.285
115.932
104.397
96.5374
93.6584
96.7171
105.16
116.842
129.125
139.954
148.256
153.793
156.826
157.835
157.213
155.277
152.332
148.649
144.453
139.93
135.223
130.443
125.674
120.977
116.398
111.967
107.706
103.626
99.7374
96.0422
92.5412
89.2322
86.1125
83.1776
80.4202
77.8358
6.71812
3.76075
3.19157
3.06724
3.1042
3.22591
3.40303
3.622
3.87591
4.16101
4.47523
4.81748
5.1873
5.58464
6.00978
6.46328
6.94594
7.45877
8.00295
8.57982
9.19083
9.83757
10.5217
11.2451
12.0095
12.817
13.6696
14.5695
15.5191
16.5206
17.5761
18.6884
19.8602
21.0941
22.3932
23.7602
25.1984
26.7108
28.3008
29.9716
31.7266
33.5695
35.5038
37.5333
39.6616
41.8928
44.2307
46.6794
49.243
51.9255
54.7311
57.6641
60.7287
63.9291
67.2696
70.7544
74.3876
78.1734
82.1157
86.2184
90.4852
94.9195
99.5247
104.304
109.26
114.395
119.711
125.211
130.896
136.768
142.826
149.072
155.504
162.121
168.92
175.897
183.048
190.37
197.856
205.502
213.299
221.24
229.316
237.516
245.831
254.247
262.754
271.338
279.985
288.684
297.42
306.183
314.958
323.737
332.513
341.284
350.054
358.836
367.651
376.538
385.434
394.277
403.017
411.613
420.028
428.229
436.185
443.867
451.246
458.297
464.992
471.308
477.218
482.7
487.731
492.292
496.356
499.902
502.942
505.519
507.487
508.523
508.44
507.059
504.209
499.719
493.416
485.121
474.663
461.896
446.712
429.061
408.973
386.588
362.183
336.167
309.077
281.528
254.172
227.628
202.441
179.037
157.71
138.625
121.842
107.375
95.3138
86.0553
80.6012
80.4547
86.4462
97.454
110.808
123.784
134.61
142.589
147.765
150.555
151.43
150.737
148.817
145.977
142.474
138.518
134.277
129.88
125.425
120.986
116.617
112.357
108.234
104.266
100.465
96.8379
93.3881
90.1153
87.0185
84.0942
81.3364
78.7426
6.43711
3.63568
3.09391
2.97517
3.00933
3.12382
3.29113
3.49872
3.74023
4.01216
4.31255
4.64029
4.99489
5.37633
5.78466
6.22018
6.68371
7.17626
7.69902
8.25339
8.8409
9.46324
10.1223
10.82
11.5584
12.3399
13.1666
14.0413
14.9664
15.9447
16.9791
18.0726
19.2284
20.4499
21.7406
23.1039
24.5438
26.0639
27.6682
29.361
31.1463
33.0284
35.012
37.1014
39.3014
41.6166
44.0519
46.6122
49.3024
52.1274
55.0923
58.202
61.4615
64.8757
68.4495
72.1876
76.0948
80.1756
84.4341
88.8745
93.5003
98.3151
103.322
108.523
113.921
119.518
125.315
131.313
137.513
143.915
150.517
157.318
164.316
171.506
178.885
186.447
194.187
202.096
210.168
218.395
226.767
235.273
243.902
252.642
261.48
270.402
279.394
288.439
297.525
306.635
315.756
324.875
333.978
343.057
352.104
361.118
370.102
379.069
388.038
397.037
405.999
414.869
423.598
432.148
440.483
448.569
456.378
463.88
471.049
477.861
484.292
490.32
495.922
501.081
505.778
509.994
513.706
516.905
519.624
521.851
523.348
523.844
523.165
521.128
517.545
512.22
504.948
495.521
483.743
469.456
452.56
433.014
410.887
386.39
359.893
331.894
303.021
273.973
245.45
218.095
192.441
168.88
147.653
128.859
112.482
98.4292
86.6166
77.1133
70.423
67.8138
70.9233
80.0908
93.3698
107.715
120.644
130.879
138.142
142.718
145.104
145.681
144.819
142.855
140.079
136.725
132.982
128.997
124.884
120.727
116.59
112.522
108.556
104.715
101.017
97.4716
94.0846
90.8586
87.7945
84.8902
82.1414
79.5473
6.07123
3.46846
2.96531
2.85819
2.8942
3.00544
3.16656
3.36615
3.59845
3.86027
4.14972
4.46571
4.80767
5.17548
5.56929
5.98958
6.43715
6.91307
7.41862
7.95533
8.52492
9.12928
9.77049
10.4508
11.1727
11.9387
12.7516
13.6144
14.5302
15.5024
16.5345
17.6303
18.7938
20.029
21.3403
22.7322
24.2093
25.7764
27.4386
29.201
31.0687
33.0474
35.1426
37.36
39.7055
42.1849
44.8043
47.5697
50.487
53.5623
56.8015
60.2105
63.795
67.5607
71.513
75.6571
79.998
84.5402
89.2879
94.2448
99.4138
104.798
110.398
116.217
122.254
128.51
134.985
141.677
148.585
155.706
163.037
170.573
178.308
186.236
194.35
202.64
211.098
219.713
228.476
237.373
246.394
255.525
264.752
274.06
283.434
292.857
302.314
311.788
321.263
330.724
340.156
349.547
358.885
368.161
377.37
386.511
395.591
404.623
413.63
422.601
431.483
440.228
448.796
457.15
465.256
473.085
480.609
487.802
494.639
501.1
507.162
512.809
518.022
522.786
527.085
530.901
534.213
537.028
539.361
541.09
541.87
541.559
539.978
536.931
532.21
525.59
516.837
505.718
492.025
475.601
456.398
434.409
409.762
382.761
353.884
323.76
293.116
262.718
233.295
205.481
179.764
156.472
135.768
117.672
102.089
88.8504
77.7626
68.7111
61.8582
57.9647
58.6708
65.4424
77.6167
92.4139
106.831
118.968
128.136
134.424
138.279
140.114
140.315
139.247
137.221
134.496
131.28
127.736
123.991
120.143
116.264
112.41
108.621
104.927
101.349
97.9001
94.5898
91.4236
88.404
85.5311
82.8021
80.2181
5.65766
3.27319
2.81706
2.72825
2.77253
2.88686
3.04795
3.24562
3.47469
3.7322
4.01638
4.32624
4.66136
5.02174
5.40779
5.82021
6.26005
6.72861
7.22747
7.75846
8.32363
8.92526
9.56586
10.2481
10.975
11.7497
12.5756
13.4565
14.3964
15.3996
16.4707
17.6146
18.8366
20.1419
21.5364
23.0259
24.6165
26.3146
28.1268
30.0598
32.1205
34.3162
36.6543
39.1422
41.7875
44.5978
47.5808
50.7441
54.0949
57.6404
61.3875
65.3429
69.5129
73.9033
78.5196
83.3667
88.4488
93.7695
99.3314
105.136
111.185
117.476
124.01
130.784
137.796
145.04
152.514
160.211
168.127
176.255
184.585
193.109
201.816
210.695
219.733
228.916
238.233
247.668
257.207
266.835
276.537
286.297
296.101
305.93
315.767
325.596
335.399
345.159
354.862
364.493
374.042
383.5
392.858
402.109
411.251
420.293
429.24
438.121
446.92
455.61
464.157
472.527
480.685
488.603
496.251
503.602
510.632
517.319
523.64
529.578
535.115
540.234
544.923
549.167
552.948
556.243
559.04
561.337
563.043
563.844
563.542
561.999
559.033
554.435
547.969
539.385
528.427
514.858
498.477
479.155
456.879
431.787
404.105
374.266
342.881
310.695
278.517
247.149
217.306
189.566
164.338
141.846
122.154
105.186
90.7682
78.667
68.629
60.4482
54.0843
49.8936
49.1203
53.6497
64.0957
78.4854
93.6702
107.216
117.985
125.81
131.032
134.069
135.311
135.134
133.869
131.792
129.126
126.049
122.7
119.186
115.59
111.974
108.386
104.859
101.419
98.0851
94.8678
91.7762
88.815
85.9863
83.2893
80.7268
5.31706
3.10548
2.69271
2.6256
2.68467
2.81023
2.98054
3.18602
3.42174
3.68493
3.97409
4.28854
4.62822
4.99358
5.38545
5.80506
6.25394
6.73393
7.24714
7.79597
8.38306
9.01132
9.68392
10.4043
11.1764
12.0042
12.8924
13.8458
14.8701
15.9711
17.1553
18.4296
19.8011
21.2777
22.8672
24.578
26.4185
28.3977
30.5246
32.8084
35.2589
37.8858
40.6992
43.7089
46.925
50.3574
54.0153
57.9079
62.0433
66.4291
71.0721
75.9783
81.1527
86.5994
92.3216
98.321
104.599
111.154
117.984
125.086
132.454
140.08
147.958
156.078
164.43
173.004
181.789
190.774
199.949
209.3
218.813
228.472
238.259
248.159
258.153
268.225
278.355
288.528
298.726
308.932
319.131
329.307
339.445
349.527
359.537
369.457
379.274
388.973
398.543
407.975
417.265
426.415
435.423
444.283
452.999
461.602
470.08
478.43
486.641
494.697
502.576
510.255
517.708
524.909
531.836
538.465
544.774
550.745
556.356
561.592
566.435
570.87
574.88
578.445
581.541
584.138
586.21
587.659
588.233
587.643
585.789
582.509
577.6
570.827
561.928
550.638
536.707
519.922
500.136
477.283
451.448
422.883
391.973
359.311
325.644
291.814
258.672
227.005
197.462
170.519
146.456
125.373
107.214
91.8043
78.8958
68.2023
59.4357
52.3525
46.8166
42.9464
41.5825
44.5179
53.1813
66.5949
81.8607
96.2309
108.171
117.241
123.637
127.748
129.949
130.616
130.087
128.649
126.537
123.937
120.998
117.837
114.543
111.186
107.817
104.477
101.195
97.993
94.886
91.8851
88.9976
86.2275
83.5761
81.0482
5.00627
2.95128
2.58679
2.54836
2.62869
2.7722
2.95911
3.18008
3.43033
3.70736
4.01009
4.33836
4.69268
5.07416
5.48436
5.92525
6.39917
6.90879
7.4571
8.04739
8.68322
9.36847
10.1074
10.9045
11.7652
12.695
13.7004
14.7885
15.9672
17.2451
18.6318
20.1374
21.7728
23.5494
25.479
27.5738
29.8462
32.309
34.975
37.8574
40.9692
44.324
47.9348
51.8145
55.9753
60.4285
65.1842
70.2512
75.6359
81.3432
87.3762
93.7363
100.423
107.434
114.765
122.411
130.363
138.613
147.149
155.956
165.018
174.319
183.84
193.562
203.468
213.539
223.757
234.11
244.582
255.154
265.805
276.514
287.26
298.02
308.775
319.504
330.19
340.814
351.361
361.815
372.16
382.388
392.485
402.435
412.223
421.836
431.263
440.496
449.531
458.365
467.004
475.475
483.778
491.903
499.853
507.638
515.261
522.722
530.018
537.139
544.074
550.805
557.313
563.578
569.581
575.3
580.716
585.81
590.562
594.953
598.964
602.575
605.76
608.486
610.714
612.394
613.41
613.552
612.476
610.098
606.276
600.817
593.493
584.046
572.204
557.715
540.369
520.023
496.625
470.188
440.885
409.09
375.369
340.458
305.206
270.499
237.176
205.951
177.368
151.766
129.29
109.912
93.4688
79.7072
68.3248
59.0056
51.449
45.3984
40.6829
37.2862
35.7304
37.4982
44.3918
56.3949
71.1569
85.8367
98.5686
108.63
116.035
121.115
124.211
125.686
125.877
125.075
123.519
121.407
118.892
116.099
113.124
110.041
106.909
103.773
100.665
97.6108
94.6293
91.7336
88.9334
86.235
83.6417
81.1601
4.71231
2.8105
2.50471
2.50527
2.61589
2.78796
3.00364
3.25327
3.53153
3.8364
4.16749
4.52552
4.91207
5.3294
5.78036
6.26833
6.79717
7.37117
7.99507
8.67399
9.4134
10.2191
11.0975
12.0557
13.1018
14.2448
15.4951
16.8646
18.3666
20.0161
21.8292
23.8236
26.0179
28.4315
31.0847
33.9975
37.1899
40.6809
44.4895
48.6338
53.1311
57.9978
63.2483
68.895
74.9478
81.4134
88.2953
95.5931
103.302
111.411
119.91
128.784
138.016
147.585
157.47
167.648
178.097
188.793
199.708
210.811
222.073
233.461
244.948
256.506
268.109
279.735
291.366
302.995
314.612
326.191
337.707
349.134
360.45
371.632
382.663
393.525
404.203
414.689
424.97
435.031
444.863
454.476
463.86
472.996
481.871
490.479
498.819
506.892
514.702
522.257
529.571
536.664
543.551
550.243
556.747
563.072
569.227
575.216
581.046
586.716
592.219
597.543
602.675
607.599
612.295
616.745
620.93
624.828
628.417
631.673
634.569
637.072
639.139
640.712
641.722
642.028
641.411
639.526
636.299
631.598
625.246
617.023
606.68
593.947
578.569
560.337
539.13
514.921
487.674
457.527
424.811
390.059
353.986
317.436
281.311
246.488
213.736
183.655
156.64
132.88
112.374
94.9733
80.4224
68.4063
58.5886
50.6416
44.2683
39.2225
35.3101
32.4493
30.9371
31.8875
37.1304
47.4405
61.2168
75.7501
88.9328
99.7586
108.038
114.003
117.952
120.22
121.132
120.976
119.996
118.391
116.323
113.922
111.288
108.503
105.629
102.716
99.8
96.9115
94.072
91.2969
88.5984
85.9851
83.4624
81.0388
4.43123
2.69947
2.47319
2.52573
2.68411
2.9046
3.17054
3.47291
3.80373
4.16199
4.54877
4.96655
5.41889
5.91042
6.44669
7.03407
7.67974
8.39177
9.17918
10.0518
11.0201
12.0948
13.2882
14.6139
16.088
17.7287
19.5574
21.5988
23.8814
26.4368
29.2992
32.5048
36.0911
40.0955
44.555
49.5033
54.9693
60.976
67.5415
74.6787
82.3952
90.6924
99.5651
109.001
118.982
129.482
140.472
151.919
163.778
176.002
188.544
201.358
214.394
227.606
240.946
254.372
267.857
281.375
294.879
308.326
321.674
334.891
347.947
360.819
373.488
385.939
398.174
410.224
422.101
433.757
445.158
456.283
467.112
477.633
487.836
497.713
507.262
516.496
525.403
533.969
542.184
550.052
557.577
564.761
571.606
578.12
584.311
590.193
595.779
601.088
606.139
610.959
615.577
620.018
624.289
628.403
632.375
636.217
639.945
643.565
647.071
650.458
653.711
656.818
659.762
662.522
665.075
667.396
669.453
671.213
672.632
673.648
674.194
674.155
673.383
671.608
668.554
664.13
658.214
650.635
641.181
629.612
615.666
599.086
579.657
557.259
531.912
503.599
472.421
438.673
402.854
365.649
327.89
290.483
254.328
220.231
188.839
160.592
135.715
114.234
96.009
80.7845
68.234
58.0034
49.7431
43.1311
37.8882
33.7863
30.6242
28.2968
26.9554
27.3764
31.1839
39.6755
52.0815
66.0424
79.3293
90.6764
99.6769
106.427
111.173
114.207
115.833
116.33
115.939
114.862
113.263
111.275
109.007
106.542
103.948
101.278
98.5747
95.8697
93.1884
90.5501
87.9684
85.4542
83.0151
80.6619
4.14944
2.65351
2.54015
2.67787
2.9198
3.22975
3.59294
3.99994
4.4372
4.90608
5.41126
5.95939
6.55876
7.21996
7.95582
8.78113
9.71286
10.7708
11.9779
13.3607
14.9473
16.7669
18.8518
21.2405
23.9773
27.1116
30.7006
34.8112
39.5177
44.8978
51.0283
57.982
65.8235
74.6044
84.3597
95.1053
106.825
119.476
133.002
147.328
162.373
178.044
194.247
210.879
227.842
245.037
262.393
279.843
297.292
314.657
331.868
348.86
365.572
381.952
397.954
413.548
428.787
443.703
458.205
472.247
485.806
498.868
511.431
523.497
535.075
546.183
556.869
567.143
577.01
586.458
595.481
604.077
612.247
619.994
627.325
634.244
640.765
646.93
652.719
658.114
663.117
667.743
672.006
675.922
679.506
682.774
685.742
688.427
690.848
693.025
694.979
696.737
698.326
699.792
701.132
702.363
703.507
704.586
705.628
706.639
707.615
708.548
709.43
710.248
710.985
711.617
712.113
712.435
712.537
712.365
711.848
710.873
709.308
706.979
703.575
698.929
692.928
685.437
676.285
665.264
652.139
636.659
618.571
597.657
573.78
546.971
517.318
484.904
449.996
413.059
374.752
335.886
297.359
260.08
224.876
192.423
163.191
137.434
115.192
96.3343
80.6016
67.6572
57.1312
48.6561
41.8907
36.5352
32.3401
29.0883
26.5969
24.7605
23.6427
23.7498
26.381
33.0607
43.8086
56.8039
69.8442
81.4511
90.9963
98.4177
103.889
107.65
109.974
111.123
111.33
110.796
109.685
108.133
106.252
104.13
101.838
99.4338
96.9625
94.46
91.9547
89.4686
87.0189
84.6184
82.2768
80.0069
3.82351
2.78665
2.87153
3.16572
3.57627
4.08924
4.69154
5.36121
6.07608
6.8435
7.68
8.60624
9.64655
10.8341
12.2109
13.8276
15.7445
18.0348
20.7884
24.1126
28.1218
32.9286
38.6534
45.4326
53.4129
62.7304
73.535
85.9707
100.155
116.158
133.985
153.584
174.841
197.587
221.609
246.722
272.622
298.992
325.534
351.986
378.118
403.736
428.68
452.821
476.06
498.334
519.749
540.404
560.144
578.948
596.778
613.604
629.414
644.208
658.002
670.828
682.742
693.807
704.063
713.549
722.304
730.369
737.785
744.59
750.822
756.529
761.821
766.662
771.049
774.999
778.536
781.684
784.468
786.91
789.026
790.833
792.34
793.505
794.361
794.951
795.301
795.431
795.356
795.09
794.643
794.025
793.244
792.308
791.227
790.007
788.659
787.193
785.608
783.886
782.073
780.198
778.287
776.364
774.457
772.579
770.723
768.89
767.076
765.27
763.453
761.594
759.65
757.563
755.26
752.643
749.611
745.986
741.53
736.04
729.386
721.423
711.999
700.933
688.019
673.026
655.71
635.829
613.173
587.595
559.088
527.857
494.037
457.874
419.809
380.474
340.653
301.23
263.102
227.102
193.913
164.022
137.692
114.973
95.7327
79.7072
66.5496
55.8774
47.3091
40.4896
35.1052
30.8905
27.6261
25.1122
23.1983
21.7898
20.9024
20.8459
22.5704
27.5614
36.4707
48.1488
60.5883
72.1736
82.0641
90.0218
96.1297
100.564
103.558
105.348
106.156
106.175
105.568
104.472
102.999
101.241
99.2735
97.1561
94.9377
92.6575
90.3467
88.0301
85.7276
83.4547
81.2239
79.0507
3.41456
3.73121
4.30584
5.01237
5.94986
7.19425
8.72071
10.4386
12.3293
14.4218
16.8013
19.5688
22.8374
26.7775
31.6181
37.6414
45.1843
54.6466
66.4904
81.2152
99.2801
120.943
146.319
175.435
208.195
244.315
283.695
325.902
370.27
416.024
462.361
508.508
553.765
597.532
639.358
679.77
718.005
753.587
786.298
816.068
842.928
866.968
888.322
907.149
923.621
937.919
950.244
960.796
969.765
977.416
983.73
988.757
992.588
995.328
997.093
997.992
998.134
997.62
996.539
994.968
992.975
990.621
987.956
985.024
981.862
978.493
974.826
970.944
966.91
962.769
958.554
954.291
949.998
945.691
941.38
937.073
932.776
928.489
924.215
919.955
915.712
911.485
907.275
903.08
898.896
894.719
890.544
886.364
882.173
877.965
873.735
869.478
865.192
860.87
856.516
852.135
847.733
843.317
838.868
834.393
829.924
825.473
821.04
816.615
812.172
807.672
803.057
798.247
793.141
787.597
781.416
774.467
766.592
757.625
747.409
735.771
722.523
707.456
690.345
670.958
649.068
624.48
597.059
566.784
533.838
498.538
461.123
422.016
381.82
341.295
301.294
262.693
226.304
192.802
162.666
136.154
113.312
94.001
77.9488
64.7994
54.1608
45.643
38.8833
33.561
29.4034
26.187
23.7108
21.8156
20.3817
19.3308
18.6549
18.532
19.6021
23.1255
30.1411
40.2123
51.7015
62.9628
72.9723
81.311
87.9441
92.9809
96.6013
99.0119
100.414
100.99
100.898
100.272
99.2262
97.8534
96.2305
94.4209
92.476
90.4379
88.3406
86.2116
84.0732
81.9436
79.8378
77.7748
3.05815
12.6327
15.9378
18.6208
22.4907
28.336
36.1022
45.5595
56.6148
69.5034
84.8951
103.62
126.277
153.833
187.52
228.58
278.043
336.539
404.147
480.286
565.245
656.559
750.834
845.296
937.492
1025.36
1108.98
1185.99
1254.52
1313.76
1363.62
1404.44
1436.88
1461.73
1479.86
1492.23
1499.65
1502.83
1502.41
1498.96
1492.96
1484.85
1475.02
1463.78
1451.42
1438.18
1424.25
1409.8
1394.95
1379.59
1363.93
1348.1
1332.22
1316.39
1300.68
1285.14
1269.84
1254.8
1240.06
1225.65
1211.57
1197.84
1184.47
1171.45
1158.8
1146.5
1134.56
1122.98
1111.73
1100.83
1090.25
1079.99
1070.05
1060.41
1051.08
1042.04
1033.3
1024.84
1016.66
1008.75
1001.09
993.678
986.491
979.517
972.737
966.133
959.687
953.378
947.184
941.084
935.057
929.084
923.147
917.227
911.305
905.363
899.387
893.364
887.284
881.137
874.914
868.607
862.2
855.67
848.98
842.082
834.906
827.365
819.349
810.734
801.373
791.116
779.808
767.28
753.354
737.84
720.532
701.217
679.678
655.713
629.153
599.891
567.923
533.395
496.717
458.226
418.328
377.603
336.777
296.664
258.1
221.859
188.581
158.718
132.505
109.971
90.9633
75.1996
62.3169
51.9193
43.6151
37.0416
31.8789
27.8553
24.7471
22.3572
20.5265
19.1332
18.0859
17.3229
16.8272
16.6947
17.3249
19.6667
24.8727
33.1403
43.3514
53.9694
63.8425
72.3783
79.4024
84.949
89.1371
92.1325
94.111
95.2391
95.6662
95.5222
94.9181
93.9475
92.6886
91.2065
89.555
87.7786
85.9137
83.9905
82.0336
80.0637
78.0984
76.1602
7.6798
171.751
188.925
167.708
159.789
175.644
213.49
271.188
348.356
445.979
565.351
714.147
880.842
1057.24
1236.71
1413.56
1582.86
1740.47
1883.12
2008.46
2115.2
2202.9
2271.82
2322.82
2357.19
2376.75
2381.34
2372.93
2354.04
2326.98
2293.8
2256.23
2215.7
2173.36
2130.08
2086.52
2043.18
2000.39
1958.41
1917.39
1877.43
1838.6
1800.92
1764.42
1729.08
1694.9
1661.86
1629.94
1599.11
1569.37
1540.68
1513.02
1486.33
1460.57
1435.72
1411.73
1388.58
1366.25
1344.7
1323.92
1303.87
1284.55
1265.92
1247.96
1230.67
1214.01
1197.98
1182.56
1167.74
1153.5
1139.81
1126.66
1114.03
1101.9
1090.25
1079.07
1068.35
1058.06
1048.21
1038.77
1029.74
1021.09
1012.81
1004.88
997.266
989.958
982.924
976.134
969.558
963.161
956.909
950.767
944.696
938.66
932.618
926.533
920.367
914.085
907.656
901.046
894.221
887.146
879.783
872.09
864.017
855.502
846.472
836.837
826.494
815.327
803.207
789.985
775.505
759.597
742.082
722.769
701.468
677.989
652.164
623.863
593.025
559.686
524.015
486.374
447.269
407.099
366.421
325.923
286.369
248.537
213.142
180.766
151.812
126.477
104.759
86.4881
71.3718
59.0454
49.1171
41.2031
34.95
30.0479
26.2343
23.2929
21.0337
19.3035
17.984
16.9852
16.2397
15.7011
15.3508
15.2367
15.5918
17.0578
20.6714
27.0681
35.7254
45.3749
54.8277
63.343
70.5984
76.5391
81.2153
84.7441
87.2685
88.9339
89.8763
90.2179
90.0654
89.5108
88.632
87.4951
86.1554
84.6593
83.0455
81.3461
79.5881
77.7944
75.9853
74.1869
263.33
434.212
630.371
838.219
1045.82
1243.67
1425.06
1585.77
1723.57
1837.86
1929.19
1999.22
2050.04
2084.05
2103.79
2111.8
2110.51
2102.18
2088.79
2072.02
2053.19
2033.31
2013.05
1992.84
1972.89
1953.24
1934.03
1915.19
1896.55
1877.86
1858.9
1839.52
1819.59
1799.04
1777.85
1756.04
1733.66
1710.8
1687.55
1664.01
1640.27
1616.45
1592.63
1568.89
1545.32
1521.96
1498.88
1476.12
1453.72
1431.73
1410.16
1389.05
1368.41
1348.26
1328.58
1309.4
1290.71
1272.51
1254.8
1237.58
1220.85
1204.61
1188.85
1173.57
1158.77
1144.44
1130.59
1117.21
1104.29
1091.84
1079.85
1068.31
1057.22
1046.57
1036.37
1026.59
1017.23
1008.3
999.78
991.669
983.959
976.642
969.708
963.143
956.931
951.052
945.482
940.193
935.153
930.325
925.669
921.14
916.687
912.258
907.796
903.241
898.535
893.615
888.421
882.893
876.967
870.583
863.675
856.177
848.018
839.121
829.403
818.771
807.119
794.335
780.293
764.857
747.879
729.203
708.67
686.124
661.417
634.43
605.085
573.375
539.395
503.372
465.67
426.816
387.229
347.457
308.15
270.016
233.762
200.024
169.311
141.96
118.117
97.7435
80.6508
66.5408
55.055
45.8163
38.4595
32.6518
28.1023
24.5654
21.8397
19.7469
18.1444
16.9213
15.9926
15.2936
14.7761
14.4062
14.1677
14.082
14.2777
15.1513
17.4973
22.1271
29.0661
37.4537
46.1886
54.436
61.7374
67.9251
72.9836
76.9713
79.9911
82.1613
83.6002
84.4188
84.717
84.5828
84.0925
83.312
82.2971
81.0955
79.7474
78.2867
76.7424
75.1393
73.5004
71.8553
253.364
268.936
287.189
308.286
332.118
358.301
386.269
415.358
444.88
474.184
502.71
530.01
555.765
579.775
601.955
622.318
640.955
658.02
673.849
688.733
702.791
716.157
728.974
741.377
753.49
765.42
777.254
789.059
800.881
812.742
824.641
836.806
849.164
861.615
874.047
886.341
898.379
910.04
921.211
931.784
941.66
950.753
958.989
966.309
972.669
978.04
982.409
985.78
988.172
989.613
990.148
989.83
988.718
986.887
984.417
981.383
977.856
973.902
969.582
964.954
960.067
954.969
949.703
944.305
938.813
933.257
927.667
922.071
916.494
910.961
905.495
900.121
894.857
889.727
884.75
879.946
875.334
870.931
866.752
862.81
859.118
855.684
852.513
849.608
846.969
844.587
842.453
840.548
838.85
837.329
835.948
834.663
833.422
832.167
830.831
829.343
827.625
825.592
823.159
820.234
816.725
812.54
807.58
801.751
794.955
787.09
778.056
767.747
756.056
742.867
728.064
711.526
693.131
672.76
650.304
625.673
598.807
569.692
538.393
505.059
469.976
433.585
396.317
358.601
320.968
284.023
248.403
214.727
183.542
155.272
130.183
108.371
89.77
74.1826
61.321
50.8496
42.4209
35.7025
30.393
26.2292
22.9891
20.4899
18.5699
17.0988
15.9751
15.1204
14.4744
13.9915
13.6375
13.3879
13.2289
13.168
13.2708
13.7597
15.1613
18.2324
23.3888
30.2594
37.974
45.6868
52.828
59.1088
64.4357
68.8027
72.2642
74.9051
76.8211
78.108
78.8561
79.1474
79.0551
78.6431
77.9671
77.0753
76.0087
74.8028
73.4881
72.0912
70.6374
69.16
86.7347
89.4763
92.5895
96.1229
100.113
104.577
109.505
114.866
120.61
126.669
132.967
139.425
145.965
152.517
159.019
165.423
171.692
177.805
183.755
189.549
195.198
200.723
206.148
211.503
216.821
222.141
227.5
232.94
238.5
244.221
250.141
256.306
262.752
269.515
276.622
284.096
291.951
300.197
308.838
317.87
327.281
337.054
347.164
357.581
368.267
379.179
390.271
401.49
412.783
424.092
435.361
446.533
457.554
468.458
479.26
489.89
500.281
510.38
520.139
529.519
538.488
547.023
555.109
562.736
569.902
576.612
582.875
588.707
594.126
599.156
603.824
608.161
612.198
615.976
619.536
622.92
626.163
629.302
632.372
635.401
638.421
641.456
644.529
647.66
650.863
654.149
657.523
660.985
664.525
668.13
671.776
675.431
679.056
682.597
685.993
689.169
692.042
694.517
696.488
697.844
698.463
698.22
696.986
694.63
691.018
686.021
679.509
671.36
661.454
649.678
635.927
620.106
602.137
581.958
559.543
534.907
508.109
479.276
448.648
416.523
383.426
349.674
315.697
281.993
249.107
217.59
187.961
160.662
136.02
114.226
95.326
79.2312
65.7486
54.6157
45.5368
38.2122
32.3583
27.7189
24.0711
21.2249
19.0251
17.3309
16.0302
15.035
14.2767
13.702
13.2704
12.9507
12.7194
12.5594
12.4602
12.4223
12.476
12.7347
13.5021
15.3376
18.8062
23.9886
30.3802
37.2484
43.9707
50.1505
55.5953
60.2344
64.0639
67.1273
69.4913
71.2318
72.4258
73.1464
73.4612
73.4312
73.1102
72.5459
71.7797
70.8478
69.7817
68.6097
67.3593
66.067
44.7044
45.4338
46.2207
47.076
48.0104
49.0326
50.1482
51.3595
52.6647
54.0586
55.5327
57.076
58.6756
60.3177
61.9883
63.674
65.3625
67.043
68.7067
70.3469
71.9589
73.54
75.0893
76.6077
78.0977
79.5634
81.0102
82.445
83.8756
85.3109
86.7606
88.2357
89.7477
91.3089
92.932
94.63
96.4163
98.3045
100.308
102.441
104.717
107.15
109.753
112.54
115.523
118.714
122.126
125.768
129.65
133.782
138.169
142.818
147.732
152.915
158.373
164.105
170.109
176.379
182.905
189.675
196.675
203.888
211.294
218.874
226.606
234.467
242.434
250.483
258.594
266.743
274.913
283.084
291.244
299.437
307.676
315.944
324.226
332.515
340.806
349.098
357.393
365.694
374.009
382.342
390.701
399.091
407.517
415.979
424.473
432.992
441.526
450.058
458.56
466.991
475.299
483.416
491.261
498.738
505.737
512.131
517.783
522.545
526.258
528.758
529.881
529.46
527.337
523.364
517.406
509.347
499.092
486.577
471.768
454.676
435.367
413.981
390.683
365.719
339.557
312.462
284.801
256.985
229.468
202.716
177.183
153.279
131.34
111.598
94.177
79.0826
66.2221
55.4268
46.482
39.1541
33.2107
28.434
24.6271
21.6183
19.2605
17.4291
16.0122
14.9203
14.0824
13.4424
12.9566
12.5908
12.3188
12.1203
11.98
11.8863
11.8314
11.8133
11.8442
11.9772
12.3679
13.3579
15.4414
18.9651
23.827
29.545
35.546
41.371
46.7327
51.4882
55.5698
58.9714
61.7242
63.8787
65.494
66.6311
67.3492
67.7037
67.7454
67.5198
67.0676
66.4249
65.6239
64.6936
63.6632
62.5725
30.1341
30.3902
30.6573
30.9382
31.2357
31.5524
31.8906
32.2519
32.6376
33.0479
33.4823
33.9396
34.4178
34.9143
35.4259
35.9494
36.4811
37.0177
37.5556
38.0918
38.6236
39.1485
39.6644
40.1699
40.6639
41.1457
41.615
42.0721
42.5175
42.9524
43.3778
43.7956
44.2078
44.6165
45.0243
45.434
45.8485
46.271
46.7048
47.1533
47.6201
48.1091
48.624
49.1689
49.7479
50.3653
51.0254
51.7329
52.4925
53.309
54.1876
55.1336
56.1524
57.2498
58.4321
59.7056
61.0768
62.5526
64.1396
65.8449
67.6752
69.6375
71.7386
73.9851
76.3836
78.9405
81.6618
84.5534
87.6208
90.8694
94.3041
97.9298
101.751
105.774
110.007
114.456
119.127
124.024
129.154
134.521
140.132
145.99
152.103
158.473
165.108
172.009
179.181
186.624
194.337
202.315
210.594
219.178
228.035
237.13
246.416
255.833
265.308
274.756
284.07
293.13
301.798
309.918
317.323
323.832
329.257
333.41
336.105
337.167
336.438
333.788
329.115
322.36
313.51
302.604
289.781
275.292
259.287
241.99
223.707
204.772
185.55
166.417
147.747
129.891
113.15
97.7656
83.897
71.6214
60.9364
51.7733
44.0174
37.5281
32.1552
27.7499
24.1712
21.2906
18.9926
17.179
15.758
14.6505
13.7919
13.1301
12.6232
12.2378
11.9478
11.7324
11.5755
11.4646
11.3898
11.3437
11.3208
11.3183
11.34
11.4086
11.5969
12.0839
13.1981
15.3222
18.6413
22.9932
27.9768
33.1554
38.1853
42.8504
47.0208
50.6351
53.6821
56.1811
58.1683
59.6881
60.7882
61.5158
61.9162
62.0312
61.8993
61.5554
61.0311
60.3559
59.5599
58.6851
23.3731
23.4783
23.585
23.6941
23.8064
23.9229
24.0445
24.172
24.3063
24.4479
24.5971
24.754
24.9185
25.0902
25.2686
25.4528
25.6419
25.835
26.0307
26.2282
26.4261
26.6235
26.8193
27.0126
27.2025
27.3883
27.5695
27.7455
27.916
28.0808
28.2398
28.393
28.5407
28.683
28.8204
28.9532
29.0822
29.2079
29.3311
29.4526
29.5732
29.6939
29.8156
29.9394
30.0663
30.1975
30.3341
30.4773
30.6284
30.7887
30.9595
31.1422
31.3384
31.5494
31.7769
32.0226
32.2882
32.5756
32.8867
33.2235
33.5881
33.9828
34.4098
34.8715
35.3706
35.9096
36.4916
37.1196
37.7969
38.527
39.3137
40.1611
41.0738
42.0568
43.1155
44.2559
45.4848
46.8092
48.2369
49.7763
51.4366
53.2278
55.1606
57.2465
59.4979
61.9278
64.55
67.3789
70.4291
73.715
77.2528
81.0578
85.1425
89.5161
94.1827
99.1398
104.377
109.874
115.598
121.5
127.517
133.566
139.547
145.337
150.8
155.784
160.125
163.659
166.223
167.669
167.871
166.732
164.196
160.252
154.944
148.374
140.681
132.048
122.69
112.851
102.782
92.7346
82.9419
73.607
64.8905
56.905
49.713
43.3328
37.7482
32.9191
28.7912
25.3018
22.3842
19.9711
17.9969
16.4008
15.125
14.1127
13.3155
12.6926
12.2098
11.8391
11.5576
11.3467
11.1916
11.0805
11.0037
10.9539
10.925
10.9121
10.9115
10.9203
10.939
10.976
11.0625
11.2828
11.816
12.9428
14.9382
17.8947
21.6561
25.9117
30.333
34.6613
38.7121
42.37
45.5776
48.3175
50.5979
52.4422
53.8824
54.9544
55.6951
56.1408
56.3258
56.2823
56.0404
55.6287
55.0774
54.43
19.5608
19.6079
19.6533
19.6976
19.7413
19.7851
19.8294
19.8749
19.9218
19.9706
20.0215
20.0749
20.1307
20.1892
20.2503
20.3138
20.3797
20.4476
20.5173
20.5885
20.6607
20.7336
20.8067
20.8796
20.9519
21.0232
21.0931
21.1614
21.2276
21.2915
21.3529
21.4117
21.4676
21.5206
21.5706
21.6176
21.6618
21.703
21.7415
21.7775
21.811
21.8424
21.8718
21.8996
21.926
21.9514
21.9761
22.0005
22.0249
22.0498
22.0756
22.1027
22.1316
22.1627
22.1965
22.2335
22.2742
22.3192
22.3691
22.4243
22.4855
22.5532
22.6282
22.7111
22.8025
22.9033
23.014
23.1356
23.2689
23.4148
23.5743
23.7484
23.9382
24.1451
24.3703
24.6155
24.8822
25.1724
25.4882
25.8317
26.2054
26.6123
27.0553
27.5379
28.064
28.6376
29.2634
29.9466
30.6928
31.5081
32.3992
33.3734
34.4383
35.6017
36.8716
38.2553
39.7596
41.3895
43.1479
45.0345
47.0442
49.1663
51.3825
53.666
55.9796
58.2756
60.4951
62.5693
64.4214
65.9698
67.1333
67.8361
68.0144
67.6218
66.6351
65.0576
62.92
60.2794
57.2146
53.8212
50.2036
46.4677
42.7139
39.0302
35.4889
32.1459
29.0423
26.2063
23.6539
21.3913
19.4147
17.7132
16.2694
15.0627
14.0695
13.2605
12.6086
12.0891
11.6798
11.3614
11.1173
10.9335
10.7982
10.7017
10.636
10.5946
10.5719
10.5637
10.566
10.5759
10.5905
10.6075
10.6257
10.6475
10.6853
10.7753
11.0027
11.5277
12.5715
14.3264
16.8424
19.9965
23.5606
27.294
30.9856
34.4799
37.6762
40.518
42.9813
45.0642
46.7788
48.1463
49.1921
49.9441
50.4305
50.6793
50.7173
50.5711
50.2698
49.8577
17.5044
17.5268
17.5473
17.5658
17.5825
17.5978
17.6122
17.6262
17.6399
17.6537
17.6677
17.6823
17.6975
17.7136
17.7306
17.7484
17.7672
17.787
17.8075
17.8288
17.8508
17.8732
17.8959
17.9187
17.9414
17.9638
17.9857
18.007
18.0274
18.0467
18.0648
18.0816
18.0969
18.1106
18.1226
18.1328
18.1412
18.1477
18.1524
18.1552
18.1562
18.1554
18.1529
18.1487
18.1429
18.1356
18.127
18.1172
18.1063
18.0945
18.082
18.0688
18.0553
18.0415
18.0278
18.0142
18.001
17.9885
17.9767
17.9661
17.9567
17.9489
17.9429
17.9389
17.9372
17.938
17.9417
17.9485
17.9586
17.9725
17.9904
18.0126
18.0395
18.0715
18.1089
18.1523
18.2021
18.2587
18.3228
18.395
18.4759
18.5663
18.6669
18.7787
18.9024
19.0393
19.1904
19.357
19.5403
19.7418
19.9632
20.2061
20.4722
20.7636
21.0821
21.4296
21.808
22.2191
22.6641
23.144
23.6589
24.2079
24.7888
25.3977
26.0283
26.672
27.317
27.9483
28.5477
29.0943
29.564
29.9332
30.1778
30.2746
30.2044
29.9535
29.5158
28.8933
28.0962
27.141
26.05
24.8501
23.5723
22.2498
20.9156
19.6016
18.3362
17.1434
16.0419
15.0449
14.1593
13.3892
12.7316
12.1781
11.7192
11.3445
11.0434
10.8057
10.6221
10.4838
10.3833
10.3137
10.2694
10.2452
10.237
10.2411
10.2544
10.2742
10.2981
10.3239
10.3493
10.3724
10.3916
10.4068
10.422
10.4516
10.5311
10.7362
11.1936
12.0668
13.4928
15.5107
18.0428
20.9333
24.0015
27.0825
30.0469
32.804
35.2968
37.4946
39.3863
40.9738
42.2681
43.2854
44.0451
44.5684
44.8772
44.9944
44.9464
44.7769
16.136
16.147
16.1562
16.1635
16.1687
16.1721
16.1737
16.1738
16.1725
16.1701
16.1668
16.1629
16.1587
16.1543
16.1498
16.1453
16.141
16.1369
16.1331
16.1295
16.1262
16.123
16.1199
16.1169
16.1138
16.1106
16.1072
16.1035
16.0993
16.0946
16.0893
16.0833
16.0765
16.0687
16.06
16.0502
16.0393
16.0272
16.014
15.9994
15.9837
15.9666
15.9483
15.9287
15.9079
15.8858
15.8626
15.8382
15.8127
15.7861
15.7586
15.7302
15.701
15.671
15.6404
15.6092
15.5776
15.5457
15.5134
15.4811
15.4487
15.4164
15.3843
15.3526
15.3213
15.2906
15.2605
15.2313
15.2031
15.1759
15.15
15.1255
15.1026
15.0813
15.0618
15.0444
15.0292
15.0163
15.0061
14.9987
14.9942
14.9931
14.9954
15.0016
15.0118
15.0264
15.0457
15.0701
15.0998
15.1354
15.1772
15.2256
15.2811
15.3441
15.4151
15.4946
15.583
15.6806
15.7879
15.905
16.032
16.1688
16.3147
16.469
16.6303
16.7962
16.964
17.1297
17.2882
17.4339
17.5629
17.6704
17.7471
17.7832
17.7696
17.6981
17.5624
17.3586
17.0854
16.7448
16.342
15.8852
15.3853
14.8555
14.3099
13.7629
13.2282
12.7184
12.2435
11.8134
11.4317
11.0994
10.8158
10.5787
10.3849
10.2305
10.1114
10.0234
9.9623
9.92418
9.90538
9.90257
9.91273
9.93321
9.96161
9.99576
10.0337
10.0736
10.1135
10.1518
10.1866
10.2159
10.2384
10.253
10.261
10.2676
10.2852
10.3443
10.5042
10.8605
11.5312
12.6166
14.1548
16.1054
18.3674
20.8129
23.3167
25.7727
28.1005
30.2443
32.1692
33.8568
35.3009
36.5037
37.4734
38.2222
38.7649
39.1191
39.3071
39.3704
15.0399
15.0414
15.0417
15.0408
15.0386
15.035
15.03
15.0236
15.0157
15.0064
14.9958
14.9839
14.971
14.9572
14.9425
14.9271
14.911
14.8945
14.8777
14.8606
14.8433
14.8259
14.8082
14.7905
14.7727
14.7547
14.7366
14.7183
14.6998
14.681
14.6618
14.6422
14.6222
14.6016
14.5805
14.5588
14.5364
14.5133
14.4895
14.4649
14.4396
14.4134
14.3863
14.3584
14.3296
14.3
14.2695
14.2381
14.2058
14.1727
14.1388
14.1041
14.0686
14.0324
13.9955
13.9579
13.9197
13.881
13.8417
13.802
13.7619
13.7214
13.6807
13.6397
13.5986
13.5574
13.5161
13.4749
13.4338
13.3929
13.3522
13.3119
13.2721
13.2327
13.1939
13.1557
13.1184
13.0818
13.0462
13.0117
12.9783
12.9461
12.9153
12.8859
12.8581
12.832
12.8077
12.7854
12.7652
12.7472
12.7315
12.7184
12.7079
12.7003
12.6956
12.6941
12.6959
12.7011
12.7099
12.7222
12.7381
12.7575
12.7801
12.8056
12.8334
12.8626
12.8921
12.9203
12.9454
12.9649
12.977
12.9792
12.9684
12.9414
12.8952
12.827
12.7347
12.617
12.4737
12.3058
12.1153
11.9057
11.681
11.4463
11.2071
10.9695
10.7395
10.5247
10.3283
10.1531
10.0004
9.87113
9.76516
9.68182
9.61991
9.57791
9.55401
9.54631
9.55282
9.57162
9.60082
9.63863
9.68337
9.73345
9.78736
9.84363
9.90081
9.95741
10.0119
10.0625
10.1078
10.1458
10.1755
10.1955
10.2042
10.2022
10.1934
10.1897
10.2159
10.3177
10.565
11.0433
11.8285
12.9581
14.4166
16.1426
18.049
20.0428
22.0394
23.9699
25.7821
27.4399
28.9206
30.2121
31.3102
32.2169
32.9387
33.4864
33.8768
34.1483
14.2091
14.2002
14.1907
14.1806
14.1698
14.1583
14.146
14.1329
14.1189
14.104
14.0882
14.0715
14.0538
14.0353
14.0158
13.9955
13.9743
13.9523
13.9295
13.9061
13.8821
13.8575
13.8325
13.8071
13.7813
13.7552
13.7288
13.7021
13.6751
13.6479
13.6204
13.5925
13.5644
13.5359
13.5071
13.4779
13.4484
13.4184
13.3879
13.357
13.3257
13.2938
13.2613
13.2284
13.1948
13.1607
13.126
13.0907
13.0548
13.0183
12.9812
12.9435
12.9052
12.8664
12.8269
12.787
12.7464
12.7054
12.6639
12.6219
12.5794
12.5365
12.4933
12.4496
12.4057
12.3614
12.317
12.2723
12.2274
12.1824
12.1373
12.0921
12.047
12.0019
11.9569
11.9121
11.8675
11.8231
11.7791
11.7354
11.6921
11.6493
11.607
11.5653
11.5243
11.4839
11.4444
11.4057
11.3679
11.331
11.2952
11.2606
11.2271
11.1948
11.164
11.1345
11.1064
11.0799
11.0548
11.0313
11.0091
10.9882
10.9684
10.9494
10.9307
10.9121
10.8928
10.8721
10.8494
10.8236
10.794
10.7597
10.7197
10.6731
10.6192
10.5573
10.4871
10.4085
10.3217
10.2275
10.127
10.0216
9.91293
9.80317
9.69495
9.59227
9.4981
9.41409
9.34157
9.28153
9.23461
9.20108
9.18088
9.17368
9.17889
9.19575
9.22334
9.26064
9.30661
9.36014
9.42014
9.48552
9.5552
9.6281
9.70311
9.77906
9.8547
9.92862
9.99947
10.0653
10.1252
10.1765
10.2165
10.2427
10.2533
10.2474
10.2261
10.1936
10.16
10.1451
10.1833
10.3254
10.6338
11.1672
11.9612
13.0159
14.2974
15.7483
17.3018
18.8928
20.464
21.9691
23.3734
24.6524
25.7905
26.7794
27.6169
28.3063
28.858
29.3061
13.6293
13.6098
13.5901
13.5702
13.5499
13.5294
13.5085
13.4872
13.4655
13.4433
13.4207
13.3976
13.374
13.3499
13.3252
13.3
13.2742
13.2479
13.221
13.1936
13.1656
13.1371
13.1081
13.0785
13.0485
13.018
12.9871
12.9557
12.924
12.892
12.8596
12.8269
12.794
12.7607
12.7271
12.6933
12.6592
12.6248
12.59
12.555
12.5197
12.484
12.448
12.4117
12.375
12.3379
12.3004
12.2626
12.2243
12.1857
12.1467
12.1072
12.0674
12.0271
11.9864
11.9453
11.9039
11.862
11.8197
11.7771
11.734
11.6907
11.6469
11.6029
11.5585
11.5138
11.4689
11.4236
11.3782
11.3325
11.2867
11.2406
11.1945
11.1482
11.1019
11.0555
11.0092
10.9628
10.9165
10.8703
10.8243
10.7784
10.7327
10.6872
10.642
10.5971
10.5525
10.5084
10.4646
10.4213
10.3785
10.3362
10.2945
10.2535
10.213
10.1733
10.1342
10.0957
10.058
10.0209
9.9843
9.94821
9.9125
9.87703
9.84164
9.80613
9.77028
9.73386
9.69661
9.65826
9.61858
9.57732
9.53428
9.48931
9.44234
9.39335
9.34246
9.28989
9.23598
9.18123
9.12626
9.07178
9.01865
8.96797
8.9223
8.88349
8.85233
8.82952
8.81563
8.81104
8.81598
8.83052
8.85456
8.88787
8.93009
8.98075
9.03932
9.10519
9.1777
9.25616
9.33986
9.42806
9.51996
9.61474
9.71147
9.8091
9.90649
10.002
10.0949
10.1818
10.2597
10.3253
10.3757
10.4083
10.4211
10.4128
10.3834
10.3344
10.2704
10.2
10.1388
10.1125
10.1584
10.3228
10.6522
11.1793
11.9133
12.8377
13.9167
15.1035
16.3493
17.6084
18.8413
20.0167
21.1106
22.1065
22.9942
23.77
24.4374
25.0262
13.2661
13.237
13.208
13.1788
13.1496
13.1203
13.0909
13.0614
13.0317
13.0018
12.9718
12.9416
12.9111
12.8804
12.8495
12.8183
12.7868
12.7551
12.723
12.6907
12.658
12.6251
12.5918
12.5582
12.5243
12.4901
12.4555
12.4207
12.3855
12.3501
12.3144
12.2784
12.2421
12.2056
12.1689
12.1319
12.0946
12.0572
12.0195
11.9816
11.9434
11.905
11.8665
11.8276
11.7886
11.7493
11.7097
11.67
11.6299
11.5897
11.5491
11.5083
11.4673
11.4259
11.3843
11.3425
11.3003
11.2579
11.2153
11.1723
11.1291
11.0857
11.0419
10.998
10.9538
10.9093
10.8646
10.8197
10.7746
10.7293
10.6839
10.6382
10.5924
10.5465
10.5005
10.4544
10.4082
10.362
10.3157
10.2695
10.2232
10.177
10.1309
10.0848
10.0389
9.99311
9.94748
9.90203
9.8568
9.8118
9.76706
9.72261
9.67847
9.63466
9.59121
9.54813
9.50543
9.46313
9.42124
9.37974
9.33863
9.2979
9.25752
9.21749
9.17775
9.1383
9.09909
9.0601
9.0213
8.98269
8.94428
8.90607
8.86814
8.83056
8.79345
8.75699
8.72138
8.68689
8.65383
8.62257
8.59351
8.56713
8.54393
8.5247
8.51183
8.50585
8.50724
8.51636
8.5335
8.55888
8.59259
8.63466
8.68504
8.74356
8.81004
8.88419
8.96571
9.05421
9.14932
9.25059
9.35753
9.46966
9.58636
9.70701
9.83076
9.95668
10.0838
10.2088
10.3284
10.439
10.5369
10.6186
10.6808
10.7205
10.7356
10.7248
10.6878
10.6255
10.5404
10.4373
10.3238
10.2125
10.123
10.0831
10.1285
10.2966
10.6176
11.1052
11.7538
12.5417
13.4368
14.4033
15.4056
16.4115
17.3942
18.3326
19.2112
20.0206
20.7584
21.4512
13.0664
13.0301
12.9938
12.9575
12.9211
12.8847
12.8483
12.8119
12.7754
12.7389
12.7022
12.6656
12.6288
12.592
12.555
12.518
12.4808
12.4436
12.4062
12.3687
12.3311
12.2933
12.2554
12.2174
12.1792
12.1409
12.1024
12.0637
12.0249
11.986
11.9469
11.9076
11.8682
11.8286
11.7889
11.749
11.709
11.6689
11.6286
11.5881
11.5475
11.5068
11.466
11.425
11.3838
11.3426
11.3011
11.2596
11.2179
11.176
11.134
11.0919
11.0496
11.0072
10.9646
10.9218
10.8789
10.8358
10.7926
10.7492
10.7057
10.662
10.6181
10.5741
10.53
10.4857
10.4413
10.3967
10.352
10.3071
10.2621
10.2171
10.1719
10.1266
10.0812
10.0358
9.99033
9.9448
9.89924
9.85366
9.80809
9.76254
9.71702
9.67155
9.62615
9.58083
9.53562
9.49053
9.44558
9.4008
9.3562
9.3118
9.26764
9.22373
9.18011
9.1368
9.09382
9.05121
9.009
8.96722
8.9259
8.88508
8.84479
8.80508
8.76599
8.72758
8.68991
8.65305
8.61707
8.58207
8.54817
8.51547
8.48414
8.45433
8.42623
8.40005
8.37604
8.35445
8.33557
8.31972
8.30723
8.29847
8.29383
8.29388
8.30041
8.31407
8.33519
8.36408
8.40096
8.44605
8.49946
8.56129
8.63159
8.71035
8.79752
8.89306
8.99685
9.10876
9.22864
9.35632
9.4915
9.63408
9.7835
9.93967
10.1016
10.2663
10.4306
10.5908
10.7428
10.8822
11.0046
11.1059
11.1822
11.2304
11.2481
11.2342
11.1883
11.1116
11.0064
10.8764
10.7268
10.565
10.4016
10.2517
10.1366
10.0838
10.1244
10.2864
10.5872
11.0289
11.5988
12.2742
13.028
13.833
14.6641
15.5003
16.3245
17.1244
17.8934
18.6535
12.9709
12.9301
12.8892
12.8483
12.8073
12.7663
12.7252
12.684
12.6428
12.6016
12.5603
12.5189
12.4775
12.4361
12.3945
12.353
12.3113
12.2697
12.2279
12.1862
12.1443
12.1024
12.0605
12.0185
11.9764
11.9343
11.8922
11.85
11.8077
11.7654
11.723
11.6806
11.6381
11.5956
11.553
11.5104
11.4677
11.4249
11.3821
11.3393
11.2963
11.2534
11.2104
11.1673
11.1241
11.081
11.0377
10.9944
10.9511
10.9076
10.8642
10.8206
10.777
10.7334
10.6897
10.6459
10.6021
10.5582
10.5142
10.4702
10.4261
10.3819
10.3377
10.2935
10.2491
10.2047
10.1603
10.1158
10.0712
10.0266
9.98199
9.9373
9.89258
9.84784
9.80307
9.75829
9.7135
9.66872
9.62395
9.5792
9.53449
9.48983
9.44522
9.40068
9.35623
9.31188
9.26764
9.22353
9.17958
9.13579
9.0922
9.04883
9.00571
8.96287
8.92034
8.87815
8.83636
8.79501
8.75414
8.71381
8.67407
8.635
8.59667
8.55915
8.52252
8.4869
8.45237
8.41906
8.38711
8.35664
8.32782
8.30081
8.27581
8.25301
8.23264
8.21494
8.20015
8.18856
8.18046
8.17616
8.17599
8.18032
8.18952
8.20404
8.22477
8.25307
8.28937
8.33398
8.38721
8.44936
8.5207
8.60147
8.69191
8.79222
8.90263
9.02334
9.15456
9.29642
9.44917
9.61302
9.78778
9.97452
10.172
10.3781
10.59
10.8042
11.0166
11.2224
11.4166
11.5936
11.7483
11.8755
11.9708
12.0307
12.0527
12.0357
11.98
11.8873
11.7605
11.604
11.4232
11.2243
11.0151
10.8047
10.6041
10.4279
10.2946
10.2278
10.2529
10.3917
10.6557
11.0435
11.5425
12.1334
12.7946
13.5053
14.2481
15.0092
15.7798
16.5704
12.9298
12.8868
12.8436
12.8003
12.757
12.7135
12.6699
12.6263
12.5825
12.5387
12.4948
12.4507
12.4067
12.3625
12.3183
12.274
12.2296
12.1852
12.1407
12.0962
12.0517
12.0071
11.9625
11.9178
11.8731
11.8284
11.7837
11.7389
11.6942
11.6494
11.6046
11.5599
11.5151
11.4703
11.4255
11.3808
11.336
11.2912
11.2465
11.2017
11.157
11.1123
11.0675
11.0228
10.9781
10.9334
10.8888
10.8441
10.7994
10.7548
10.7101
10.6655
10.6209
10.5763
10.5317
10.4871
10.4426
10.398
10.3535
10.3089
10.2644
10.2199
10.1754
10.131
10.0865
10.0421
9.99766
9.95326
9.90889
9.86455
9.82024
9.77596
9.73172
9.68752
9.64337
9.59928
9.55524
9.51127
9.46738
9.42356
9.37984
9.33621
9.2927
9.24931
9.20606
9.16295
9.12
9.07724
9.03468
8.99234
8.95025
8.90844
8.86693
8.82577
8.785
8.74466
8.7048
8.66548
8.62677
8.58872
8.55142
8.51494
8.47939
8.44486
8.41146
8.37932
8.34857
8.31936
8.29184
8.26619
8.2426
8.22127
8.20243
8.1863
8.17315
8.16324
8.15687
8.15435
8.15601
8.16222
8.17335
8.1898
8.21203
8.2405
8.27576
8.31853
8.3704
8.43175
8.50304
8.58483
8.67763
8.78199
8.89842
9.02746
9.16979
9.3261
9.49699
9.68296
9.88521
10.1045
10.3402
10.591
10.8549
11.1292
11.41
11.6929
11.9723
12.2422
12.4959
12.7268
12.9283
13.0943
13.2197
13.3003
13.334
13.3198
13.259
13.1543
13.0104
12.8329
12.6289
12.4053
12.1689
11.9262
11.683
11.4455
11.2216
11.0218
10.861
10.7589
10.7378
10.8188
11.0166
11.3352
11.768
12.3014
12.9196
13.6085
14.3586
15.1687
12.9126
12.8687
12.8247
12.7805
12.7362
12.6918
12.6473
12.6027
12.558
12.5131
12.4682
12.4232
12.3781
12.3329
12.2876
12.2423
12.1968
12.1514
12.1058
12.0603
12.0146
11.969
11.9233
11.8776
11.8319
11.7862
11.7404
11.6947
11.649
11.6032
11.5575
11.5118
11.4662
11.4206
11.375
11.3294
11.2839
11.2384
11.1929
11.1475
11.1022
11.0569
11.0116
10.9664
10.9213
10.8762
10.8311
10.7861
10.7412
10.6963
10.6515
10.6067
10.5621
10.5174
10.4728
10.4283
10.3839
10.3395
10.2952
10.251
10.2068
10.1627
10.1186
10.0746
10.0308
9.98694
9.9432
9.89954
9.85597
9.81248
9.76908
9.72578
9.68258
9.63948
9.59649
9.55361
9.51085
9.46823
9.42573
9.38338
9.34118
9.29915
9.25728
9.2156
9.17411
9.13284
9.0918
9.051
9.01048
8.97024
8.93034
8.89078
8.85163
8.8129
8.77466
8.73695
8.69983
8.66337
8.62764
8.59272
8.5587
8.52568
8.49376
8.46307
8.43375
8.40592
8.37977
8.35545
8.33316
8.3131
8.29551
8.28062
8.2687
8.26004
8.25493
8.25373
8.25677
8.26446
8.27719
8.29544
8.31967
8.35042
8.38827
8.43383
8.4878
8.55094
8.62414
8.70833
8.80462
8.91451
9.03884
9.17854
9.33463
9.50819
9.70097
9.91442
10.1496
10.4073
10.6879
10.9913
11.3166
11.6621
12.025
12.4012
12.7858
13.1726
13.5543
13.9231
14.2707
14.5886
14.8688
15.104
15.2884
15.4177
15.4894
15.5036
15.4622
15.3692
15.2302
15.0517
14.8406
14.6039
14.3482
14.0799
13.8051
13.5294
13.2582
12.9975
12.7538
12.5358
12.355
12.227
12.171
12.2085
12.3595
12.6402
13.0603
13.624
14.3352
15.1976
12.908
12.8641
12.8201
12.776
12.7318
12.6875
12.6432
12.5988
12.5543
12.5097
12.4651
12.4204
12.3757
12.3309
12.2861
12.2412
12.1964
12.1515
12.1066
12.0617
12.0168
11.9719
11.927
11.8821
11.8373
11.7925
11.7477
11.7029
11.6582
11.6136
11.569
11.5244
11.4799
11.4355
11.3911
11.3468
11.3025
11.2584
11.2143
11.1702
11.1263
11.0824
11.0386
10.9948
10.9512
10.9076
10.8641
10.8207
10.7773
10.7341
10.6909
10.6478
10.6048
10.5619
10.519
10.4763
10.4336
10.3911
10.3486
10.3062
10.2639
10.2218
10.1797
10.1377
10.0959
10.0542
10.0126
9.97106
9.92969
9.88846
9.84736
9.80641
9.7656
9.72495
9.68447
9.64415
9.604
9.56405
9.52428
9.48472
9.44538
9.40625
9.36737
9.32874
9.29037
9.25229
9.21451
9.17706
9.13996
9.10324
9.06694
9.03108
8.99571
8.96089
8.92666
8.89308
8.86022
8.82816
8.79697
8.76677
8.73764
8.70971
8.68311
8.65798
8.63448
8.61278
8.59309
8.5756
8.56057
8.54825
8.53891
8.53287
8.53047
8.53208
8.53809
8.54894
8.56512
8.58714
8.61557
8.65105
8.69425
8.74593
8.80694
8.87819
8.96071
9.05564
9.16424
9.28792
9.42822
9.58687
9.7657
9.96664
10.1917
10.443
10.7226
11.0323
11.3737
11.7481
12.1558
12.5966
13.0691
13.5705
14.097
14.643
15.2017
15.7649
16.3232
16.8667
17.3849
17.8673
18.3041
18.6867
19.0078
19.2622
19.4466
19.5603
19.6043
19.5821
19.4984
19.3599
19.174
18.9489
18.6935
18.4166
18.1274
17.8347
17.5473
17.2736
17.0226
16.803
16.6245
16.4979
16.4359
16.4544
16.5735
16.8195
17.2241
17.8229
18.6671
19.806
12.9194
12.8767
12.834
12.7913
12.7487
12.706
12.6634
12.6207
12.5781
12.5356
12.493
12.4506
12.4081
12.3657
12.3234
12.2811
12.2389
12.1968
12.1547
12.1127
12.0708
12.0289
11.9872
11.9455
11.9039
11.8624
11.8209
11.7796
11.7383
11.6971
11.656
11.615
11.5741
11.5333
11.4925
11.4518
11.4112
11.3707
11.3303
11.2899
11.2497
11.2095
11.1694
11.1293
11.0894
11.0495
11.0097
10.97
10.9303
10.8908
10.8513
10.8119
10.7727
10.7335
10.6944
10.6554
10.6165
10.5778
10.5391
10.5006
10.4622
10.4239
10.3858
10.3479
10.31
10.2724
10.2349
10.1976
10.1605
10.1236
10.0868
10.0503
10.014
9.97797
9.94214
9.90656
9.87124
9.83619
9.80141
9.76693
9.73274
9.69887
9.66534
9.63214
9.59931
9.56687
9.53482
9.50321
9.47206
9.4414
9.41128
9.38172
9.35279
9.32454
9.29704
9.27035
9.24456
9.21977
9.19607
9.17358
9.15244
9.13279
9.1148
9.09865
9.08455
9.07273
9.06344
9.05696
9.05361
9.05373
9.05772
9.066
9.07903
9.09734
9.1215
9.15216
9.19
9.23581
9.29044
9.35488
9.43017
9.51753
9.61828
9.73393
9.86615
10.0168
10.188
10.3821
10.6015
10.8493
11.1282
11.4417
11.7929
12.1854
12.6222
13.1065
13.6406
14.2265
14.8649
15.5554
16.2962
17.0835
17.9121
18.7745
19.6618
20.563
21.4661
22.3578
23.2244
24.0521
24.8276
25.5386
26.1743
26.7262
27.1879
27.5561
27.8301
28.0123
28.1079
28.1246
28.0723
27.9628
27.8094
27.6268
27.4301
27.2348
27.0574
26.9145
26.8246
26.8057
26.8747
27.0464
27.336
27.7597
28.3356
29.1122
30.1128
31.3688
32.9099
34.7849
12.9692
12.9303
12.8915
12.8528
12.8144
12.7761
12.7379
12.6999
12.662
12.6243
12.5868
12.5494
12.5122
12.475
12.4381
12.4012
12.3645
12.3279
12.2915
12.2551
12.2189
12.1828
12.1468
12.1108
12.075
12.0392
12.0035
11.9679
11.9324
11.8969
11.8615
11.8262
11.7909
11.7557
11.7205
11.6854
11.6503
11.6153
11.5803
11.5454
11.5105
11.4757
11.4409
11.4062
11.3715
11.3369
11.3024
11.268
11.2337
11.1994
11.1653
11.1312
11.0973
11.0636
11.0299
10.9965
10.9632
10.93
10.8971
10.8644
10.8318
10.7995
10.7675
10.7357
10.7041
10.6729
10.6419
10.6112
10.5808
10.5507
10.521
10.4916
10.4626
10.4339
10.4056
10.3777
10.3502
10.3231
10.2964
10.2701
10.2442
10.2188
10.1939
10.1694
10.1454
10.122
10.0991
10.0767
10.055
10.0338
10.0134
9.99372
9.97482
9.95678
9.9397
9.92366
9.90877
9.89516
9.88296
9.87233
9.86345
9.85652
9.85177
9.84944
9.84984
9.85326
9.86008
9.8707
9.88555
9.90513
9.93001
9.96081
9.99823
10.043
10.0961
10.1584
10.231
10.3151
10.4122
10.5237
10.6514
10.7972
10.9634
11.1525
11.3671
11.6106
11.8863
12.1983
12.5506
12.9481
13.3956
13.8985
14.4622
15.092
15.7933
16.5709
17.4287
18.3697
19.3954
20.5057
21.698
22.9676
24.3071
25.7067
27.1539
28.6339
30.1301
31.6244
33.0979
34.5315
35.9066
37.2057
38.4132
39.5165
40.5055
41.3741
42.1202
42.7466
43.2595
43.6689
43.9875
44.2314
44.4232
44.5841
44.7357
44.8994
45.103
45.3665
45.7406
46.2316
46.8296
47.5022
48.2366
49.0375
49.8984
50.8328
51.8617
53.0233
54.3498
55.9241
13.1138
13.083
13.0525
13.0222
12.9922
12.9624
12.9329
12.9035
12.8743
12.8453
12.8165
12.7877
12.7592
12.7307
12.7023
12.674
12.6457
12.6175
12.5894
12.5613
12.5332
12.5051
12.477
12.4489
12.4208
12.3927
12.3645
12.3364
12.3082
12.28
12.2517
12.2234
12.1951
12.1668
12.1385
12.1102
12.0819
12.0536
12.0253
11.9971
11.9689
11.9408
11.9127
11.8848
11.857
11.8293
11.8018
11.7744
11.7472
11.7203
11.6935
11.6671
11.6409
11.615
11.5894
11.5641
11.5392
11.5147
11.4905
11.4668
11.4435
11.4207
11.3983
11.3764
11.355
11.3341
11.3137
11.2939
11.2746
11.2559
11.2377
11.2201
11.2031
11.1867
11.1709
11.1556
11.141
11.127
11.1136
11.1008
11.0887
11.0771
11.0663
11.056
11.0465
11.0376
11.0295
11.0221
11.0154
11.0096
11.0047
11.0008
10.9979
10.9961
10.9956
10.9964
10.9988
11.0029
11.0089
11.017
11.0276
11.0409
11.0572
11.077
11.1006
11.1286
11.1615
11.1999
11.2445
11.2961
11.3555
11.4238
11.5019
11.5912
11.6931
11.8091
11.941
12.0909
12.261
12.4538
12.6725
12.9201
13.2006
13.5181
13.8773
14.2837
14.7431
15.2621
15.8477
16.5077
17.2503
18.0838
19.017
20.0583
21.2159
22.4969
23.907
25.4504
27.1286
28.9405
30.8815
32.9438
35.1157
37.3818
39.7235
42.1192
44.5449
46.9749
49.3824
51.7408
54.0235
56.2052
58.2646
60.1834
61.9463
63.5418
64.9671
66.2293
67.333
68.2849
69.0939
69.774
70.4109
71.0037
71.5687
72.1057
72.6384
73.1273
73.5134
73.7544
73.8367
73.7917
73.6313
73.3573
72.9998
72.6176
72.2607
72.0049
71.9072
72.1308
13.4556
13.4381
13.4207
13.4034
13.3863
13.3691
13.352
13.3348
13.3176
13.3004
13.283
13.2656
13.248
13.2303
13.2125
13.1945
13.1763
13.1579
13.1394
13.1206
13.1017
13.0826
13.0634
13.0439
13.0243
13.0046
12.9847
12.9647
12.9447
12.9245
12.9043
12.8841
12.8639
12.8437
12.8236
12.8036
12.7836
12.7639
12.7442
12.7249
12.7057
12.6868
12.6683
12.6501
12.6322
12.6148
12.5979
12.5814
12.5655
12.5501
12.5353
12.5211
12.5076
12.4948
12.4827
12.4713
12.4607
12.4509
12.442
12.4338
12.4266
12.4202
12.4147
12.4102
12.4066
12.4039
12.4022
12.4014
12.4016
12.4028
12.4049
12.408
12.412
12.417
12.423
12.4299
12.4377
12.4464
12.4561
12.4666
12.4781
12.4905
12.5037
12.5179
12.533
12.5491
12.5661
12.5841
12.6032
12.6234
12.6448
12.6675
12.6917
12.7174
12.7448
12.7742
12.8058
12.8399
12.8768
12.9168
12.9605
13.0083
13.0608
13.1185
13.1823
13.2529
13.3312
13.4183
13.5153
13.6235
13.7445
13.8798
14.0314
14.2013
14.3921
14.6063
14.8472
15.1182
15.4233
15.767
16.1544
16.5912
17.084
17.64
18.2673
18.9748
19.7723
20.6706
21.6809
22.8154
24.0865
25.5066
27.0882
28.8426
30.7799
32.9084
35.2335
37.7573
40.4778
43.3885
46.4777
49.7287
53.1192
56.622
60.2051
63.8334
67.4684
71.0694
74.5961
78.0086
81.2656
84.327
87.1724
89.7757
92.1087
94.1481
95.916
97.4603
98.7499
99.7673
100.506
100.97
101.186
101.176
100.943
100.453
99.5782
98.3385
96.8302
95.1407
93.3449
91.5042
89.6715
87.8866
86.1765
84.5152
82.9453
81.568
80.4474
79.8418
14.1366
14.1353
14.1336
14.1315
14.1288
14.1257
14.1222
14.1181
14.1135
14.1085
14.1029
14.0969
14.0904
14.0834
14.076
14.0682
14.06
14.0515
14.0426
14.0335
14.0241
14.0145
14.0047
13.9948
13.9848
13.9748
13.9648
13.9549
13.9451
13.9355
13.9261
13.917
13.9082
13.8999
13.892
13.8846
13.8778
13.8716
13.8661
13.8614
13.8575
13.8545
13.8524
13.8513
13.8512
13.8523
13.8545
13.8579
13.8626
13.8686
13.876
13.8848
13.8951
13.9069
13.9202
13.9351
13.9516
13.9698
13.9897
14.0112
14.0344
14.0594
14.0861
14.1145
14.1447
14.1766
14.2102
14.2456
14.2826
14.3213
14.3617
14.4038
14.4474
14.4927
14.5394
14.5877
14.6375
14.6888
14.7414
14.7955
14.851
14.9078
14.966
15.0255
15.0865
15.1488
15.2126
15.2779
15.3447
15.4133
15.4838
15.5562
15.6309
15.7081
15.788
15.8712
15.9579
16.0487
16.1442
16.245
16.3519
16.4658
16.5877
16.7188
16.8602
17.0135
17.1804
17.3627
17.5625
17.7822
18.0246
18.2925
18.5896
18.9196
19.287
19.6966
20.1539
20.6653
21.2378
21.8792
22.5983
23.4049
24.3097
25.3247
26.4626
27.7375
29.1639
30.7574
32.5337
34.5089
36.6985
39.117
41.7772
44.6895
47.8608
51.2941
54.9867
58.9301
63.1087
67.4993
72.0708
76.7841
81.5922
86.4415
91.2736
96.0287
100.645
105.058
109.22
113.078
116.573
119.648
122.38
124.704
126.563
127.923
128.777
129.136
129.022
128.466
127.509
126.207
124.565
122.58
120.158
117.356
114.331
111.193
108.018
104.864
101.777
98.7955
95.9534
93.2746
90.7822
88.5038
86.4218
84.6317
83.1982
82.509
15.3191
15.3326
15.3451
15.3566
15.3671
15.3767
15.3854
15.3933
15.4004
15.4068
15.4125
15.4177
15.4224
15.4266
15.4304
15.434
15.4373
15.4406
15.4438
15.4471
15.4505
15.4541
15.4581
15.4624
15.4673
15.4728
15.479
15.4859
15.4938
15.5027
15.5127
15.5238
15.5363
15.5502
15.5656
15.5827
15.6014
15.622
15.6445
15.6691
15.6958
15.7248
15.7562
15.79
15.8263
15.8653
15.9071
15.9516
15.9991
16.0496
16.1031
16.1597
16.2196
16.2827
16.3491
16.4188
16.4919
16.5684
16.6484
16.7318
16.8186
16.9088
17.0025
17.0996
17.2001
17.3039
17.411
17.5213
17.6349
17.7516
17.8714
17.9942
18.1199
18.2484
18.3798
18.5138
18.6505
18.7898
18.9316
19.0758
19.2225
19.3715
19.523
19.6768
19.8331
19.9918
20.1532
20.3173
20.4843
20.6544
20.828
21.0055
21.1871
21.3735
21.5653
21.7632
21.968
22.1807
22.4025
22.6346
22.8785
23.1359
23.4088
23.6992
24.0098
24.3433
24.7027
25.0918
25.5144
25.975
26.4787
27.0309
27.6379
28.3068
29.0452
29.8616
30.7656
31.7677
32.8792
34.1128
35.4819
37.0012
38.6861
40.553
42.619
44.9014
47.4176
50.1845
53.2181
56.5324
60.1392
64.0464
68.2573
72.7696
77.5739
82.6523
87.9779
93.5132
99.2097
105.008
110.839
116.622
122.272
127.7
132.817
137.56
141.857
145.632
148.928
151.685
153.812
155.251
155.991
156.044
155.441
154.23
152.472
150.237
147.599
144.636
141.426
137.963
134.223
130.203
126.075
121.946
117.896
113.969
110.194
106.587
103.159
99.9386
96.9421
94.161
91.5983
89.2739
87.2032
85.4674
84.1502
83.8018
17.2147
17.2417
17.2675
17.2923
17.3162
17.3392
17.3616
17.3834
17.4048
17.4259
17.4469
17.4678
17.4889
17.5103
17.5322
17.5547
17.5779
17.6021
17.6274
17.6539
17.6819
17.7115
17.7429
17.7763
17.8118
17.8497
17.8901
17.9332
17.9793
18.0285
18.081
18.137
18.1968
18.2605
18.3284
18.4006
18.4774
18.5589
18.6454
18.7371
18.8342
18.9369
19.0453
19.1597
19.2802
19.4071
19.5404
19.6804
19.8272
19.9809
20.1417
20.3096
20.4848
20.6674
20.8574
21.0548
21.2598
21.4723
21.6923
21.9199
22.1549
22.3974
22.6472
22.9044
23.1687
23.4401
23.7185
24.0037
24.2956
24.594
24.8987
25.2096
25.5265
25.8492
26.1776
26.5114
26.8505
27.1948
27.5442
27.8984
28.2576
28.6215
28.9903
29.3639
29.7425
30.1262
30.5152
30.9099
31.3107
31.7181
32.1328
32.5555
32.9871
33.4287
33.8817
34.3474
34.8275
35.3241
35.8393
36.3757
36.9362
37.524
38.1428
38.7966
39.49
40.2282
41.0168
41.862
42.7708
43.7508
44.8105
45.959
47.2062
48.563
50.041
51.653
53.4124
55.3335
57.4311
59.721
62.2191
64.9418
67.9053
71.1253
74.6166
78.3923
82.4634
86.8379
91.5194
96.5064
101.791
107.358
113.183
119.231
125.455
131.798
138.188
144.543
150.767
156.757
162.402
167.591
172.214
176.181
179.431
182.023
183.903
184.974
185.196
184.566
183.112
180.895
178
174.532
170.6
166.315
161.782
157.093
152.333
147.568
142.798
137.987
133.208
128.555
124.082
119.848
115.875
112.136
108.618
105.312
102.213
99.3223
96.6425
94.1729
91.9147
89.8838
88.1108
86.6996
85.7644
86.0766
20.2444
20.2901
20.3356
20.3811
20.4268
20.473
20.5199
20.5677
20.6168
20.6674
20.7199
20.7745
20.8316
20.8914
20.9543
21.0206
21.0906
21.1647
21.2433
21.3266
21.4151
21.5091
21.609
21.7152
21.8281
21.9481
22.0757
22.2112
22.3552
22.508
22.6701
22.8419
23.024
23.2168
23.4208
23.6364
23.8642
24.1046
24.3581
24.6251
24.9062
25.2018
25.5122
25.8381
26.1797
26.5374
26.9117
27.3028
27.7111
28.1368
28.5802
29.0415
29.5208
30.0183
30.5341
31.0681
31.6203
32.1908
32.7793
33.3857
34.0098
34.6513
35.3099
35.9853
36.677
37.3847
38.1078
38.8459
39.5983
40.3647
41.1443
41.9366
42.741
43.557
44.384
45.2215
46.0688
46.9256
47.7913
48.6657
49.5484
50.4392
51.338
52.2447
53.1596
54.0827
55.0146
55.9557
56.907
57.8693
58.8438
59.8319
60.8355
61.8563
62.8969
63.9598
65.048
66.165
67.3146
68.5012
69.7295
71.005
72.3334
73.7212
75.1755
76.7041
78.3152
80.0179
81.8217
83.737
85.7746
87.9461
90.2636
92.7397
95.3874
98.2198
101.25
104.491
107.954
111.653
115.598
119.797
124.256
128.98
133.969
139.217
144.714
150.443
156.38
162.491
168.733
175.051
181.378
187.638
193.739
199.581
205.053
210.037
214.414
218.066
220.883
222.771
223.657
223.564
222.561
220.618
217.744
213.978
209.4
204.121
198.28
192.034
185.547
178.964
172.41
165.987
159.769
153.808
148.136
142.723
137.611
132.809
128.307
124.096
120.163
116.508
113.123
109.983
107.071
104.369
101.866
99.5558
97.4357
95.5041
93.7623
92.2236
90.9226
89.9852
89.5617
90.8616
25.4483
25.5392
25.6339
25.7328
25.8364
25.9451
26.0596
26.1804
26.3082
26.4437
26.5874
26.7402
26.9026
27.0754
27.2595
27.4554
27.6642
27.8865
28.1233
28.3754
28.6437
28.9293
29.233
29.556
29.8992
30.2637
30.6508
31.0613
31.4967
31.958
32.4465
32.9634
33.5099
34.0874
34.6971
35.3402
36.0181
36.7319
37.4829
38.2723
39.1012
39.9707
40.8818
41.8355
42.8326
43.8739
44.9601
46.0917
47.2691
48.4925
49.7621
51.0778
52.4395
53.8466
55.2986
56.7949
58.3344
59.9162
61.5388
63.201
64.901
66.6373
68.4078
70.2107
72.0437
73.9048
75.7916
77.7018
79.6331
81.583
83.5492
85.5294
87.5214
89.523
91.5321
93.5467
95.5649
97.5851
99.6058
101.626
103.644
105.659
107.671
109.679
111.683
113.684
115.683
117.679
119.675
121.671
123.67
125.675
127.687
129.711
131.749
133.805
135.885
137.992
140.133
142.312
144.536
146.813
149.149
151.553
154.032
156.595
159.25
162.008
164.876
167.866
170.986
174.246
177.655
181.222
184.953
188.856
192.936
197.195
201.637
206.258
211.053
216.014
221.128
226.373
231.726
237.154
242.614
248.058
253.427
258.651
263.65
268.335
272.605
276.353
279.466
281.828
283.323
283.845
283.301
281.618
278.75
274.686
269.455
263.137
255.861
247.842
239.192
230.054
220.6
211.018
201.491
192.218
183.374
175.043
167.286
160.126
153.557
147.553
142.058
136.993
132.394
128.24
124.481
121.07
117.963
115.138
112.575
110.242
108.117
106.182
104.425
102.839
101.419
100.163
99.0721
98.1565
97.4476
97.0775
97.2088
99.7975
36.2598
36.5205
36.7989
37.0957
37.4127
37.7513
38.1132
38.5001
38.9136
39.3556
39.828
40.3325
40.8712
41.4461
42.0594
42.7132
43.41
44.1519
44.9417
45.7817
46.6748
47.6236
48.631
49.7
50.8335
52.0346
53.3065
54.6522
56.0751
57.5782
59.1648
60.838
62.601
64.4566
66.4077
68.4571
70.6074
72.8607
75.2192
77.6846
80.2582
82.9412
85.7341
88.6371
91.6499
94.7715
98.0008
101.336
104.774
108.312
111.947
115.674
119.488
123.385
127.358
131.402
135.509
139.673
143.886
148.141
152.431
156.746
161.081
165.426
169.774
174.117
178.449
182.762
187.048
191.303
195.52
199.694
203.82
207.893
211.91
215.868
219.763
223.594
227.36
231.058
234.69
238.255
241.753
245.187
248.558
251.867
255.119
258.314
261.458
264.553
267.604
270.616
273.594
276.542
279.465
282.37
285.261
288.145
291.029
293.918
296.82
299.74
302.686
305.662
308.676
311.734
314.841
318.002
321.222
324.506
327.855
331.27
334.75
338.293
341.896
345.551
349.249
352.976
356.715
360.444
364.135
367.756
371.268
374.623
377.77
380.645
383.18
385.296
386.909
387.925
388.245
387.766
386.386
384.002
380.52
375.856
369.949
362.759
354.281
344.547
333.632
321.657
308.784
295.219
281.196
266.976
252.805
238.91
225.499
212.749
200.807
189.781
179.742
170.733
162.743
155.695
149.491
144.035
139.206
134.959
131.263
128.056
125.266
122.826
120.682
118.82
117.221
115.838
114.642
113.617
112.75
112.034
111.464
111.037
110.749
110.603
110.612
110.889
111.525
115.678
68.4662
69.4573
70.526
71.6757
72.9121
74.2399
75.6634
77.1868
78.815
80.5527
82.405
84.3772
86.4748
88.7034
91.0689
93.5773
96.2348
99.0478
102.023
105.166
108.484
111.984
115.672
119.554
123.637
127.927
132.429
137.149
142.091
147.259
152.658
158.29
164.157
170.26
176.6
183.174
189.981
197.017
204.277
211.755
219.443
227.332
235.412
243.669
252.091
260.664
269.37
278.193
287.115
296.116
305.178
314.279
323.399
332.517
341.613
350.666
359.655
368.561
377.366
386.052
394.602
403
411.233
419.287
427.152
434.817
442.274
449.517
456.54
463.34
469.915
476.264
482.388
488.288
493.967
499.43
504.681
509.726
514.571
519.223
523.69
527.979
532.1
536.058
539.864
543.526
547.051
550.448
553.725
556.888
559.944
562.899
565.761
568.534
571.223
573.834
576.368
578.829
581.221
583.544
585.797
587.978
590.086
592.117
594.069
595.938
597.717
599.394
600.962
602.407
603.715
604.868
605.849
606.635
607.205
607.53
607.578
607.314
606.697
605.686
604.231
602.277
599.766
596.632
592.806
588.217
582.786
576.435
569.083
560.654
551.071
540.27
528.199
514.821
500.123
484.122
466.868
448.452
429.006
408.707
387.775
366.47
345.077
323.898
303.233
283.36
264.52
246.914
230.687
215.939
202.713
191.006
180.773
172.038
164.701
158.508
153.28
148.867
145.172
142.129
139.663
137.686
136.112
134.863
133.875
133.187
132.822
132.67
132.691
132.865
133.181
133.63
134.201
134.885
135.662
136.519
137.39
138.319
139.191
144.479
82.2705
80.9474
79.7221
78.5924
77.556
76.611
75.7558
74.9891
74.31
73.7175
73.2111
72.7903
72.4548
72.2046
72.0397
71.9604
71.9671
72.0603
72.2409
72.5095
72.8672
73.315
73.854
74.4855
75.2107
76.031
76.9477
77.9621
79.0755
80.2892
81.6042
83.0215
84.542
86.1664
87.8949
89.7278
91.6647
93.7053
95.8485
98.093
100.437
102.878
105.414
108.04
110.754
113.551
116.426
119.373
122.387
125.461
128.589
131.762
134.974
138.217
141.483
144.763
148.05
151.335
154.61
157.866
161.098
164.296
167.454
170.566
173.625
176.627
179.565
182.435
185.235
187.96
190.609
193.179
195.67
198.08
200.411
202.662
204.835
206.93
208.951
210.899
212.777
214.589
216.337
218.024
219.655
221.232
222.761
224.243
225.684
227.086
228.454
229.79
231.098
232.381
233.641
234.881
236.104
237.311
238.505
239.687
240.858
242.018
243.168
244.307
245.436
246.554
247.66
248.753
249.83
250.89
251.93
252.946
253.936
254.895
255.819
256.706
257.548
258.34
259.075
259.748
260.349
260.87
261.301
261.63
261.844
261.93
261.872
261.65
261.246
260.636
259.798
258.705
257.33
255.647
253.628
251.251
248.495
245.348
241.808
237.887
233.61
229.023
224.191
219.192
214.115
209.043
204.057
199.236
194.659
190.404
186.539
183.113
180.147
177.601
175.436
173.681
172.306
171.505
171.155
171.043
171.102
171.264
171.475
171.663
171.75
171.678
171.46
171.109
170.637
170.05
169.361
168.58
167.709
166.748
165.686
164.506
163.507
162.488
161.965
160.756
256.366
256.754
260.211
264.532
269.059
273.854
279.005
284.593
290.745
297.627
305.431
314.378
324.719
336.746
350.8
367.287
386.712
409.669
437.009
469.409
260.24
174.95
140.252
124.346
132.164
119.012
114.817
111.972
110.254
109.282
108.789
108.637
108.76
109.132
109.75
110.63
111.806
113.318
115.22
117.578
120.471
123.993
128.261
133.404
139.211
122.47
106.352
94.53
87.6335
83.063
90.4096
87.2538
84.5462
82.3621
80.6334
79.2606
78.1699
77.3103
76.6482
76.1632
75.8467
75.6992
75.728
75.947
76.375
77.037
77.9634
79.1913
80.7555
82.5426
79.7867
75.2165
70.5761
67.1971
63.9241
79.5561
76.9772
74.5756
72.44
70.5818
68.9741
67.5865
66.3915
65.3663
64.4934
63.7612
63.1637
62.6993
62.3707
62.1842
62.1496
62.2801
62.5924
63.1002
63.7456
63.071
61.3761
59.1989
57.352
55.1608
74.5338
72.2366
70.0285
67.974
66.0985
64.402
62.8765
61.5107
60.292
59.2086
58.2511
57.4127
56.6894
56.0802
55.5866
55.2126
54.9649
54.8523
54.8816
55.023
54.7169
53.9035
52.7
51.5767
50.0154
72.1352
69.9797
67.8802
65.8814
64.0069
62.2651
60.6581
59.184
57.8373
56.6114
55.4997
54.4966
53.5982
52.8021
52.1079
51.517
51.0331
50.6612
50.4051
50.2497
49.9493
49.4129
48.6173
47.847
46.6489
71.1326
69.0465
67.003
65.033
63.1558
61.3814
59.7163
58.1628
56.7203
55.3857
54.1552
53.0249
51.9914
51.0525
50.2068
49.4549
48.7986
48.241
47.7845
47.4218
47.0356
46.5582
45.9239
45.3189
44.329
70.9482
68.8896
66.8684
64.9063
63.0179
61.2131
59.4994
57.8814
56.3608
54.9373
53.6089
52.3735
51.2285
50.172
49.2028
48.3207
47.5269
46.8235
46.2119
45.6894
45.1966
44.692
44.1015
43.5609
42.6841
71.268
69.211
67.1899
65.22
63.3123
61.4756
59.7171
58.0424
56.4546
54.9547
53.5424
52.2166
50.9757
49.8184
48.7437
47.7514
46.8422
46.0177
45.2789
44.6257
44.0265
43.4604
42.8554
42.3234
41.4996
71.9023
69.8299
67.7942
65.8054
63.8718
62.0008
60.1991
58.4724
56.8243
55.2568
53.7704
52.365
51.0399
49.7942
48.6272
47.5389
46.5298
45.6015
44.7545
43.9906
43.292
42.6522
42.004
41.4495
40.6405
72.7257
70.6274
68.5673
66.5523
64.588
62.6809
60.837
59.0615
57.3582
55.7296
54.1769
52.7006
51.3004
49.976
48.7272
47.5541
46.4572
45.4381
44.4972
43.6375
42.8482
42.1328
41.4281
40.8344
40.0165
73.6494
71.5193
69.4292
67.3834
65.3859
63.442
61.5568
59.7354
57.9812
56.2971
54.6845
53.1444
51.677
50.2824
48.9606
47.7121
46.5374
45.4381
44.4148
43.4713
42.6001
41.8119
41.046
40.405
39.564
74.6072
72.4431
70.3205
68.2421
66.2106
64.2303
62.3057
60.4412
58.6403
56.9056
55.2391
53.6417
52.1141
50.6567
49.2699
47.9541
46.7103
45.5402
44.4443
43.4271
42.4827
41.6267
40.7997
40.1086
39.237
75.5471
73.3497
71.1949
69.0845
67.02
65.005
63.0436
61.1395
59.2961
57.516
55.8011
54.1527
52.5715
51.0583
49.6136
48.2383
46.9334
45.7007
44.5408
43.4589
42.4496
41.5319
40.6468
39.9062
39.0009
76.4269
74.1997
72.0154
69.8754
67.7807
65.7342
63.7394
61.7999
59.9187
58.0983
56.3407
54.6473
53.019
51.4567
49.9613
48.5337
47.175
45.8875
44.6717
43.5333
42.4669
41.4941
40.5556
39.7682
38.8293
77.2118
74.9602
72.7512
70.5859
68.4651
66.3914
64.3679
62.3978
60.484
58.629
56.8346
55.1024
53.4335
51.8288
50.2894
48.8165
47.4114
46.0765
44.8124
43.6252
42.5093
41.4882
40.502
39.6715
38.7017
77.8714
75.603
73.3758
71.1912
69.0501
66.9546
64.9079
62.9129
60.9725
59.0888
57.264
55.4995
53.7965
52.1562
50.5798
49.0686
47.6242
46.2491
44.944
43.7155
42.5576
41.495
40.4675
39.5984
38.6021
78.3795
76.1032
73.866
71.6695
69.5149
67.4045
65.3412
63.3279
61.3673
59.4618
57.6132
55.8232
54.0931
52.4242
50.8177
49.2753
47.7987
46.3906
45.0518
43.7892
42.5967
41.4994
40.4376
39.5348
38.5175
78.7123
76.4392
74.2018
72.0027
69.8433
67.7263
65.6545
63.6308
61.6579
59.7382
57.8735
56.0654
54.3155
52.6251
50.9956
49.4288
47.9265
46.4917
45.1254
43.8345
42.6129
41.4856
40.394
39.4599
38.4248
78.8469
76.5875
74.36
72.1675
70.0122
67.8969
65.8246
63.7984
61.8208
59.8943
58.0207
56.2018
54.439
52.7338
51.0879
49.5031
47.9815
46.5262
45.1385
43.8253
42.5805
41.4289
40.3129
39.3528
38.3021
78.7604
76.5263
74.3194
72.1436
70.0017
67.897
65.8328
63.8121
61.8377
59.9119
58.0368
56.2141
54.4455
52.7326
51.0771
49.4812
47.9471
46.4782
45.0761
43.7478
42.4873
41.3192
40.1864
39.2088
38.1477
78.4321
76.2365
74.0627
71.9152
69.7975
67.7135
65.6668
63.6607
61.698
59.7812
57.9126
56.0939
54.327
52.6136
50.9558
49.3559
47.8165
46.3412
44.9319
43.596
42.3272
41.1505
40.0086
39.0216
37.9565
77.8411
75.6993
73.5726
71.4665
69.3852
67.3333
65.3147
63.3331
61.3917
59.493
57.6395
55.8332
54.076
52.3701
50.7177
49.1215
47.5842
46.1101
44.7012
43.3653
42.0961
40.9185
39.7758
38.7871
37.7252
76.9673
74.8962
72.8323
70.782
68.7506
66.7432
64.7646
62.8186
60.9088
59.0382
57.2092
55.4244
53.6858
51.9959
50.3572
48.7728
47.2459
45.781
44.3806
43.0529
41.7915
40.6213
39.486
38.5035
37.4522
75.7921
73.8096
71.8253
69.8465
67.8796
65.9306
64.0047
62.1065
60.2398
58.408
56.614
54.8605
53.1501
51.4855
49.8696
48.3059
46.7981
45.3513
43.9683
42.6575
41.4129
40.2587
39.1394
38.1712
37.1377
74.2971
72.4221
70.5354
68.645
66.7585
64.8828
63.0236
61.1863
59.3751
57.594
55.8463
54.135
52.4632
50.834
49.2508
47.7177
46.2389
44.8198
43.4639
42.1796
40.9611
39.8323
38.7378
37.7923
36.7836
72.4639
70.7168
68.9468
67.1629
65.3739
63.5874
61.8101
60.0479
58.3059
56.5883
54.8992
53.2419
51.6202
50.0376
48.4981
47.0064
45.5673
44.1867
42.8686
41.6214
40.4393
39.3456
38.285
37.3707
36.3938
70.2939
68.696
67.0627
65.4045
63.7309
62.0508
60.3716
58.7
57.0418
55.4018
53.7846
52.1944
50.6354
49.1118
47.6282
46.19
44.8027
43.4726
42.2039
41.0052
39.8702
38.8218
37.8043
36.9294
35.9911
67.7808
66.3537
64.8784
63.366
61.8273
60.2719
58.7083
57.1439
55.5853
54.0381
52.5076
50.9987
49.5161
48.065
46.6508
45.2793
43.9566
42.6896
41.4827
40.3441
39.2671
38.2734
37.3079
36.4794
35.5868
64.8923
63.6585
62.3626
61.0169
59.6331
58.2217
56.7922
55.3528
53.9108
52.4728
51.0448
49.6325
48.2416
46.8778
45.5475
44.2571
43.0135
41.8236
40.6918
39.6258
38.6184
37.6897
36.7856
36.0104
35.1705
61.6229
60.6038
59.5087
58.3507
57.1421
55.8945
54.6181
53.3221
52.0146
50.7031
49.3945
48.0953
46.8122
45.552
44.3215
43.1282
41.9792
40.8815
39.839
38.8587
37.9326
37.0789
36.2451
35.5304
34.7492
57.9764
57.1917
56.3178
55.3676
54.3543
53.2901
52.1861
51.0523
49.8978
48.7308
47.5592
46.3908
45.233
44.0935
42.9803
41.9011
40.8631
39.8734
38.935
38.0534
37.2202
36.4514
35.6964
35.0485
34.3315
53.9724
53.4366
52.8023
52.0787
51.2794
50.4174
49.5046
48.5516
47.5684
46.5642
45.5481
44.5286
43.5144
42.5141
41.5363
40.5891
39.6795
38.8136
37.9937
37.2235
36.4942
35.8191
35.1508
34.5755
33.9277
49.6648
49.3823
48.9934
48.5109
47.9418
47.2989
46.5944
45.8397
45.0455
44.2222
43.3795
42.5275
41.6756
40.8332
40.0094
39.2121
38.4477
37.721
37.033
36.3856
35.7697
35.1963
34.6216
34.1239
33.5497
44.855
44.844
44.7195
44.4958
44.186
43.7926
43.3271
42.8012
42.2266
41.6144
40.9757
40.3213
39.6617
39.0068
38.3652
37.7444
37.1494
36.5834
36.0458
35.537
35.048
34.5874
34.1158
33.7032
33.2086
39.717
39.9778
40.1222
40.1624
40.1106
39.9804
39.7742
39.5
39.1697
38.7952
38.3883
37.9603
37.522
37.0827
36.6501
36.23
35.8254
35.4378
35.0653
34.7071
34.3548
34.0152
33.6536
33.3318
32.9201
34.7272
35.2281
35.6159
35.8996
36.0899
36.1981
36.2362
36.2094
36.1239
35.9911
35.8229
35.6302
35.4227
35.2084
34.993
34.7797
34.5698
34.3628
34.1565
33.9495
33.7344
33.5166
33.2657
33.0358
32.7063
30.0696
30.7675
31.3619
31.8587
32.2658
32.5929
32.851
33.0511
33.2016
33.3063
33.3757
33.419
33.4437
33.4549
33.4556
33.4467
33.4276
33.397
33.3529
33.2939
33.2141
33.1172
32.9767
32.8389
32.5904
25.9197
26.7629
27.518
28.1878
28.7783
29.2974
29.7542
30.1592
30.5219
30.851
31.1478
31.4179
31.6653
31.8919
32.0978
32.2818
32.4423
32.5783
32.6883
32.7716
32.8236
32.8461
32.8152
32.7695
32.6002
22.419
23.3534
24.2186
25.0169
25.7529
26.4324
27.0625
27.6512
28.2059
28.7324
29.2346
29.7117
30.1615
30.5832
30.9741
31.3321
31.6556
31.9443
32.1982
32.417
32.597
32.7373
32.8157
32.8627
32.7707
19.6507
20.6253
21.5534
22.4396
23.2858
24.0949
24.8712
25.619
26.3419
27.0421
27.7195
28.3716
28.9949
29.5838
30.1338
30.6426
31.1096
31.5359
31.9229
32.2709
32.5758
32.834
33.022
33.1635
33.1473
17.5638
18.5596
19.5359
20.4922
21.4284
22.3452
23.2443
24.1267
24.992
25.8381
26.6616
27.4578
28.2213
28.946
29.6275
30.2634
30.8544
31.4035
31.9141
32.3864
32.8151
33.1931
33.4931
33.7327
33.7906
16.1145
17.1098
18.1301
19.1584
20.185
21.2052
22.2174
23.2194
24.2074
25.1762
26.1199
27.0329
27.9089
28.742
29.5285
30.2678
30.9635
31.6213
32.2466
32.8402
33.3939
33.8965
34.3129
34.6562
34.7853
15.9259
16.7818
17.7393
18.7645
19.8285
20.9126
22.0064
23.0994
24.1813
25.2417
26.2723
27.2672
28.2202
29.1258
29.9826
30.7941
31.5682
32.3158
33.045
33.7558
34.4365
35.0696
35.6095
36.0623
36.2589
19.9682
20.2919
20.767
21.3857
22.1276
22.9732
23.907
24.8925
25.8984
26.8996
27.8795
28.8327
29.7503
30.6259
31.4623
32.2696
33.063
33.8606
34.674
35.5013
36.3214
37.1036
37.7901
38.3714
38.6369
34.0154
33.4347
33.0151
32.7487
32.613
32.585
32.6501
32.7948
33.0061
33.2719
33.5837
33.963
34.3807
34.8237
35.3014
35.8322
36.4365
37.1375
37.9426
38.8377
39.7789
40.7151
41.5514
42.2776
42.5758
53.9966
52.3509
50.9516
49.7834
48.7971
47.9405
47.1669
46.4341
45.7111
44.9838
44.2595
43.5703
42.9508
42.4388
42.1001
41.9774
42.097
42.486
43.1339
43.9982
44.9969
46.0482
47.004
47.8625
48.1224
69.734
67.5721
65.6464
63.9692
62.5008
61.204
60.0397
58.9596
57.9125
56.8531
55.7526
54.6094
53.4524
52.3395
51.362
50.618
50.2383
50.297
50.7665
51.5806
52.6218
53.7825
54.8532
55.8566
56.0015
77.9801
76.0507
74.179
72.4486
70.8623
69.4306
68.158
67.0334
66.0347
65.1311
64.2874
63.4732
62.6735
61.8997
61.1999
60.6546
60.3942
60.5933
61.2273
62.2346
63.4933
64.8999
66.1953
67.4546
67.4551
81.4593
80.0299
78.4811
76.9599
75.5042
74.1668
72.9935
72.0168
71.2577
70.7247
70.4122
70.3033
70.3751
70.6076
70.995
71.553
72.3653
73.532
75.0368
76.8291
78.7977
80.875
82.765
84.6477
84.6262
83.4159
82.4389
81.251
80.0522
78.8877
77.8325
76.9626
76.3441
76.0335
76.0753
76.5008
77.3268
78.5562
80.179
82.1751
84.5176
87.1965
90.206
93.4895
96.9728
100.532
104.148
107.468
110.876
111.305
86.1289
85.5259
84.6908
83.8216
83.0123
82.3725
82.0045
81.9962
82.425
83.3593
84.859
86.9744
89.7431
93.1858
97.2991
102.049
107.377
113.201
119.396
125.849
132.398
139.092
145.455
152.306
154.352
91.2612
90.9143
90.3169
89.7813
89.4498
89.4545
89.909
90.9076
92.5362
94.8783
98.0181
102.04
107.024
113.037
120.116
128.256
137.396
147.429
158.195
169.577
181.381
193.813
206.153
220.199
226.287
100.593
100.356
99.9335
99.8741
100.348
101.475
103.354
106.073
109.718
114.387
120.192
127.258
135.718
145.701
157.314
170.616
185.602
202.212
220.326
239.933
260.846
283.638
307.143
335.238
350.066
117.275
117.068
116.986
117.961
120.083
123.389
127.941
133.81
141.085
149.885
160.359
172.69
187.083
203.756
222.922
244.767
269.42
296.983
327.503
361.274
398.178
439.441
483.362
537.036
570.507
149.959
150.005
151.291
155.091
161.063
169.095
179.2
191.425
205.869
222.69
242.106
264.389
289.865
318.908
351.915
389.302
431.462
478.83
531.79
591.235
657.183
730.754
813.355
910.429
988.431
198.825
200.593
201.066
201.692
203.586
207.274
212.726
219.911
228.92
239.939
253.23
269.109
287.907
309.899
335.2
363.65
394.739
427.567
461.205
494.49
527.818
559.847
594.785
627.734
685.293
)
;

boundaryField
{
    inlet
    {
        type            fixedValue;
        value           uniform 14.855;
    }
    outlet
    {
        type            zeroGradient;
    }
    upperWall
    {
        type            zeroGradient;
    }
    lowerWall
    {
        type            zeroGradient;
    }
    frontAndBack
    {
        type            empty;
    }
}


// ************************************************************************* //
