/*--------------------------------*- C++ -*----------------------------------*\
| =========                 |                                                 |
| \\      /  F ield         | OpenFOAM: The Open Source CFD Toolbox           |
|  \\    /   O peration     | Version:  1.4.2                                 |
|   \\  /    A nd           | Web:      http://www.openfoam.org               |
|    \\/     M anipulation  |                                                 |
\*---------------------------------------------------------------------------*/
FoamFile
{
    version     2.0;
    format      ascii;
    class       volScalarField;
    object      epsilon;
    location    "400";
}
// * * * * * * * * * * * * * * * * * * * * * * * * * * * * * * * * * * * * * //

dimensions      [0 2 -3 0 0 0 0];

internalField   nonuniform List<scalar> 
12225
(
443.026
353.451
290.584
245.342
212.184
187.587
169.236
155.561
145.472
138.194
133.165
129.966
128.279
127.858
128.505
130.058
132.385
135.645
60.1661
73.6163
79.5701
83.6993
87.7211
92.3642
97.9831
104.76
112.794
122.136
132.808
144.802
158.084
172.591
188.228
204.859
222.246
240.449
26.2963
33.7101
37.8447
40.6837
42.9314
44.9559
46.9698
49.1011
51.43
54.0077
56.8668
60.026
63.4926
67.262
71.3153
75.6118
80.066
84.5199
18.7359
22.7244
25.4811
27.3752
28.8168
30.012
31.0725
32.072
33.0599
34.0692
35.1216
36.231
37.405
38.6459
39.9507
41.3098
42.7049
44.0937
16.1689
18.1644
19.9339
21.293
22.345
23.1845
23.8861
24.5034
25.0705
25.6091
26.134
26.6556
27.1808
27.7136
28.2553
28.8054
29.3605
29.9028
15.2355
16.087
17.0496
17.9386
18.691
19.3131
19.8317
20.2728
20.6579
21.0038
21.3229
21.6241
21.9133
22.1946
22.4704
22.7419
23.0087
23.2613
14.8943
15.1703
15.5871
16.0534
16.5081
16.9241
17.2923
17.6127
17.8914
18.1364
18.3549
18.5529
18.7353
18.9057
19.0667
19.2198
19.3649
19.496
14.7876
14.8381
14.9919
15.2099
15.4549
15.7027
15.9392
16.1571
16.3543
16.5312
16.6898
16.8325
16.9621
17.0809
17.1908
17.2932
17.3883
17.472
14.7441
14.6885
14.7004
14.7665
14.8681
14.9892
15.1179
15.2461
15.3689
15.4838
15.5899
15.6871
15.7761
15.8576
15.9326
16.0021
16.0664
16.1233
14.7239
14.6133
14.5425
14.509
14.5064
14.5265
14.562
14.6069
14.6565
14.7077
14.7584
14.8071
14.8533
14.8966
14.937
14.9747
15.0098
15.0413
14.7149
14.5789
14.4656
14.3756
14.3074
14.2583
14.2247
14.2034
14.1912
14.1858
14.1849
14.1872
14.1914
14.1967
14.2027
14.209
14.2152
14.2208
14.7109
14.5642
14.4317
14.3139
14.2107
14.1212
14.0442
13.9783
13.922
13.8736
13.8319
13.7958
13.7641
13.7361
13.7112
13.6887
13.6684
13.6499
14.7089
14.5577
14.4175
14.2879
14.1686
14.0594
13.9596
13.8687
13.7859
13.7106
13.6418
13.579
13.5215
13.4686
13.4198
13.3747
13.3329
13.2946
14.7077
14.5544
14.4111
14.277
14.1514
14.0339
13.9241
13.8216
13.7258
13.6365
13.553
13.475
13.4021
13.3338
13.2698
13.2098
13.1535
13.1015
14.7068
14.5523
14.4076
14.2716
14.1436
14.0231
13.9095
13.8024
13.7013
13.606
13.516
13.431
13.3506
13.2747
13.2028
13.1349
13.0707
13.011
14.706
14.5508
14.4052
14.2683
14.1393
14.0176
13.9026
13.7938
13.6908
13.5933
13.5008
13.4131
13.3298
13.2508
13.1756
13.1043
13.0366
12.9736
14.7055
14.5498
14.4037
14.2663
14.1367
14.0144
13.8988
13.7894
13.6857
13.5873
13.4939
13.4053
13.321
13.2409
13.1646
13.0921
13.0233
12.9591
14.7053
14.5494
14.4031
14.2655
14.1358
14.0132
13.8974
13.7877
13.6838
13.5853
13.4917
13.4029
13.3185
13.2382
13.1619
13.0893
13.0205
12.9563
14.7055
14.5497
14.4036
14.2661
14.1366
14.0143
13.8987
13.7895
13.686
13.5881
13.4952
13.4072
13.3237
13.2445
13.1693
13.098
13.0305
12.9676
14.7059
14.5507
14.4052
14.2686
14.14
14.0191
13.9053
13.7982
13.6973
13.6022
13.5126
13.4282
13.3485
13.2734
13.2024
13.1354
13.0723
13.0139
14.7068
14.5529
14.4094
14.2758
14.1514
14.036
13.9288
13.8295
13.7374
13.652
13.5727
13.4989
13.4302
13.3661
13.3061
13.25
13.1976
13.1494
14.7086
14.5589
14.4229
14.3004
14.1909
14.0937
14.0076
13.9312
13.8632
13.8025
13.748
13.6987
13.6537
13.6124
13.5743
13.5388
13.5058
13.4756
14.7142
14.5803
14.471
14.3855
14.3211
14.2741
14.2407
14.2173
14.201
14.1895
14.1811
14.1745
14.1687
14.1631
14.1572
14.151
14.1443
14.1375
14.7358
14.6588
14.6349
14.6532
14.7001
14.7634
14.834
14.9056
14.974
15.0367
15.0926
15.1412
15.1828
15.2177
15.2466
15.2701
15.289
15.3041
14.8205
14.9297
15.1376
15.394
15.6591
15.9108
16.1381
16.3364
16.5053
16.6475
16.7662
16.8648
16.9466
17.0143
17.0703
17.1168
17.1553
17.1875
15.1412
15.7851
16.5161
17.2054
17.7946
18.2798
18.673
18.9888
19.242
19.4454
19.6098
19.7437
19.854
19.9458
20.0233
20.0897
20.1475
20.1985
16.3187
18.2987
19.961
21.234
22.1805
22.8819
23.4048
23.8005
24.1057
24.3461
24.5396
24.6996
24.8358
24.9555
25.0641
25.1653
25.2622
25.3563
20.7541
25.6365
28.6917
30.5983
31.8392
32.6625
33.2209
33.6166
33.9148
34.1575
34.3724
34.5771
34.7832
34.998
35.2259
35.469
35.7282
36.0024
43.9607
54.4818
58.7066
60.419
60.9733
60.9873
60.8421
60.7507
60.7804
60.9601
61.2992
61.7957
62.4425
63.2293
64.1445
65.1757
66.3082
67.5342
332.627
280.253
240.732
210.193
186.155
166.944
151.391
138.659
128.137
119.37
112.017
105.812
100.55
96.0705
92.2444
88.9684
86.1592
83.7472
0.576862
0.807612
1.07057
1.31181
1.55802
1.8981
2.38244
3.04414
3.9669
5.32269
7.03996
9.05669
11.431
14.2291
17.5526
21.5605
26.5025
32.7723
38.3051
44.1135
50.3564
57.0653
64.2539
71.9333
80.1146
88.809
98.0276
107.782
118.084
128.946
140.379
152.397
165.014
178.242
192.097
206.593
221.747
237.577
254.101
271.339
289.312
308.045
327.562
347.892
369.064
391.112
414.072
437.983
462.888
488.833
515.869
544.05
573.434
604.085
636.07
669.46
704.331
740.763
778.84
818.65
860.282
903.828
949.381
997.037
1046.89
1099.02
1153.52
1210.47
1269.94
1331.98
1396.63
1463.92
1533.86
1606.42
1681.58
1759.29
1839.51
1922.22
2007.51
2095.64
2185.39
2274.92
2363.26
2449.29
2531.75
2609.24
2680.28
2743.36
2797.04
2839.98
2871.01
2889.29
2894.25
2885.71
2863.86
2829.23
2782.68
2725.33
2658.47
2583.54
2502
2415.32
2324.92
2232.11
2138.17
2044.36
1951.52
1861.61
1775.2
1695.83
1628.92
1566.7
1507.04
1449.5
1393.98
1340.46
1288.96
1239.45
1191.92
1146.33
1102.65
1060.82
1020.78
982.487
945.868
910.861
877.4
845.421
814.861
785.656
757.745
731.068
705.569
681.192
657.885
635.597
614.281
593.89
574.382
555.713
537.844
520.738
504.36
488.675
473.652
459.26
445.47
432.256
419.592
407.453
395.816
384.659
373.961
363.703
353.866
344.431
335.382
326.702
318.375
310.387
302.724
295.372
288.317
281.546
275.046
268.804
262.806
257.037
251.484
246.128
240.95
235.926
231.069
226.336
221.675
217.005
212.205
207.036
201.163
192.579
2.09522
1.78732
1.89106
2.21282
2.78428
3.58149
4.56337
5.76475
7.22018
8.95853
10.9856
13.2973
15.8945
18.7829
21.9713
25.4651
29.2538
33.2898
37.448
41.7956
46.3649
51.1686
56.2133
61.5044
67.047
72.8467
78.9089
85.2394
91.8442
98.7295
105.902
113.367
121.133
129.205
137.593
146.302
155.342
164.72
174.446
184.53
194.982
205.812
217.034
228.658
240.701
253.176
266.099
279.487
293.36
307.737
322.638
338.086
354.105
370.719
387.954
405.836
424.393
443.653
463.643
484.392
505.925
528.268
551.447
575.48
600.388
626.183
652.875
680.467
708.953
738.324
768.558
799.628
831.494
864.11
897.423
931.371
965.893
1000.93
1036.42
1072.3
1108.6
1144.4
1179.24
1212.7
1244.34
1273.67
1300.19
1323.41
1342.83
1358.02
1368.6
1374.28
1374.89
1370.36
1360.76
1346.27
1327.19
1303.88
1276.8
1246.46
1213.36
1178.04
1141.01
1102.75
1063.7
1024.24
984.545
944.895
905.737
868.493
833.94
801.216
769.878
739.747
710.754
682.864
656.055
630.305
605.592
581.891
559.176
537.416
516.58
496.638
477.555
459.299
441.836
425.135
409.162
393.886
379.276
365.303
351.938
339.152
326.919
315.214
304.013
293.292
283.028
273.201
263.79
254.777
246.143
237.871
229.943
222.346
215.063
208.081
201.386
194.967
188.81
182.904
177.238
171.803
166.587
161.583
156.78
152.171
147.747
143.501
139.425
135.513
131.757
128.151
124.688
121.364
118.172
115.107
112.162
109.333
106.613
104
101.519
99.156
96.9154
94.8138
92.895
91.278
90.318
91.1622
4.38977
3.35068
3.57917
4.21048
5.03039
6.05162
7.29873
8.7884
10.5317
12.5354
14.8
17.3192
20.0843
23.087
26.3189
29.7701
33.4272
37.2741
41.2982
45.5085
49.9146
54.5229
59.3385
64.3659
69.6095
75.0738
80.7632
86.6823
92.8359
99.2285
105.865
112.75
119.888
127.285
134.945
142.874
151.076
159.558
168.324
177.382
186.736
196.394
206.363
216.65
227.263
238.21
249.5
261.143
273.149
285.527
298.289
311.446
325.009
338.992
353.406
368.263
383.575
399.355
415.612
432.359
449.604
467.354
485.616
504.392
523.685
543.491
563.805
584.618
605.915
627.68
649.889
672.516
695.53
718.894
742.568
766.51
790.67
814.993
839.41
863.934
888.299
912.185
935.34
957.512
978.423
997.772
1015.24
1030.48
1043.17
1053.01
1059.7
1063.05
1062.88
1059.14
1051.83
1041.06
1027.01
1009.92
990.089
967.857
943.582
917.626
890.335
862.034
833.004
803.514
773.673
744.351
715.806
688.387
662.209
637.098
612.907
589.558
567.014
545.26
524.286
504.083
484.639
465.942
447.977
430.725
414.168
398.286
383.056
368.456
354.465
341.058
328.214
315.909
304.123
292.833
282.019
271.659
261.735
252.227
243.117
234.388
226.022
218.004
210.319
202.951
195.886
189.112
182.615
176.384
170.406
164.67
159.167
153.886
148.818
143.953
139.283
134.8
130.495
126.362
122.393
118.581
114.921
111.405
108.027
104.783
101.667
98.6734
95.7975
93.0348
90.3808
87.8311
85.382
83.0296
80.7708
78.6033
76.5334
74.5668
72.7082
70.9736
69.3999
68.0708
67.1886
67.1905
8.00801
5.54402
5.67568
6.31224
7.24264
8.42537
9.85369
11.5275
13.4468
15.6103
18.014
20.6512
23.5137
26.593
29.8813
33.3713
37.0565
40.9323
44.9976
49.2555
53.7105
58.367
63.2288
68.3
73.5844
79.0858
84.808
90.7549
96.9302
103.337
109.98
116.862
123.986
131.356
138.975
146.845
154.97
163.353
171.996
180.904
190.077
199.52
209.235
219.225
229.494
240.044
250.879
262.001
273.415
285.124
297.13
309.439
322.052
334.974
348.208
361.756
375.622
389.807
404.314
419.142
434.293
449.765
465.555
481.662
498.079
514.801
531.818
549.123
566.702
584.544
602.633
620.954
639.489
658.219
677.125
696.184
715.372
734.662
754.013
773.413
792.681
811.659
830.193
848.106
865.193
881.218
895.91
908.974
920.104
928.993
935.358
938.954
939.592
937.155
931.608
922.997
911.447
897.154
880.373
861.4
840.555
818.162
794.533
769.94
744.676
719.008
693.507
668.427
643.925
620.159
597.194
575.002
553.541
532.781
512.708
493.311
474.587
456.527
439.124
422.368
406.247
390.746
375.852
361.546
347.811
334.629
321.981
309.848
298.211
287.052
276.351
266.091
256.253
246.82
237.776
229.105
220.789
212.815
205.167
197.832
190.797
184.048
177.572
171.36
165.398
159.677
154.186
148.915
143.855
138.998
134.334
129.855
125.554
121.423
117.456
113.645
109.984
106.467
103.088
99.8411
96.7217
93.7242
90.844
88.0762
85.4167
82.861
80.4054
78.0461
75.7797
73.603
71.5135
69.5094
67.5921
65.768
64.042
62.4267
60.9486
59.6605
58.6705
58.1424
12.1071
7.83514
7.59479
8.20663
9.21849
10.5176
12.0684
13.8581
15.8806
18.132
20.6082
23.3042
26.215
29.3356
32.6616
36.1896
39.9173
43.8441
47.9708
52.3001
56.8353
61.5798
66.5374
71.7115
77.1058
82.7237
88.5685
94.6434
100.951
107.495
114.278
121.301
128.567
136.077
143.834
151.838
160.091
168.592
177.342
186.342
195.591
205.088
214.834
224.826
235.065
245.547
256.273
267.239
278.443
289.884
301.558
313.463
325.594
337.95
350.526
363.318
376.321
389.531
402.944
416.553
430.353
444.338
458.502
472.838
487.34
502.001
516.815
531.775
546.876
562.114
577.483
592.983
608.611
624.368
640.256
656.278
672.436
688.734
705.176
721.743
738.348
754.912
771.338
787.504
803.246
818.357
832.581
845.621
857.147
866.813
874.28
879.235
881.42
880.65
876.826
869.946
860.099
847.456
832.266
814.831
795.482
774.56
752.409
729.285
705.733
682.058
658.516
635.299
612.547
590.369
568.823
547.924
527.67
508.054
489.072
470.72
452.994
435.888
419.395
403.505
388.207
373.488
359.335
345.731
332.661
320.108
308.055
296.485
285.38
274.723
264.498
254.687
245.274
236.244
227.581
219.269
211.294
203.643
196.302
189.257
182.497
176.01
169.783
163.806
158.069
152.561
147.273
142.196
137.321
132.638
128.142
123.823
119.674
115.688
111.859
108.181
104.646
101.25
97.9864
94.8501
91.836
88.9394
86.1555
83.4799
80.9085
78.4374
76.0627
73.7811
71.5893
69.4846
67.4645
65.5275
63.674
61.9081
60.235
58.6645
57.2159
55.9236
54.8486
54.0571
15.677
9.68946
9.19099
9.78434
10.8506
12.2255
13.8521
15.7078
17.783
20.0731
22.5754
25.288
28.2091
31.3375
34.6722
38.213
41.9603
45.9154
50.0804
54.4582
59.052
63.8653
68.9016
74.1644
79.6571
85.3829
91.345
97.5461
103.989
110.675
117.606
124.784
132.21
139.884
147.806
155.976
164.393
173.056
181.962
191.109
200.495
210.116
219.968
230.047
240.348
250.865
261.593
272.524
283.653
294.972
306.472
318.146
329.985
341.98
354.12
366.397
378.8
391.319
403.944
416.664
429.47
442.352
455.301
468.308
481.367
494.471
507.617
520.802
534.028
547.297
560.618
574
587.46
601.017
614.695
628.522
642.531
656.752
671.245
686.002
701.011
716.251
731.683
747.226
762.758
778.091
792.976
807.097
820.08
831.513
840.97
848.041
852.368
853.671
851.771
846.607
838.241
826.818
812.601
795.93
777.178
756.746
735.07
712.694
689.938
667.073
644.325
621.869
599.832
578.308
557.353
536.995
517.246
498.11
479.587
461.676
444.374
427.673
411.567
396.046
381.098
366.711
352.871
339.563
326.771
314.48
302.674
291.335
280.447
269.993
259.959
250.327
241.082
232.208
223.692
215.519
207.674
200.144
192.917
185.98
179.321
172.928
166.791
160.899
155.241
149.808
144.591
139.581
134.769
130.147
125.707
121.441
117.344
113.407
109.624
105.989
102.496
99.1391
95.913
92.8124
89.8323
86.968
84.2149
81.5687
79.0254
76.5811
74.2322
71.9753
69.8073
67.7256
65.728
63.813
61.9805
60.2333
58.5759
57.0162
55.5683
54.2556
53.1135
52.1703
18.3901
11.135
10.4376
11.0005
12.0886
13.5002
15.1617
17.0432
19.1321
21.4238
23.9174
26.6132
29.5127
32.6173
35.929
39.4498
43.1822
47.1291
51.2934
55.6787
60.2887
65.127
70.1975
75.5038
81.0493
86.8373
92.8707
99.152
105.683
112.466
119.503
126.792
134.336
142.132
150.181
158.48
167.028
175.82
184.855
194.126
203.629
213.359
223.308
233.47
243.836
254.399
265.148
276.074
287.165
298.41
309.796
321.312
332.943
344.676
356.495
368.387
380.337
392.328
404.347
416.379
428.409
440.425
452.414
464.366
476.273
488.128
499.929
511.677
523.378
535.041
546.683
558.327
570.002
581.747
593.607
605.635
617.893
630.446
643.383
656.75
670.593
684.952
699.843
715.243
731.074
747.183
763.33
779.18
794.308
808.216
820.369
830.224
837.289
841.159
841.547
838.31
831.5
821.204
807.713
791.451
772.83
752.547
731.053
708.852
686.262
663.567
640.998
618.726
596.872
575.522
554.729
534.523
514.92
495.925
477.54
459.763
442.59
426.014
410.027
394.618
379.776
365.488
351.74
338.516
325.802
313.581
301.838
290.557
279.72
269.313
259.32
249.724
240.51
231.665
223.172
215.019
207.192
199.677
192.463
185.536
178.885
172.498
166.366
160.477
154.822
149.391
144.174
139.163
134.35
129.726
125.284
121.016
116.915
112.975
109.188
105.549
102.052
98.6913
95.4608
92.3558
89.3712
86.5024
83.7448
81.0941
78.5463
76.0977
73.7445
71.4835
69.3118
67.2267
65.226
63.3083
61.4735
59.7232
58.0612
56.4937
55.0312
53.6895
52.4896
51.4439
20.4088
12.2028
11.3374
11.8511
12.9271
14.3372
15.9959
17.8672
19.9364
22.1985
24.6537
27.3039
30.1525
33.2031
36.4593
39.9252
43.6045
47.5013
51.6198
55.9642
60.5388
65.3478
70.3953
75.6854
81.2217
87.0075
93.0459
99.3395
105.89
112.699
119.768
127.096
134.684
142.53
150.632
158.989
167.595
176.448
185.543
194.873
204.432
214.213
224.206
234.403
244.794
255.367
266.11
277.01
288.053
299.224
310.508
321.888
333.347
344.866
356.428
368.013
379.601
391.174
402.712
414.196
425.607
436.929
448.145
459.242
470.21
481.039
491.727
502.274
512.687
522.982
533.178
543.307
553.41
563.539
573.758
584.144
594.785
605.781
617.253
629.303
642.038
655.562
669.962
685.288
701.531
718.593
736.267
754.212
771.954
788.903
804.385
817.69
828.146
835.183
838.382
837.372
832.147
822.92
810.04
794.177
775.868
755.713
734.235
711.908
689.12
666.225
643.495
621.092
599.14
577.716
556.866
536.617
516.979
497.956
479.549
461.753
444.563
427.971
411.967
396.54
381.679
367.369
353.596
340.346
327.603
315.351
303.575
292.258
281.385
270.939
260.905
251.267
242.012
233.123
224.587
216.39
208.519
200.96
193.701
186.73
180.036
173.607
167.432
161.502
155.806
150.334
145.078
140.029
135.178
130.518
126.04
121.737
117.603
113.63
109.811
106.141
102.614
99.224
95.9653
92.8328
89.8216
86.9271
84.1445
81.4698
78.8988
76.4276
74.0529
71.7712
69.5797
67.4756
65.457
63.5224
61.6713
59.9049
58.2262
56.6397
55.1534
53.7778
52.5252
51.4009
21.7172
12.9048
11.9066
12.3567
13.3902
14.7641
16.3852
18.2137
20.2329
22.4371
24.8266
27.404
30.1737
33.1403
36.3087
39.6839
43.271
47.0748
51.1005
55.3531
59.8375
64.5585
69.5207
74.7287
80.1863
85.8973
91.8649
98.0918
104.58
111.331
118.346
125.625
133.168
140.973
149.037
157.358
165.933
174.756
183.821
193.122
202.652
212.401
222.36
232.519
242.865
253.385
264.066
274.892
285.848
296.916
308.077
319.312
330.602
341.924
353.258
364.579
375.866
387.094
398.24
409.282
420.195
430.958
441.552
451.957
462.16
472.146
481.91
491.449
500.769
509.881
518.808
527.584
536.254
544.879
553.536
562.319
571.341
580.731
590.645
601.238
612.677
625.141
638.802
653.806
670.245
688.116
707.283
727.432
748.061
768.487
787.882
805.318
819.888
830.716
836.995
838.383
834.902
826.934
815.004
799.765
781.857
761.902
740.465
718.045
695.068
671.897
648.833
626.143
603.959
582.353
561.359
540.99
521.25
502.137
483.647
465.774
448.509
431.843
415.766
400.266
385.33
370.944
357.096
343.768
330.947
318.615
306.759
295.362
284.407
273.88
263.765
254.047
244.711
235.743
227.128
218.854
210.906
203.271
195.939
188.895
182.13
175.631
169.389
163.392
157.631
152.097
146.78
141.672
136.763
132.047
127.515
123.159
118.974
114.951
111.085
107.369
103.797
100.363
97.0623
93.8892
90.8388
87.9062
85.0869
82.3767
79.7714
77.2673
74.8608
72.5485
70.3276
68.1955
66.1501
64.1898
62.3142
60.5237
58.8206
57.2083
55.6924
54.2799
52.9775
51.7877
22.3407
13.2628
12.1728
12.552
13.5197
14.8285
16.3825
18.1398
20.082
22.2025
24.5007
26.9795
29.643
32.4963
35.545
38.7947
42.251
45.9197
49.8065
53.9171
58.2569
62.8314
67.6457
72.7047
78.0129
83.5743
89.3926
95.4707
101.811
108.416
115.286
122.422
129.823
137.487
145.414
153.6
162.041
170.732
179.668
188.841
198.243
207.865
217.697
227.727
237.944
248.332
258.877
269.562
280.371
291.284
302.28
313.34
324.44
335.556
346.665
357.741
368.757
379.687
390.503
401.179
411.687
422.001
432.096
441.948
451.537
460.844
469.857
478.566
486.972
495.08
502.908
510.485
517.855
525.079
532.238
539.436
546.8
554.486
562.674
571.563
581.38
592.379
604.83
618.999
635.115
653.323
673.62
695.785
719.32
743.481
767.282
789.528
808.83
823.837
833.577
837.729
836.44
830.153
819.481
805.133
787.825
768.236
746.983
724.606
701.565
678.246
654.968
631.998
609.557
587.76
566.625
546.146
526.316
507.124
488.559
470.613
453.275
436.535
420.382
404.803
389.785
375.315
361.379
347.963
335.05
322.627
310.677
299.184
288.135
277.512
267.302
257.488
248.058
238.996
230.289
221.922
213.884
206.161
198.742
191.613
184.764
178.184
171.862
165.788
159.952
154.344
148.955
143.777
138.801
134.02
129.424
125.007
120.762
116.681
112.759
108.988
105.364
101.879
98.5292
95.3084
92.2118
89.2346
86.3723
83.6204
80.9749
78.4319
75.9879
73.6396
71.384
69.2186
67.1411
65.1502
63.2449
61.4255
59.6934
58.051
56.5021
55.051
53.701
52.4536
22.3367
13.3098
12.172
12.4812
13.3684
14.5914
16.0556
17.7186
19.5611
21.5751
23.7592
26.1152
28.6471
31.3598
34.2589
37.3503
40.64
44.1343
47.8393
51.7611
55.9056
60.2786
64.8858
69.7325
74.8237
80.1639
85.7572
91.6071
97.7167
104.088
110.723
117.623
124.786
132.214
139.903
147.852
156.057
164.514
173.215
182.156
191.328
200.722
210.328
220.135
230.128
240.296
250.621
261.087
271.676
282.369
293.144
303.979
314.851
325.733
336.601
347.427
358.181
368.835
379.36
389.723
399.895
409.844
419.542
428.959
438.067
446.844
455.268
463.322
470.997
478.291
485.21
491.774
498.016
503.99
509.77
515.457
521.183
527.116
533.448
540.406
548.259
557.328
567.977
580.606
595.615
613.357
634.048
657.666
683.778
711.638
740.156
767.784
792.155
811.7
825.419
832.931
834.368
830.217
821.176
808.04
791.608
772.638
751.805
729.698
706.81
683.554
660.267
637.223
614.651
592.738
571.541
551.031
531.182
511.975
493.395
475.428
458.063
441.289
425.093
409.465
394.391
379.859
365.855
352.366
339.376
326.871
314.836
303.257
292.118
281.405
271.103
261.198
251.675
242.52
233.721
225.263
217.134
209.322
201.814
194.599
187.665
181.002
174.598
168.444
162.53
156.846
151.384
146.133
141.087
136.237
131.575
127.094
122.786
118.645
114.664
110.836
107.157
103.618
100.216
96.9451
93.7998
90.7753
87.8671
85.071
82.3826
79.7982
77.3142
74.9272
72.6344
70.433
68.321
66.2967
64.3591
62.5081
60.7444
59.0694
57.4857
55.9954
54.5999
53.3004
21.7674
13.0844
11.9458
12.1938
12.9952
14.1207
15.4803
17.0326
18.7579
20.6471
22.6977
24.9105
27.2888
29.837
32.5606
35.4653
38.5575
41.8433
45.3293
49.0219
52.927
57.0505
61.3986
65.977
70.7912
75.8462
81.1467
86.6969
92.5002
98.5596
104.877
111.455
118.294
125.393
132.752
140.369
148.241
156.364
164.734
173.344
182.187
191.255
200.537
210.024
219.702
229.559
239.578
249.743
260.036
270.437
280.926
291.479
302.073
312.681
323.277
333.832
344.317
354.7
364.95
375.033
384.916
394.564
403.945
413.025
421.77
430.151
438.139
445.711
452.845
459.529
465.757
471.536
476.884
481.838
486.456
490.825
495.068
499.349
503.856
508.814
514.506
521.289
529.598
539.951
552.928
569.125
589.081
613.191
641.097
672.167
705.205
737.945
767.68
792.365
810.711
822.188
826.89
825.35
818.356
806.805
791.597
773.571
753.471
731.933
709.49
686.577
663.55
640.693
618.242
596.386
575.274
554.865
535.118
516.004
497.504
479.603
462.288
445.548
429.373
413.751
398.671
384.121
370.09
356.563
343.528
330.971
318.879
307.236
296.029
285.245
274.868
264.886
255.284
246.05
237.17
228.631
220.422
212.528
204.94
197.645
190.632
183.891
177.411
171.182
165.194
159.438
153.904
148.585
143.471
138.556
133.829
129.286
124.917
120.716
116.678
112.794
109.06
105.469
102.015
98.6941
95.5003
92.4288
89.475
86.6346
83.9033
81.2773
78.753
76.327
73.9964
71.7586
69.6112
67.5527
65.5819
63.6982
61.9017
60.1932
58.574
57.045
55.6061
54.2588
20.6846
12.6282
11.5394
11.7424
12.4617
13.487
14.7352
16.1674
17.764
19.5157
21.4187
23.4731
25.6812
28.047
30.5753
33.2717
36.1422
39.1933
42.4318
45.865
49.4983
53.3355
57.3837
61.6495
66.1388
70.8573
75.8101
81.0019
86.4371
92.1191
98.0512
104.236
110.674
117.368
124.317
131.52
138.975
146.68
154.631
162.822
171.248
179.902
188.774
197.854
207.132
216.594
226.226
236.013
245.936
255.976
266.114
276.327
286.591
296.881
307.168
317.426
327.623
337.728
347.707
357.527
367.152
376.547
385.674
394.496
402.978
411.083
418.778
426.03
432.812
439.1
444.877
450.135
454.877
459.121
462.906
466.295
469.39
472.336
475.304
478.488
482.143
486.617
492.362
499.96
510.124
523.677
541.461
564.184
592.115
624.971
661.682
699.267
734.508
764.755
788.269
804.265
812.757
814.312
809.811
800.262
786.67
769.965
750.961
730.345
708.685
686.442
663.986
641.615
619.569
598.044
577.213
557.081
537.59
518.707
500.41
482.684
465.518
448.902
432.827
417.285
402.266
387.76
373.756
360.243
347.209
334.642
322.529
310.858
299.616
288.79
278.366
268.332
258.675
249.382
240.441
231.839
223.565
215.606
207.952
200.59
193.511
186.703
180.157
173.862
167.81
161.99
156.393
151.012
145.838
140.862
136.078
131.477
127.052
122.797
118.705
114.77
110.984
107.344
103.842
100.474
97.2347
94.1187
91.1215
88.2389
85.4666
82.8007
80.2376
77.774
75.4068
73.1334
70.9515
68.8594
66.8556
64.9394
63.1103
61.3684
59.7142
58.1478
56.6679
55.2766
19.2367
12.0119
11.0098
11.1842
11.8311
12.7606
13.8979
15.2077
16.6715
18.2798
20.0285
21.9169
23.9466
26.1205
28.443
30.919
33.5541
36.3542
39.3255
42.4743
45.8066
49.3281
53.0454
56.9648
61.0926
65.4347
69.9969
74.7845
79.8025
85.0552
90.5467
96.2803
102.259
108.484
114.957
121.679
128.649
135.865
143.325
151.025
158.961
167.127
175.515
184.117
192.922
201.92
211.098
220.44
229.93
239.551
249.284
259.106
268.996
278.927
288.875
298.81
308.703
318.523
328.236
337.808
347.203
356.384
365.313
373.952
382.262
390.204
397.739
404.833
411.449
417.558
423.134
428.158
432.621
436.523
439.885
442.75
445.196
447.336
449.32
451.285
453.424
456.019
459.458
464.279
471.194
481.12
495.15
514.441
539.997
572.363
610.902
652.305
692.703
728.626
757.663
778.632
791.387
796.495
794.924
787.794
776.222
761.229
743.7
724.374
703.854
682.623
661.066
639.492
618.147
597.235
576.933
557.282
538.223
519.725
501.769
484.342
467.436
451.046
435.165
419.788
404.907
390.515
376.603
363.164
350.186
337.66
325.575
313.919
302.682
291.851
281.414
271.361
261.678
252.354
243.378
234.737
226.42
218.417
210.715
203.305
196.176
189.318
182.72
176.374
170.27
164.398
158.75
153.318
148.093
143.067
138.233
133.583
129.11
124.808
120.67
116.688
112.859
109.174
105.63
102.22
98.9391
95.7828
92.7464
89.8254
87.0156
84.3131
81.7142
79.2157
76.8144
74.5077
72.2933
70.1692
68.134
66.1865
64.3258
62.5517
60.864
59.2619
57.7439
56.3123
17.5906
11.2959
10.4056
10.5655
11.1504
11.9906
13.0202
14.2076
15.5365
16.998
18.5879
20.3048
22.1498
24.1249
26.2337
28.4803
30.8697
33.4071
36.0982
38.9489
41.9651
45.1531
48.5193
52.07
55.8117
59.7508
63.8935
68.2456
72.8128
77.6005
82.6134
87.8561
93.3324
99.0454
104.998
111.191
117.627
124.305
131.225
138.383
145.778
153.405
161.259
169.333
177.618
186.104
194.781
203.636
212.653
221.817
231.11
240.512
250.002
259.556
269.149
278.754
288.343
297.885
307.348
316.698
325.901
334.92
343.716
352.252
360.488
368.384
375.901
383.001
389.647
395.804
401.443
406.538
411.073
415.04
418.446
421.322
423.726
425.751
427.516
429.094
430.605
432.229
434.228
436.979
441.022
447.129
456.379
470.216
490.426
518.879
556.126
599.205
643.626
684.839
719.454
745.659
763.018
772.043
773.764
769.412
760.214
747.285
731.579
713.885
694.836
674.939
654.592
634.111
613.75
593.719
574.201
555.24
536.793
518.837
501.361
484.359
467.829
451.77
436.179
421.055
406.394
392.192
378.444
365.143
352.282
339.853
327.848
316.256
305.069
294.276
283.866
273.83
264.156
254.833
245.852
237.2
228.868
220.845
213.12
205.683
198.525
191.636
185.005
178.624
172.484
166.576
160.891
155.42
150.157
145.093
140.221
135.533
131.022
126.682
122.506
118.488
114.622
110.901
107.321
103.875
100.56
97.3693
94.2991
91.3449
88.5024
85.7678
83.1374
80.6079
78.1762
75.8395
73.5955
71.4422
69.378
67.4014
65.5113
63.707
61.9878
60.3526
58.7995
57.3314
15.7411
10.4742
9.73183
9.8968
10.4336
11.195
12.124
13.1941
14.3911
15.7076
17.1395
18.6854
20.3456
22.1215
24.0159
26.0321
28.1743
30.4471
32.8558
35.4057
38.1028
40.9532
43.9631
47.1391
50.4879
54.0161
57.7304
61.6373
65.7431
70.0541
74.5761
79.3146
84.2748
89.4611
94.8776
100.528
106.414
112.538
118.901
125.502
132.341
139.415
146.721
154.254
162.007
169.972
178.141
186.502
195.044
203.75
212.606
221.593
230.692
239.882
249.138
258.437
267.751
277.052
286.31
295.492
304.566
313.495
322.246
330.78
339.059
347.047
354.704
361.994
368.881
375.331
381.317
386.812
391.799
396.269
400.231
403.711
406.758
409.475
411.919
414.122
416.136
418.038
419.936
421.974
424.371
427.48
431.954
439.038
450.975
471.168
502.627
543.847
590.106
635.537
675.345
706.746
728.821
741.935
747.149
745.794
739.205
728.587
714.961
699.161
681.85
663.549
644.669
625.532
606.397
587.48
568.967
550.882
533.208
515.938
499.072
482.614
466.569
450.941
435.734
420.95
406.591
392.655
379.141
366.045
353.363
341.09
329.219
317.743
306.655
295.945
285.605
275.626
265.998
256.713
247.759
239.128
230.81
222.795
215.073
207.635
200.471
193.572
186.93
180.534
174.377
168.45
162.744
157.252
151.966
146.878
141.98
137.267
132.73
128.363
124.161
120.115
116.222
112.474
108.866
105.393
102.051
98.8332
95.7361
92.7551
89.886
87.125
84.4683
81.9128
79.4551
77.0927
74.8231
72.6442
70.5542
68.5516
66.6348
64.8029
63.0551
61.3899
59.8053
58.3045
13.8145
9.56616
8.99815
9.18757
9.69207
10.3884
11.2293
12.193
13.2683
14.4489
15.7316
17.115
18.5989
20.1844
21.8736
23.6692
25.5748
27.5946
29.7331
31.9957
34.388
36.916
39.586
42.4046
45.3788
48.5156
51.822
55.3053
58.9726
62.8308
66.887
71.1477
75.6192
80.3076
85.2182
90.356
95.7252
101.329
107.171
113.253
119.574
126.135
132.934
139.969
147.235
154.726
162.435
170.353
178.469
186.772
195.246
203.877
212.647
221.537
230.525
239.589
248.705
257.846
266.985
276.093
285.139
294.092
302.919
311.587
320.062
328.31
336.297
343.992
351.364
358.386
365.035
371.294
377.153
382.614
387.697
392.443
396.903
401.169
405.245
409.134
412.835
416.327
419.545
422.362
424.574
425.933
426.338
426.319
427.959
435.808
456.328
491.075
536.02
583.913
628.053
664.244
690.832
707.924
716.579
718.216
714.276
706.05
694.618
680.85
665.432
648.897
631.659
614.044
596.314
578.689
561.338
544.271
527.497
511.029
494.882
479.069
463.603
448.496
433.758
419.395
405.412
391.814
378.602
365.776
353.335
341.275
329.594
318.285
307.344
296.763
286.537
276.657
267.116
257.904
249.015
240.438
232.165
224.188
216.498
209.085
201.941
195.058
188.426
182.037
175.884
169.957
164.249
158.753
153.46
148.364
143.456
138.732
134.182
129.802
125.584
121.524
117.614
113.849
110.224
106.733
103.372
100.136
97.0196
94.0193
91.1306
88.3497
85.673
83.0972
80.6191
78.236
75.9455
73.7453
71.6335
69.6085
67.6685
65.8126
64.0395
62.3479
60.7356
59.2061
11.9425
8.60791
8.22326
8.45525
8.94679
9.59814
10.3713
11.2492
12.2231
13.2883
14.4422
15.6838
17.0131
18.4311
19.9397
21.5414
23.2394
25.0379
26.9413
28.9548
31.0839
33.3347
35.7138
38.228
40.8846
43.6909
46.6547
49.7838
53.086
56.5692
60.2414
64.1102
68.1832
72.4676
76.9701
81.6972
86.6546
91.8475
97.28
102.956
108.877
115.045
121.46
128.122
135.026
142.171
149.549
157.154
164.977
173.008
181.235
189.644
198.219
206.944
215.801
224.769
233.827
242.953
252.122
261.308
270.487
279.63
288.711
297.701
306.574
315.303
323.863
332.23
340.386
348.315
356.009
363.466
370.696
377.727
384.61
391.403
398.148
404.854
411.513
418.096
424.523
430.628
436.106
440.46
442.968
442.716
438.836
431.135
421.313
414.566
420.2
444.246
484.681
533.139
580.56
620.88
651.472
672.115
683.856
688.213
686.73
680.777
671.485
659.747
646.258
631.552
616.041
600.048
583.83
567.609
551.502
535.54
519.754
504.174
488.827
473.74
458.931
444.42
430.222
416.35
402.812
389.617
376.769
364.273
352.13
340.339
328.899
317.809
307.064
296.659
286.591
276.852
267.437
258.338
249.548
241.061
232.867
224.959
217.33
209.971
202.875
196.032
189.435
183.077
176.949
171.044
165.355
159.873
154.592
149.504
144.604
139.883
135.336
130.956
126.737
122.673
118.759
114.989
111.357
107.859
104.489
101.243
98.1168
95.1054
92.2049
89.4116
86.7219
84.1324
81.64
79.242
76.9359
74.7194
72.5906
70.5474
68.5884
66.7124
64.9181
63.204
61.5682
60.0142
10.6389
7.86267
7.60758
7.88245
8.38146
9.01896
9.7624
10.5972
11.5161
12.5155
13.5938
14.7505
15.9864
17.303
18.7024
20.1877
21.7625
23.431
25.198
27.0689
29.0498
31.1469
33.3674
35.7183
38.2075
40.8429
43.6328
46.5854
49.7094
53.0133
56.5057
60.1951
64.0898
68.1979
72.527
77.0843
81.8765
86.9096
92.1887
97.7181
103.501
109.54
115.836
122.389
129.197
136.258
143.566
151.115
158.898
166.906
175.128
183.552
192.164
200.95
209.894
218.979
228.187
237.499
246.895
256.354
265.855
275.379
284.903
294.409
303.879
313.296
322.647
331.924
341.122
350.248
359.315
368.351
377.398
386.528
395.816
405.261
414.819
424.492
434.231
443.913
453.286
461.905
469.06
473.73
474.646
470.396
459.773
442.509
420.456
399.262
389.802
402.49
437.836
486.544
536.939
580.911
614.883
638.407
652.604
659.135
659.661
655.624
648.187
638.257
626.524
613.512
599.624
585.172
570.404
555.521
540.598
525.697
510.868
496.157
481.601
467.236
453.087
439.181
425.536
412.17
399.096
386.325
373.865
361.723
349.904
338.409
327.239
316.395
305.874
295.674
285.792
276.223
266.962
258.003
249.341
240.969
232.88
225.068
217.524
210.243
203.217
196.438
189.899
183.593
177.511
171.648
165.996
160.547
155.296
150.235
145.357
140.657
136.127
131.763
127.557
123.504
119.599
115.837
112.211
108.717
105.35
102.105
98.9792
95.9668
93.0642
90.2677
87.5737
84.979
82.4803
80.0751
77.7606
75.5348
73.3954
71.3404
69.3684
67.4782
65.6683
63.9373
62.2834
60.7102
9.53962
7.18154
7.05236
7.38906
7.92191
8.57557
9.32175
10.1483
11.0497
12.0239
13.0708
14.1911
15.3867
16.6601
18.0144
19.4535
20.9817
22.6039
24.3257
26.1532
28.0929
30.1521
32.3382
34.6593
37.1236
39.7398
42.5167
45.463
48.5879
51.9005
55.4096
59.1243
63.0533
67.2048
71.587
76.2072
81.0724
86.1886
91.5611
97.1942
103.091
109.255
115.685
122.383
129.347
136.573
144.057
151.793
159.774
167.991
176.435
185.094
193.957
203.012
212.245
221.643
231.191
240.874
250.677
260.584
270.581
280.655
290.792
300.986
311.229
321.518
331.853
342.247
352.719
363.298
374.027
384.984
396.235
407.886
419.878
432.111
444.575
457.189
469.776
481.996
493.281
502.751
509.172
511.016
506.802
495.209
475.394
447.733
414.685
382.12
360.924
364.412
395.543
444.696
497.951
545.314
582.344
608.412
624.736
633.125
635.356
632.943
627.085
618.697
608.468
596.916
584.433
571.321
557.822
544.069
530.161
516.178
502.186
488.241
474.389
460.669
447.116
433.757
420.616
407.715
395.069
382.692
370.595
358.788
347.275
336.063
325.153
314.547
304.246
294.248
284.55
275.151
266.045
257.23
248.699
240.447
232.469
224.758
217.308
210.112
203.164
196.457
189.983
183.737
177.71
171.897
166.291
160.884
155.671
150.645
145.799
141.128
136.624
132.283
128.099
124.065
120.177
116.43
112.817
109.335
105.978
102.742
99.6233
96.6166
93.7185
90.9252
88.2332
85.6391
83.14
80.733
78.4156
76.1856
74.0408
71.9794
69.9994
68.0995
66.2785
64.535
62.8672
61.2791
8.60209
6.54064
6.54612
6.97366
7.57465
8.2811
9.0688
9.92866
10.8579
11.857
12.9276
14.0728
15.296
16.6015
17.9938
19.4782
21.0605
22.7469
24.5443
26.4601
28.5023
30.6791
32.9995
35.4725
38.1073
40.9132
43.8997
47.076
50.4514
54.0352
57.8363
61.8635
66.1251
70.6292
75.3829
80.3929
85.6651
91.2044
97.0146
103.099
109.459
116.095
123.008
130.196
137.655
145.382
153.371
161.615
170.106
178.835
187.793
196.972
206.36
215.949
225.731
235.695
245.832
256.131
266.586
277.187
287.928
298.805
309.821
320.986
332.311
343.806
355.497
367.432
379.663
392.259
405.293
418.912
433.139
447.713
462.571
477.674
492.887
507.941
522.379
535.483
546.213
553.178
554.706
549.067
534.926
512.049
480.531
441.753
398.854
357.639
328.344
325.23
353.645
404.063
460.587
511.463
551.502
579.985
598.279
608.367
612.152
611.221
606.808
599.84
591.002
580.805
569.632
557.77
545.402
532.673
519.697
506.568
493.36
480.137
466.951
453.847
440.862
428.029
415.375
402.924
390.694
378.701
366.96
355.481
344.271
333.339
322.688
312.32
302.239
292.444
282.934
273.708
264.762
256.094
247.699
239.573
231.71
224.106
216.755
209.65
202.786
196.156
189.754
183.574
177.609
171.852
166.298
160.939
155.77
150.785
145.977
141.34
136.868
132.557
128.399
124.39
120.524
116.797
113.203
109.737
106.395
103.173
100.066
97.0693
94.1801
91.3942
88.7082
86.1188
83.6229
81.2178
78.9009
76.6699
74.5228
72.4576
70.4727
68.5665
66.7374
64.9842
63.3054
61.705
7.79452
5.96895
6.15413
6.72438
7.44855
8.26608
9.15853
10.1217
11.1569
12.2681
13.4603
14.7395
16.1119
17.5846
19.1648
20.8604
22.6799
24.6323
26.7273
28.9749
31.3858
33.971
36.7415
39.7087
42.883
46.2747
49.8933
53.7477
57.8464
62.1974
66.8079
71.6845
76.8326
82.2569
87.9609
93.9471
100.217
106.769
113.604
120.718
128.11
135.775
143.709
151.906
160.36
169.062
178.003
187.177
196.573
206.183
215.998
226.014
236.224
246.626
257.221
268.005
278.976
290.133
301.479
313.019
324.759
336.709
348.897
361.38
374.182
387.329
400.889
414.981
429.681
445.078
461.195
477.78
494.599
511.607
528.688
545.605
561.962
577.144
590.269
600.149
605.306
604.067
594.801
576.28
548.182
511.595
467.824
419.188
369.175
323.065
289.874
283.548
311.311
364.14
424.526
479.162
522.255
553.097
573.267
584.944
590.17
590.609
587.532
581.878
574.332
565.398
555.43
544.673
533.317
521.519
509.401
497.062
484.585
472.037
459.478
446.954
434.507
422.173
409.982
397.959
386.126
374.502
363.102
351.939
341.022
330.361
319.96
309.826
299.96
290.364
281.038
271.983
263.195
254.673
246.414
238.414
230.668
223.172
215.921
208.909
202.132
195.582
189.255
183.144
177.243
171.546
166.047
160.74
155.619
150.678
145.911
141.312
136.876
132.597
128.47
124.49
120.65
116.947
113.375
109.93
106.606
103.401
100.309
97.3262
94.4491
91.6739
88.9971
86.4155
83.9259
81.5255
79.2118
76.9825
74.8355
72.7688
70.7808
68.87
67.035
65.2745
63.587
61.9766
7.26351
5.58164
6.02511
6.8345
7.78997
8.83411
9.95893
11.1687
12.4717
13.878
15.3988
17.0461
18.8322
20.7704
22.8747
25.1598
27.6413
30.3356
33.2596
36.4309
39.8669
43.5848
47.6007
51.9292
56.5815
61.5652
66.885
72.5434
78.5402
84.8735
91.5386
98.5289
105.836
113.448
121.354
129.539
137.989
146.688
155.619
164.768
174.121
183.667
193.395
203.291
213.345
223.544
233.879
244.344
254.933
265.642
276.474
287.434
298.531
309.787
321.219
332.836
344.648
356.676
368.951
381.498
394.331
407.476
421.026
435.173
449.882
465.145
481.06
497.799
515.164
532.839
550.576
568.319
585.911
603.119
619.572
634.718
647.786
657.759
663.376
663.187
655.686
639.544
613.925
578.831
535.502
486.017
432.507
377.752
325.014
278.532
245.65
239.356
268.266
324.373
389.06
447.682
493.94
527.194
549.254
562.513
569.154
570.924
569.133
564.738
558.427
550.67
541.79
532.038
521.614
510.678
499.358
487.76
475.969
464.058
452.089
440.114
428.176
416.314
404.561
392.944
381.488
370.214
359.138
348.275
337.637
327.233
317.073
307.16
297.5
288.095
278.947
270.056
261.421
253.041
244.914
237.036
229.404
222.014
214.862
207.942
201.25
194.78
188.527
182.485
176.649
171.012
165.57
160.316
155.244
150.349
145.625
141.066
136.668
132.424
128.329
124.379
120.568
116.891
113.343
109.921
106.618
103.432
100.358
97.3914
94.5289
91.7668
89.1016
86.53
84.0488
81.6554
79.347
77.1213
74.9762
72.9097
70.9202
69.0061
67.1663
65.3995
63.7048
62.0861
6.8267
5.65864
6.56344
7.84114
9.31448
10.8852
12.5817
14.4299
16.4564
18.6903
21.1625
23.9061
26.9559
30.3482
34.1209
38.3133
42.965
48.1155
53.8026
60.0608
66.9193
74.3999
82.5152
91.2672
100.637
110.588
121.075
132.043
143.434
155.183
167.226
179.496
191.929
204.461
217.036
229.601
242.108
254.519
266.799
278.925
290.894
302.717
314.389
325.904
337.263
348.473
359.546
370.499
381.358
392.152
402.923
413.714
424.568
435.585
446.812
458.251
469.929
481.946
494.391
507.266
520.56
534.28
548.517
563.626
579.343
595.523
611.906
628.113
644.165
659.932
675.209
689.741
703.161
714.963
724.47
730.821
732.97
729.725
719.835
702.143
675.791
640.487
596.725
545.946
490.622
432.837
375.057
319.829
269.605
227.242
198.239
194.285
225.185
284.634
353.575
416.22
465.748
501.54
525.609
540.545
548.668
551.806
551.318
548.185
543.077
536.43
528.577
519.78
510.244
500.131
489.576
478.686
467.554
456.253
444.849
433.398
421.945
410.533
399.197
387.966
376.868
365.924
355.155
344.576
334.201
324.042
314.107
304.404
294.939
285.714
276.734
267.998
259.508
251.263
243.26
235.499
227.976
220.687
213.629
206.797
200.187
193.794
187.613
181.638
175.864
170.287
164.9
159.697
154.674
149.824
145.143
140.624
136.264
132.055
127.994
124.075
120.292
116.643
113.121
109.722
106.442
103.276
100.221
97.2721
94.4257
91.6782
89.026
86.4659
83.9948
81.6098
79.3082
77.0875
74.9456
72.8805
70.8906
68.9743
67.1305
65.3583
63.6571
62.0313
6.20861
7.24563
9.54275
12.2758
15.4601
18.9061
22.779
27.1854
32.2375
38.0594
44.7852
52.5553
61.5116
71.7909
83.517
96.7911
111.682
128.217
146.373
166.076
187.194
209.543
232.907
257.071
281.711
306.489
331.094
355.253
378.735
401.349
422.946
443.415
462.68
480.7
497.46
512.973
527.271
540.402
552.43
563.435
573.613
583.167
592.083
600.392
608.154
615.441
622.334
628.917
635.28
641.565
647.888
654.318
660.906
667.709
674.774
682.135
689.847
698.152
707.158
716.654
726.53
736.721
747.089
757.115
766.935
776.529
785.78
794.501
802.476
809.432
815.001
818.715
819.987
818.106
812.238
801.457
784.808
761.403
730.56
691.985
645.928
593.381
536.034
476.225
415.892
357.169
302.107
252.427
209.451
174.64
151.779
151.094
183.47
245.168
317.597
383.994
436.833
475.339
501.626
518.429
528.186
532.805
533.697
531.874
527.967
522.426
515.598
507.75
499.093
489.797
479.997
469.808
459.323
448.621
437.771
426.83
415.85
404.873
393.938
383.079
372.323
361.695
351.217
340.907
330.781
320.852
311.13
301.623
292.34
283.284
274.46
265.87
257.514
249.394
241.508
233.855
226.433
219.238
212.268
205.518
198.985
192.664
186.55
180.639
174.924
169.402
164.067
158.914
153.937
149.131
144.491
140.011
135.686
131.512
127.483
123.595
119.841
116.219
112.722
109.347
106.089
102.945
99.909
96.9781
94.1484
91.4161
88.7778
86.23
83.7698
81.394
79.1
76.8852
74.7474
72.6845
70.6949
68.7771
66.9301
65.1532
63.4461
61.814
5.49263
20.7153
32.5344
45.6141
60.4333
78.0538
99.0041
123.774
152.826
186.532
225.117
268.603
316.777
369.176
425.103
483.663
543.814
604.439
664.412
722.664
778.24
830.334
878.468
923.263
963.609
999.018
1029.37
1054.78
1075.48
1091.83
1104.18
1112.95
1118.54
1121.33
1121.71
1120.03
1116.6
1111.74
1105.7
1098.74
1091.09
1082.98
1074.59
1066.06
1057.52
1049.1
1040.88
1032.95
1025.39
1018.43
1012.07
1006.26
1000.95
996.149
991.849
988.047
984.728
981.587
978.39
975.25
972.194
969.189
966.158
962.97
959.476
955.483
950.762
945.022
937.912
929.006
917.805
903.737
886.171
864.436
837.864
805.849
767.954
724.019
674.241
619.353
560.561
499.821
438.808
379.199
322.702
270.844
224.784
185.206
152.386
126.713
110.639
112.79
144.839
206.466
280.769
350.244
406.331
447.763
476.559
495.509
507.135
513.419
515.829
515.397
512.754
508.373
502.611
495.747
488
479.543
470.518
461.043
451.216
441.119
430.826
420.397
409.886
399.341
388.802
378.305
367.882
357.56
347.363
337.311
327.422
317.71
308.188
298.867
289.753
280.855
272.176
263.72
255.489
247.484
239.705
232.151
224.821
217.713
210.823
204.148
197.685
191.429
185.377
179.523
173.863
168.392
163.104
157.996
153.062
148.296
143.694
139.25
134.959
130.817
126.819
122.959
119.233
115.636
112.164
108.812
105.576
102.451
99.4348
96.5217
93.7085
90.9914
88.3669
85.8317
83.3825
81.0163
78.7303
76.5218
74.3885
72.3283
70.3394
68.4206
66.5707
64.7895
63.0773
61.4395
10.41
245.106
377.069
502.379
642.948
801.052
973.065
1153.49
1336.28
1515.54
1685.94
1843.01
1983.31
2104.54
2205.46
2285.83
2346.25
2387.97
2412.7
2422.43
2419.27
2405.29
2382.49
2352.72
2317.56
2278.31
2236.07
2191.72
2146.01
2099.51
2052.71
2006
1959.68
1914.01
1869.2
1825.41
1782.77
1741.39
1701.35
1662.71
1625.52
1589.8
1555.57
1522.83
1491.56
1461.76
1433.38
1406.39
1380.71
1356.07
1332.33
1309.48
1287.51
1266.36
1245.98
1226.31
1207.27
1188.79
1170.77
1153.09
1135.6
1118.14
1100.51
1082.52
1063.93
1044.47
1023.82
1001.62
977.483
950.985
921.68
889.124
852.922
812.75
768.402
719.855
667.38
611.597
553.352
494.095
435.215
377.924
323.518
273.206
227.972
188.457
154.907
127.188
104.928
87.9684
77.9128
81.5777
110.803
169.127
242.836
314.227
373.334
417.916
449.593
471.066
484.886
493.094
497.215
498.318
497.064
493.945
489.338
483.533
476.757
469.193
460.989
452.267
443.129
433.665
423.949
414.048
404.019
393.913
383.774
373.642
363.551
353.532
343.61
333.809
324.149
314.647
305.316
296.169
287.216
278.464
269.92
261.588
253.471
245.571
237.89
230.426
223.179
216.148
209.33
202.722
196.321
190.124
184.126
178.323
172.711
167.285
162.041
156.973
152.076
147.346
142.778
138.366
134.106
129.993
126.022
122.188
118.487
114.914
111.464
108.133
104.918
101.812
98.8135
95.9173
93.1197
90.4172
87.8062
85.2831
82.8447
80.4879
78.2098
76.0076
73.8789
71.8215
69.8336
67.9139
66.0615
64.2764
62.5593
60.9166
262.908
433.894
630.662
839.453
1048.27
1247.78
1431.79
1596.86
1741.72
1866.59
1972.66
2061.63
2135.38
2195.76
2244.46
2282.9
2312.29
2333.57
2347.48
2354.65
2355.56
2350.64
2340.32
2324.98
2305.05
2280.94
2253.12
2222.05
2188.21
2152.07
2114.1
2074.73
2034.38
1993.43
1952.19
1910.97
1870.01
1829.5
1789.61
1750.46
1712.13
1674.69
1638.19
1602.64
1568.05
1534.42
1501.74
1469.96
1439.08
1409.06
1379.89
1351.5
1323.82
1296.76
1270.22
1244.1
1218.29
1192.68
1167.13
1141.53
1115.71
1089.48
1062.64
1034.96
1006.23
976.171
944.54
911.063
875.477
837.544
797.067
753.929
708.178
659.958
609.526
557.316
504.111
450.978
398.601
347.873
299.739
255.081
214.633
178.907
148.142
122.289
101.041
83.915
70.3943
60.2348
54.5229
58.2983
82.51
134.155
204.164
275.745
337.383
385.301
420.291
444.746
461.161
471.614
477.686
480.516
480.807
479.08
475.734
471.078
465.351
458.746
451.419
443.498
435.091
426.293
417.183
407.832
398.301
388.647
378.917
369.154
359.397
349.679
340.03
330.475
321.037
311.735
302.587
293.604
284.801
276.185
267.764
259.545
251.53
243.725
236.129
228.744
221.57
214.606
207.85
201.299
194.951
188.803
182.852
177.092
171.52
166.132
160.923
155.888
151.024
146.324
141.784
137.399
133.165
129.076
125.129
121.317
117.637
114.084
110.654
107.342
104.143
101.055
98.0717
95.1904
92.4069
89.7175
87.1185
84.6065
82.178
79.8298
77.5589
75.3625
73.238
71.1831
69.196
67.2754
65.4206
63.6316
61.9102
60.2632
253.807
269.712
288.552
310.586
335.816
363.99
394.689
427.412
461.638
496.881
532.724
568.833
604.96
640.935
676.653
712.054
747.11
781.808
816.135
850.068
883.566
916.566
948.979
980.687
1011.55
1041.4
1070.07
1097.34
1123.03
1146.93
1168.86
1188.63
1206.08
1221.1
1233.59
1243.48
1250.77
1255.45
1257.59
1257.25
1254.56
1249.65
1242.67
1233.77
1223.14
1210.93
1197.31
1182.44
1166.47
1149.52
1131.71
1113.12
1093.83
1073.87
1053.26
1032
1010.04
987.357
963.878
939.531
914.227
887.869
860.35
831.573
801.441
769.848
736.701
701.929
665.496
627.415
587.767
546.73
504.859
462.461
419.841
377.434
335.791
295.538
257.287
221.615
189.013
159.846
134.32
112.459
94.1105
78.9735
66.6566
56.7525
48.9126
42.996
39.6628
42.1925
59.477
100.872
163.274
232.597
296.018
347.561
386.558
414.745
434.416
447.65
456.097
460.985
463.096
462.991
461.102
457.762
453.23
447.711
441.372
434.35
426.76
418.703
410.264
401.52
392.536
383.374
374.086
364.72
355.318
345.918
336.553
327.252
318.041
308.943
299.976
291.156
282.498
274.013
265.71
257.596
249.677
241.957
234.439
227.125
220.015
213.109
206.406
199.904
193.601
187.494
181.581
175.856
170.317
164.96
159.779
154.772
149.932
145.256
140.739
136.376
132.163
128.094
124.165
120.371
116.709
113.172
109.758
106.461
103.277
100.202
97.2329
94.3643
91.5929
88.9148
86.3263
83.8239
81.404
79.0635
76.799
74.6078
72.487
70.4343
68.4478
66.5262
64.669
62.8766
61.1513
59.5008
87
89.7892
92.977
96.6216
100.773
105.462
110.699
116.478
122.772
129.548
136.763
144.374
152.342
160.636
169.229
178.109
187.271
196.72
206.469
216.54
226.959
237.757
248.966
260.618
272.743
285.367
298.511
312.187
326.395
341.126
356.358
372.052
388.155
404.598
421.297
438.151
455.047
471.858
488.447
504.668
520.371
535.404
549.617
562.865
575.009
585.922
595.59
603.924
610.806
616.137
619.838
621.85
622.135
620.668
617.44
612.451
605.711
597.234
587.037
575.14
561.566
546.343
529.51
511.217
491.535
470.491
448.14
424.56
399.865
374.206
347.774
320.807
293.602
266.484
239.795
213.888
189.113
165.802
144.243
124.662
107.205
91.9274
78.7842
67.6418
58.3012
50.5379
44.1358
38.9063
34.708
31.5194
29.6644
31.0374
41.7418
71.2032
122.08
185.361
248.468
303.12
346.499
379.123
402.796
419.481
430.868
438.28
442.605
444.46
444.322
442.557
439.45
435.224
430.06
424.104
417.483
410.302
402.654
394.623
386.281
377.693
368.919
360.011
351.017
341.979
332.935
323.92
314.961
306.086
297.317
288.672
280.17
271.822
263.64
255.634
247.812
240.178
232.736
225.49
218.441
211.59
204.936
198.479
192.217
186.147
180.267
174.573
169.063
163.731
158.575
153.591
148.773
144.117
139.619
135.274
131.078
127.026
123.113
119.335
115.687
112.165
108.764
105.481
102.31
99.2482
96.2908
93.4339
90.6736
88.0061
85.4276
82.9345
80.5232
78.1903
75.9324
73.7466
71.6299
69.58
67.5949
65.6732
63.8146
62.0201
60.2924
58.6403
44.8081
45.5529
46.3606
47.2433
48.2134
49.2819
50.457
51.744
53.1453
54.66
56.2848
58.0144
59.8421
61.7609
63.7636
65.8438
67.9961
70.2167
72.5032
74.8551
77.2739
79.7626
82.3263
84.9715
87.7063
90.5403
93.4844
96.5502
99.7504
103.098
106.608
110.292
114.163
118.236
122.519
127.023
131.753
136.714
141.904
147.317
152.944
158.765
164.758
170.891
177.123
183.407
189.689
195.91
202
207.881
213.469
218.678
223.414
227.588
231.107
233.885
235.84
236.896
236.989
236.064
234.078
231.005
226.833
221.572
215.251
207.917
199.633
190.484
180.575
170.031
158.996
147.632
136.112
124.618
113.332
102.427
92.0607
82.3684
73.451
65.3713
58.1506
51.7684
46.173
41.2996
37.083
33.4637
30.3907
27.8206
25.7333
24.1139
23.1356
23.7838
29.6509
48.2203
85.5546
138.767
198.003
253.792
300.937
338.147
366.282
386.947
401.772
412.14
419.055
423.199
425.102
425.173
423.726
421.008
417.214
412.506
407.017
400.863
394.144
386.949
379.358
371.442
363.268
354.894
346.373
337.753
329.079
320.389
311.717
303.093
294.545
286.094
277.761
269.562
261.512
253.621
245.899
238.354
230.991
223.814
216.826
210.028
203.423
197.008
190.784
184.748
178.899
173.233
167.748
162.44
157.306
152.341
147.542
142.903
138.422
134.093
129.912
125.874
121.975
118.211
114.576
111.067
107.679
104.408
101.25
98.1994
95.2535
92.4079
89.6585
87.0015
84.4331
81.9495
79.5471
77.2223
74.9717
72.7922
70.6807
68.6348
66.6523
64.732
62.8738
61.0789
59.3512
57.7002
30.169
30.431
30.7056
30.996
31.3054
31.6369
31.9934
32.3773
32.7906
33.2344
33.7093
34.2151
34.751
35.3156
35.9072
36.5239
37.1634
37.8238
38.5029
39.1989
39.9105
40.6362
41.3753
42.1273
42.892
43.6699
44.4615
45.268
46.0906
46.9312
47.7915
48.6738
49.5805
50.514
51.4768
52.4717
53.501
54.5671
55.6722
56.8181
58.0061
59.2367
60.5101
61.825
63.1795
64.5701
65.9918
67.438
68.9
70.3669
71.8253
73.2593
74.6502
75.9767
77.2149
78.3387
79.3201
80.1299
80.7382
81.1157
81.2341
81.0675
80.5938
79.796
78.6631
77.1914
75.3851
73.257
70.829
68.1323
65.2067
62.0997
58.863
55.5503
52.2149
48.9091
45.6814
42.5714
39.6054
36.8
34.1671
31.7164
29.4564
27.3949
25.5389
23.8934
22.4676
21.258
20.2534
19.4574
18.959
19.2335
22.1428
32.5445
56.9448
97.4085
148.711
202.323
251.379
292.496
325.081
350.011
368.649
382.342
392.182
398.921
403.145
405.308
405.757
404.766
402.548
399.278
395.101
390.139
384.5
378.282
371.569
364.44
356.968
349.218
341.249
333.118
324.873
316.56
308.218
299.883
291.586
283.355
275.214
267.182
259.276
251.512
243.9
236.451
229.171
222.067
215.142
208.401
201.844
195.472
189.286
183.284
177.464
171.825
166.365
161.078
155.964
151.018
146.235
141.613
137.147
132.832
128.665
124.641
120.755
117.003
113.381
109.884
106.509
103.249
100.103
97.0644
94.1302
91.296
88.5579
85.912
83.3543
80.8811
78.4885
76.1731
73.9311
71.7593
69.6547
67.6144
65.6365
63.7198
61.8643
60.0718
58.3471
56.7007
23.3768
23.4839
23.5932
23.7059
23.8229
23.9454
24.0745
24.2113
24.3567
24.5116
24.6765
24.8518
25.0377
25.2341
25.4409
25.6575
25.8835
26.1183
26.3609
26.6108
26.867
27.1288
27.3954
27.6661
27.9404
28.2175
28.4971
28.7788
29.0623
29.3473
29.6339
29.9218
30.2112
30.502
30.7945
31.0889
31.3852
31.6838
31.9847
32.2882
32.5942
32.9029
33.2141
33.5275
33.8429
34.1595
34.4764
34.7927
35.1067
35.4167
35.7204
36.015
36.2974
36.5638
36.8098
37.0306
37.2209
37.3747
37.4858
37.5478
37.5541
37.498
37.3735
37.1747
36.8965
36.5347
36.0861
35.5492
34.9244
34.2153
33.4305
32.5797
31.6694
30.7048
29.6922
28.64
27.5584
26.4587
25.3534
24.2555
23.179
22.1383
21.1482
20.2225
19.3763
18.6215
17.9594
17.3894
16.9095
16.5239
16.2753
16.382
17.7238
22.97
37.124
64.575
104.803
152.303
200.209
243.48
279.786
308.845
331.445
348.714
361.749
371.352
378.154
382.652
385.23
386.186
385.754
384.123
381.446
377.856
373.468
368.382
362.692
356.483
349.833
342.815
335.495
327.936
320.194
312.321
304.364
296.365
288.361
280.383
272.462
264.62
256.88
249.259
241.771
234.428
227.241
220.217
213.363
206.681
200.177
193.851
187.705
181.738
175.949
170.338
164.901
159.637
154.543
149.615
144.85
140.243
135.792
131.492
127.338
123.327
119.455
115.716
112.106
108.622
105.259
102.012
98.8782
95.8523
92.9305
90.1088
87.3831
84.7495
82.2039
79.7425
77.3615
75.0571
72.8257
70.6639
68.5683
66.5362
64.5655
62.655
60.8052
59.0186
57.3008
55.6636
19.5514
19.5976
19.6426
19.6873
19.7323
19.7783
19.8259
19.8756
19.928
19.9834
20.0422
20.1047
20.1711
20.2416
20.3163
20.3951
20.4781
20.565
20.6558
20.7501
20.8477
20.9483
21.0516
21.1572
21.2647
21.3738
21.4841
21.5954
21.7073
21.8194
21.9317
22.0436
22.1551
22.266
22.376
22.4849
22.5927
22.6991
22.8041
22.9073
23.0088
23.1084
23.2059
23.301
23.3936
23.4834
23.57
23.6531
23.7323
23.807
23.8767
23.9405
23.9977
24.0473
24.0883
24.1195
24.1394
24.1467
24.1398
24.1171
24.0771
24.0183
23.9391
23.8375
23.7116
23.5591
23.3779
23.166
22.9216
22.6436
22.3317
21.9862
21.6079
21.1983
20.7596
20.2949
19.8087
19.3064
18.7944
18.2798
17.7707
17.2757
16.8055
16.3699
15.9729
15.6175
15.3053
15.0362
14.8094
14.6264
14.5064
14.5473
15.1434
17.592
24.9469
41.467
69.6189
107.686
150.699
193.25
231.564
263.954
290.27
311.16
327.535
340.204
349.807
356.868
361.799
364.922
366.49
366.706
365.733
363.71
360.757
356.981
352.479
347.342
341.654
335.494
328.937
322.051
314.902
307.548
300.044
292.44
284.777
277.097
269.432
261.813
254.264
246.808
239.462
232.243
225.162
218.229
211.454
204.841
198.396
192.121
186.02
180.092
174.337
168.756
163.347
158.107
153.034
148.126
143.379
138.79
134.355
130.071
125.932
121.936
118.077
114.352
110.757
107.287
103.937
100.705
97.5846
94.5728
91.6652
88.8577
86.1463
83.5268
80.9954
78.5481
76.1809
73.8901
71.6719
69.5226
67.439
65.4182
63.4579
61.5573
59.717
57.9403
56.2342
54.6118
17.4993
17.519
17.5367
17.553
17.5683
17.5833
17.5986
17.6145
17.6313
17.6493
17.6685
17.6891
17.7114
17.7355
17.7614
17.7892
17.819
17.8507
17.8843
17.9198
17.957
17.9959
18.0363
18.0781
18.121
18.165
18.2097
18.2551
18.3009
18.347
18.393
18.4389
18.4844
18.5294
18.5736
18.617
18.6594
18.7005
18.7403
18.7785
18.8151
18.8498
18.8826
18.9132
18.9415
18.9672
18.9903
19.0104
19.0273
19.0408
19.0505
19.056
19.0571
19.0531
19.0437
19.0283
19.0063
18.9769
18.9394
18.8931
18.8371
18.7706
18.6927
18.6025
18.499
18.3813
18.2485
18.0997
17.9344
17.7522
17.553
17.3374
17.106
16.8601
16.6012
16.3315
16.0534
15.7699
15.4845
15.2015
14.9269
14.6676
14.4264
14.206
14.0082
13.8341
13.684
13.5571
13.452
13.3682
13.3139
13.3338
13.6082
14.7471
18.3825
27.5209
45.3522
72.9047
107.998
146.438
184.061
218.046
247.139
271.221
290.776
306.488
318.945
328.658
336.049
341.458
345.153
347.347
348.214
347.896
346.518
344.189
341.01
337.074
332.469
327.28
321.588
315.469
308.996
302.235
295.249
288.095
280.824
273.483
266.111
258.744
251.413
244.144
236.959
229.879
222.917
216.087
209.399
202.863
196.483
190.265
184.212
178.327
172.61
167.062
161.681
156.467
151.417
146.53
141.803
137.231
132.813
128.544
124.421
120.439
116.596
112.885
109.304
105.848
102.513
99.2951
96.1896
93.1926
90.3
87.5076
84.8114
82.2073
79.6914
77.2595
74.9078
72.6323
70.4292
68.2947
66.2254
64.2184
62.2713
60.3835
58.5562
56.7936
55.1042
53.5026
16.1395
16.149
16.1561
16.1607
16.1632
16.164
16.1637
16.1627
16.1615
16.1604
16.1597
16.1595
16.1599
16.1609
16.1627
16.1653
16.1686
16.1729
16.1781
16.1841
16.191
16.1988
16.2074
16.2168
16.2268
16.2375
16.2486
16.2602
16.272
16.284
16.2961
16.3081
16.32
16.3315
16.3426
16.3531
16.363
16.372
16.3801
16.3871
16.393
16.3975
16.4005
16.402
16.4017
16.3996
16.3954
16.389
16.3803
16.3689
16.3547
16.3375
16.317
16.2929
16.2649
16.2327
16.1958
16.1541
16.1069
16.054
15.9949
15.9291
15.8562
15.7759
15.6878
15.5915
15.4867
15.3734
15.2514
15.1208
14.9819
14.835
14.6809
14.5204
14.3547
14.1849
14.0127
13.8397
13.6685
13.5034
13.348
13.2041
13.073
12.956
12.8537
12.7663
12.6934
12.6338
12.5859
12.5481
12.5225
12.5276
12.6408
13.1273
14.749
19.1995
29.0438
46.5134
71.9402
103.333
137.365
170.796
201.387
228.061
250.624
269.381
284.804
297.331
307.361
315.237
321.238
325.591
328.475
330.041
330.414
329.705
328.016
325.441
322.071
317.994
313.297
308.062
302.368
296.293
289.905
283.272
276.453
269.501
262.465
255.388
248.305
241.25
234.248
227.324
220.496
213.781
207.192
200.739
194.432
188.276
182.277
176.437
170.761
165.247
159.897
154.71
149.685
144.819
140.112
135.559
131.158
126.905
122.798
118.832
115.003
111.307
107.741
104.3
100.981
97.7779
94.6881
91.7071
88.8307
86.0549
83.3756
80.7888
78.2903
75.8762
73.5424
71.2849
69.0999
66.9834
64.932
62.9426
61.013
59.1427
57.3336
55.5915
53.9264
52.3542
15.0471
15.0488
15.0491
15.0478
15.0448
15.0398
15.0329
15.0244
15.0146
15.0039
14.9926
14.9809
14.969
14.9571
14.9451
14.9333
14.9217
14.9104
14.8993
14.8885
14.878
14.8679
14.8582
14.8487
14.8396
14.8308
14.8222
14.8139
14.8057
14.7976
14.7895
14.7815
14.7733
14.765
14.7565
14.7476
14.7383
14.7285
14.7181
14.707
14.6952
14.6825
14.6688
14.6541
14.6382
14.6209
14.6023
14.5821
14.5603
14.5366
14.511
14.4833
14.4533
14.4208
14.3857
14.3479
14.307
14.263
14.2155
14.1645
14.1097
14.051
13.9881
13.921
13.8496
13.7738
13.6936
13.609
13.5202
13.4273
13.3307
13.2307
13.1279
13.0227
12.916
12.8085
12.7011
12.5951
12.4936
12.3989
12.312
12.2337
12.1648
12.1057
12.0564
12.0167
11.9859
11.9627
11.9454
11.932
11.9219
11.9208
11.9584
12.1372
12.7623
14.5908
19.0848
28.231
43.6611
65.6276
92.7095
122.428
152.221
180.158
205.159
226.866
245.377
260.97
273.947
284.613
293.244
300.068
305.276
309.022
311.434
312.624
312.69
311.728
309.828
307.081
303.576
299.403
294.649
289.398
283.732
277.726
271.45
264.967
258.335
251.603
244.818
238.016
231.232
224.494
217.826
211.247
204.775
198.422
192.201
186.119
180.184
174.4
168.771
163.3
157.987
152.834
147.838
143
138.317
133.787
129.408
125.176
121.089
117.142
113.332
109.656
106.108
102.687
99.386
96.2028
93.1328
90.1718
87.3159
84.5609
81.9029
79.3376
76.8611
74.4694
72.1583
69.9239
67.7621
65.6692
63.6415
61.676
59.7705
57.9248
56.1417
54.4287
52.7983
51.2664
14.2146
14.2063
14.1973
14.1877
14.1773
14.166
14.1537
14.1403
14.1256
14.1097
14.0928
14.075
14.0564
14.0373
14.0177
13.9978
13.9777
13.9574
13.9369
13.9164
13.8959
13.8753
13.8548
13.8343
13.8139
13.7935
13.7732
13.7529
13.7327
13.7124
13.6921
13.6718
13.6514
13.6309
13.6103
13.5894
13.5683
13.5469
13.5252
13.503
13.4804
13.4572
13.4334
13.409
13.3838
13.3579
13.331
13.3032
13.2744
13.2444
13.2132
13.1807
13.1468
13.1115
13.0745
13.0359
12.9956
12.9534
12.9094
12.8633
12.8152
12.765
12.7127
12.6583
12.6018
12.5432
12.4826
12.4201
12.3559
12.2902
12.2232
12.1553
12.0867
12.0178
11.9492
11.8812
11.8145
11.7507
11.692
11.639
11.5923
11.5522
11.519
11.4928
11.4733
11.4601
11.4524
11.4488
11.4477
11.4472
11.4458
11.444
11.4513
11.5033
11.7079
12.346
14.0412
17.9062
25.4272
37.9229
55.8404
78.4154
103.939
130.393
156.047
179.753
200.955
219.537
235.582
249.263
260.793
270.381
278.21
284.435
289.184
292.564
294.672
295.598
295.429
294.255
292.168
289.262
285.631
281.369
276.568
271.314
265.688
259.767
253.618
247.301
240.87
234.373
227.849
221.333
214.855
208.439
202.107
195.874
189.757
183.764
177.907
172.191
166.622
161.203
155.937
150.825
145.867
141.063
136.412
131.913
127.562
123.357
119.295
115.374
111.589
107.937
104.415
101.018
97.7417
94.5834
91.5385
88.603
85.7729
83.0441
80.4126
77.8744
75.4254
73.0616
70.779
68.5735
66.4413
64.3783
62.3812
60.4467
58.573
56.7602
55.0121
53.3388
51.7548
50.2745
13.6312
13.612
13.5927
13.5732
13.5534
13.5332
13.5127
13.4918
13.4703
13.4482
13.4256
13.4023
13.3784
13.354
13.3291
13.3038
13.2781
13.252
13.2257
13.1991
13.1723
13.1453
13.1182
13.0909
13.0636
13.0361
13.0086
12.981
12.9533
12.9256
12.8978
12.8699
12.8419
12.8138
12.7856
12.7573
12.7289
12.7002
12.6714
12.6423
12.613
12.5833
12.5534
12.5231
12.4924
12.4613
12.4297
12.3976
12.3649
12.3317
12.2978
12.2633
12.2281
12.1921
12.1554
12.1179
12.0795
12.0403
12.0002
11.9593
11.9175
11.8748
11.8313
11.7871
11.7421
11.6965
11.6503
11.6037
11.5568
11.5098
11.4629
11.4163
11.3702
11.3249
11.2806
11.2377
11.1966
11.1589
11.1257
11.0974
11.0742
11.0562
11.0434
11.0357
11.0327
11.0339
11.0384
11.045
11.0523
11.0586
11.062
11.0617
11.0595
11.0662
11.1161
11.3005
11.8349
13.1629
16.0586
21.6057
30.9215
44.6781
62.7199
84.0478
107.166
130.552
153.007
173.782
192.541
209.171
223.703
236.248
246.943
255.922
263.297
269.166
273.615
276.724
278.571
279.241
278.824
277.416
275.117
272.029
268.257
263.898
259.048
253.795
248.22
242.395
236.387
230.25
224.035
217.783
211.531
205.31
199.145
193.057
187.064
181.18
175.418
169.785
164.289
158.936
153.728
148.669
143.76
139.001
134.392
129.931
125.617
121.448
117.421
113.533
109.781
106.161
102.67
99.3049
96.0608
92.9342
89.9213
87.0179
84.2203
81.5243
78.9259
76.4213
74.0063
71.6771
69.4296
67.2599
65.1641
63.1385
61.1796
59.2845
57.4514
55.6811
53.9785
52.357
50.8324
49.4136
13.2647
13.2358
13.2068
13.1778
13.1488
13.1197
13.0906
13.0614
13.032
13.0025
12.9728
12.943
12.9129
12.8826
12.852
12.8212
12.7902
12.759
12.7277
12.6961
12.6643
12.6324
12.6004
12.5682
12.5359
12.5035
12.471
12.4384
12.4057
12.3729
12.3401
12.3072
12.2742
12.2412
12.2081
12.1749
12.1416
12.1083
12.0748
12.0413
12.0076
11.9739
11.94
11.9059
11.8717
11.8374
11.8029
11.7682
11.7334
11.6983
11.663
11.6276
11.5919
11.556
11.5199
11.4836
11.447
11.4104
11.3735
11.3365
11.2995
11.2623
11.2252
11.1881
11.1512
11.1145
11.0781
11.0421
11.0066
10.9718
10.9379
10.9049
10.8731
10.8425
10.8135
10.7861
10.7606
10.7382
10.7197
10.7054
10.6953
10.6895
10.6878
10.6899
10.6954
10.7037
10.7141
10.7255
10.7367
10.7461
10.7523
10.7539
10.7505
10.7446
10.7458
10.781
10.9151
11.2899
12.1863
14.1001
17.7814
24.1407
33.9709
47.5949
64.6624
84.2338
105.084
126.044
146.222
165.074
182.278
197.706
211.352
223.263
233.504
242.14
249.227
254.825
258.992
261.8
263.33
263.675
262.939
261.234
258.672
255.367
251.43
246.963
242.064
236.819
231.305
225.592
219.739
213.798
207.813
201.82
195.853
189.936
184.092
178.339
172.691
167.16
161.754
156.482
151.348
146.356
141.509
136.807
132.251
127.841
123.575
119.452
115.47
111.625
107.915
104.337
100.888
97.5628
94.3591
91.2729
88.3002
85.4371
82.6799
80.0244
77.4669
75.0035
72.6301
70.3429
68.1381
66.0118
63.9603
61.9801
60.0681
58.2216
56.4394
54.7228
53.078
51.5222
50.0674
48.7138
13.0634
13.027
12.9906
12.9543
12.918
12.8817
12.8454
12.8091
12.7729
12.7367
12.7005
12.6642
12.628
12.5918
12.5555
12.5193
12.483
12.4467
12.4103
12.3739
12.3375
12.301
12.2645
12.2279
12.1914
12.1548
12.1181
12.0815
12.0448
12.008
11.9713
11.9346
11.8978
11.861
11.8242
11.7875
11.7507
11.7139
11.6771
11.6403
11.6035
11.5668
11.53
11.4933
11.4566
11.42
11.3834
11.3468
11.3104
11.2739
11.2376
11.2014
11.1653
11.1293
11.0935
11.0579
11.0225
10.9874
10.9525
10.918
10.8839
10.8503
10.8171
10.7845
10.7526
10.7214
10.691
10.6615
10.633
10.6057
10.5796
10.5548
10.5315
10.5098
10.4898
10.4716
10.4553
10.4413
10.4307
10.4238
10.4204
10.4207
10.4242
10.4309
10.4401
10.4515
10.4642
10.4774
10.49
10.5008
10.5086
10.5121
10.5105
10.5038
10.4943
10.4892
10.5064
10.586
10.8101
11.3381
12.4603
14.6543
18.5917
25.0308
34.5755
47.4094
63.1716
81.0563
100.064
119.265
137.938
155.563
171.836
186.603
199.795
211.384
221.364
229.74
236.534
241.785
245.556
247.929
249.007
248.905
247.75
245.669
242.79
239.235
235.116
230.539
225.596
220.371
214.935
209.352
203.673
197.946
192.208
186.491
180.822
175.222
169.71
164.3
159.004
153.831
148.787
143.879
139.108
134.479
129.991
125.645
121.441
117.377
113.452
109.662
106.007
102.482
99.0844
95.8111
92.6583
89.6224
86.6997
83.8865
81.1789
78.573
76.0651
73.6514
71.328
69.0911
66.9372
64.8626
62.8639
60.9378
59.0818
57.294
55.5739
53.9242
52.3533
50.873
49.4865
48.1953
12.968
12.9271
12.8861
12.8452
12.8042
12.7632
12.7222
12.6812
12.6403
12.5994
12.5584
12.5176
12.4767
12.4359
12.3952
12.3545
12.3138
12.2732
12.2326
12.1921
12.1516
12.1112
12.0708
12.0305
11.9902
11.9499
11.9097
11.8695
11.8294
11.7893
11.7492
11.7093
11.6693
11.6294
11.5896
11.5498
11.5102
11.4706
11.431
11.3916
11.3523
11.3131
11.274
11.2351
11.1963
11.1577
11.1193
11.0811
11.0431
11.0054
10.968
10.9309
10.8941
10.8577
10.8218
10.7862
10.7512
10.7166
10.6827
10.6494
10.6168
10.5849
10.5539
10.5237
10.4945
10.4664
10.4393
10.4135
10.3889
10.3658
10.3441
10.324
10.3056
10.2889
10.274
10.2611
10.2502
10.2413
10.2346
10.231
10.2307
10.2335
10.2392
10.2476
10.2582
10.2705
10.2839
10.2977
10.3109
10.3226
10.3318
10.3376
10.3391
10.3359
10.3284
10.3185
10.3118
10.3181
10.3578
10.4731
10.7465
11.333
12.5048
14.6965
18.5075
24.6007
33.4945
45.3476
59.864
76.3813
94.0805
112.152
129.921
146.897
162.744
177.236
190.218
201.585
211.273
219.259
225.562
230.239
233.383
235.11
235.556
234.866
233.187
230.66
227.421
223.594
219.291
214.612
209.642
204.458
199.124
193.694
188.214
182.723
177.252
171.829
166.475
161.207
156.04
150.985
146.05
141.243
136.567
132.026
127.623
123.358
119.231
115.241
111.387
107.668
104.08
100.621
97.289
94.0795
90.9895
88.0156
85.1541
82.4015
79.7538
77.2075
74.7588
72.4041
70.1396
67.9619
65.8674
63.8529
61.9153
60.052
58.261
56.5412
54.8934
53.3205
51.8275
50.4202
49.1015
47.8739
12.9283
12.8853
12.8421
12.7989
12.7556
12.7123
12.6689
12.6255
12.5821
12.5386
12.4952
12.4517
12.4082
12.3648
12.3213
12.2779
12.2345
12.1912
12.1479
12.1046
12.0614
12.0182
11.9751
11.9321
11.8891
11.8461
11.8033
11.7605
11.7178
11.6751
11.6326
11.5901
11.5477
11.5054
11.4632
11.4211
11.3792
11.3373
11.2957
11.2541
11.2128
11.1716
11.1307
11.09
11.0495
11.0093
10.9694
10.9298
10.8906
10.8517
10.8133
10.7753
10.7378
10.7008
10.6645
10.6287
10.5936
10.5592
10.5255
10.4927
10.4608
10.4298
10.3998
10.371
10.3433
10.3168
10.2916
10.2679
10.2456
10.2249
10.2058
10.1885
10.173
10.1593
10.1477
10.138
10.1304
10.125
10.1216
10.1205
10.1216
10.1256
10.1324
10.1417
10.1531
10.1661
10.1803
10.1949
10.2093
10.2228
10.2346
10.2439
10.2502
10.2532
10.2533
10.2512
10.2478
10.2451
10.2475
10.2649
10.3169
10.4425
10.7167
11.2793
12.3767
14.4033
17.9072
23.5066
31.7113
42.7226
56.3432
72.026
89.0355
106.616
124.099
140.936
156.696
171.054
183.772
194.703
203.776
210.996
216.427
220.178
222.392
223.23
222.862
221.454
219.166
216.147
212.529
208.432
203.96
199.202
194.234
189.122
183.921
178.674
173.422
168.194
163.016
157.909
152.889
147.971
143.163
138.475
133.912
129.479
125.178
121.011
116.978
113.08
109.314
105.68
102.176
98.7989
95.5459
92.4141
89.4003
86.5011
83.713
81.0325
78.4558
75.9796
73.6
71.3137
69.1171
67.0069
64.9799
63.0331
61.1639
59.37
57.6501
56.0035
54.4307
52.9336
51.5158
50.1819
48.9358
47.7798
12.9131
12.8693
12.8255
12.7815
12.7375
12.6933
12.6491
12.6049
12.5606
12.5162
12.4718
12.4274
12.3829
12.3384
12.2939
12.2494
12.205
12.1605
12.116
12.0716
12.0271
11.9828
11.9384
11.8941
11.8498
11.8056
11.7615
11.7174
11.6734
11.6294
11.5856
11.5418
11.4982
11.4546
11.4112
11.3679
11.3247
11.2817
11.2389
11.1963
11.1539
11.1117
11.0698
11.0282
10.9869
10.946
10.9054
10.8652
10.8254
10.7861
10.7473
10.7091
10.6715
10.6345
10.5982
10.5626
10.5278
10.4939
10.4608
10.4287
10.3976
10.3677
10.3388
10.3112
10.285
10.2601
10.2367
10.2148
10.1946
10.1761
10.1594
10.1446
10.1318
10.121
10.1124
10.1059
10.1017
10.0997
10.1
10.1026
10.1075
10.1146
10.1238
10.1352
10.1486
10.1641
10.181
10.1989
10.2173
10.2354
10.2528
10.2693
10.2847
10.2986
10.3107
10.3207
10.3286
10.3349
10.3402
10.3467
10.3584
10.3835
10.4389
10.5577
10.8048
11.3046
12.2824
14.1125
17.3346
22.5858
30.4273
41.1365
54.585
70.2687
87.4446
105.289
123.014
139.941
155.536
169.415
181.345
191.224
199.058
204.932
208.991
211.411
212.388
212.116
210.784
208.569
205.63
202.107
198.122
193.782
189.176
184.38
179.456
174.458
169.429
164.404
159.413
154.479
149.622
144.855
140.192
135.641
131.209
126.901
122.721
118.67
114.75
110.961
107.301
103.77
100.366
97.0857
93.9275
90.888
87.9642
85.1528
82.4504
79.8536
77.3587
74.9625
72.6613
70.4517
68.3306
66.2947
64.341
62.467
60.6701
58.9486
57.3012
55.7275
54.2283
52.8058
51.464
50.2082
49.0442
47.974
12.9103
12.8667
12.8229
12.7791
12.7353
12.6914
12.6474
12.6034
12.5594
12.5153
12.4712
12.4271
12.383
12.3389
12.2948
12.2507
12.2067
12.1626
12.1186
12.0746
12.0307
11.9868
11.9429
11.8991
11.8554
11.8117
11.7681
11.7245
11.6811
11.6377
11.5944
11.5512
11.5082
11.4653
11.4225
11.3798
11.3373
11.2951
11.253
11.2111
11.1695
11.1281
11.0871
11.0464
11.006
10.966
10.9265
10.8874
10.8488
10.8107
10.7732
10.7364
10.7002
10.6647
10.63
10.5961
10.563
10.5309
10.4999
10.4699
10.441
10.4133
10.387
10.362
10.3385
10.3165
10.2962
10.2776
10.2608
10.246
10.2331
10.2224
10.214
10.2078
10.204
10.2027
10.204
10.2078
10.2143
10.2234
10.2352
10.2496
10.2666
10.286
10.3078
10.3317
10.3576
10.3851
10.4139
10.4437
10.474
10.5044
10.5345
10.564
10.5924
10.6194
10.6448
10.6685
10.6904
10.7109
10.7305
10.7508
10.7752
10.8106
10.8712
10.9871
11.2199
11.6946
12.6517
14.5107
17.8969
23.5565
32.1319
43.8983
58.6189
75.5941
93.8481
112.345
130.16
146.567
161.076
173.411
183.476
191.313
197.056
200.897
203.057
203.765
203.241
201.694
199.308
196.249
192.657
188.655
184.343
179.808
175.12
170.337
165.507
160.67
155.856
151.091
146.395
141.785
137.273
132.868
128.579
124.41
120.365
116.445
112.653
108.988
105.45
102.037
98.7475
95.5793
92.5297
89.5958
86.7747
84.063
81.4575
78.9548
76.5514
74.2441
72.0294
69.9041
67.8651
65.9094
64.0343
62.2375
60.5169
58.871
57.2992
55.8018
54.3804
53.0382
51.7809
50.6163
49.554
48.5973
12.9229
12.8805
12.8381
12.7957
12.7534
12.7111
12.6688
12.6265
12.5844
12.5422
12.5002
12.4582
12.4162
12.3744
12.3326
12.2909
12.2493
12.2078
12.1663
12.125
12.0837
12.0426
12.0015
11.9605
11.9197
11.8789
11.8382
11.7977
11.7572
11.7169
11.6767
11.6366
11.5966
11.5568
11.5171
11.4776
11.4382
11.3991
11.3602
11.3215
11.2831
11.2449
11.2071
11.1697
11.1326
11.0959
11.0598
11.0241
10.9889
10.9543
10.9204
10.8871
10.8546
10.8228
10.7919
10.762
10.733
10.705
10.6782
10.6526
10.6283
10.6054
10.584
10.5642
10.546
10.5297
10.5152
10.5028
10.4926
10.4847
10.4792
10.4762
10.4759
10.4784
10.4838
10.4923
10.504
10.5189
10.5372
10.559
10.5842
10.6129
10.6451
10.6807
10.7197
10.7618
10.807
10.8549
10.9052
10.9575
11.0115
11.0667
11.1226
11.1787
11.2345
11.2895
11.3432
11.3953
11.4453
11.4929
11.538
11.5806
11.6211
11.6608
11.703
11.7552
11.8341
11.9784
12.2751
12.9135
14.2717
16.9961
21.9645
30.0374
41.6823
56.7124
74.3111
93.288
112.393
130.552
146.975
161.176
172.934
182.229
189.181
193.996
196.925
198.23
198.169
196.981
194.878
192.047
188.645
184.806
180.642
176.245
171.69
167.038
162.339
157.633
152.951
148.32
143.759
139.283
134.906
130.637
126.481
122.445
118.532
114.742
111.078
107.539
104.124
100.831
97.6596
94.6063
91.6688
88.844
86.129
83.5206
81.0154
78.6102
76.3016
74.0863
71.9611
69.923
67.969
66.0963
64.3026
62.5858
60.9443
59.3773
57.8848
56.4682
55.1304
53.8769
52.7167
51.6628
50.7329
49.9367
12.9728
12.9341
12.8956
12.8572
12.819
12.7809
12.7431
12.7053
12.6678
12.6304
12.5932
12.5561
12.5192
12.4825
12.4459
12.4094
12.3731
12.3369
12.3009
12.265
12.2291
12.1935
12.1579
12.1224
12.087
12.0517
12.0166
11.9815
11.9465
11.9116
11.8767
11.842
11.8074
11.7729
11.7385
11.7043
11.6702
11.6363
11.6026
11.5691
11.5359
11.5029
11.4704
11.4381
11.4063
11.375
11.3441
11.3138
11.2842
11.2552
11.2269
11.1994
11.1728
11.1471
11.1224
11.0988
11.0764
11.0552
11.0355
11.0172
11.0005
10.9855
10.9723
10.9611
10.9521
10.9453
10.9409
10.9391
10.9401
10.944
10.9511
10.9615
10.9754
10.993
11.0145
11.0402
11.0702
11.1046
11.1437
11.1877
11.2366
11.2905
11.3494
11.4135
11.4825
11.5565
11.635
11.718
11.805
11.8955
11.989
12.0849
12.1824
12.2808
12.3793
12.4771
12.5734
12.6674
12.7583
12.8453
12.9278
13.0052
13.0768
13.1426
13.2028
13.2592
13.3169
13.3891
13.5096
13.7627
14.3504
15.706
18.6017
24.0833
33.1118
46.0783
62.5478
81.3955
101.186
120.547
138.4
154.032
167.08
177.451
185.247
190.689
194.06
195.66
195.786
194.707
192.665
189.865
186.482
182.66
178.516
174.148
169.633
165.032
160.395
155.761
151.162
146.62
142.156
137.783
133.512
129.352
125.308
121.386
117.586
113.91
110.359
106.932
103.628
100.445
97.3805
94.4327
91.5985
88.8749
86.2587
83.7468
81.3357
79.0223
76.8032
74.6753
72.6353
70.6804
68.8077
67.0147
65.2993
63.6598
62.095
60.6048
59.1902
57.8537
56.6004
55.439
54.3833
53.4552
52.6864
52.104
13.1166
13.0859
13.0555
13.0254
12.9955
12.9659
12.9365
12.9073
12.8783
12.8495
12.8208
12.7923
12.7639
12.7356
12.7075
12.6794
12.6514
12.6234
12.5956
12.5677
12.5399
12.5121
12.4844
12.4566
12.4288
12.4011
12.3733
12.3455
12.3178
12.29
12.2622
12.2345
12.2068
12.1792
12.1516
12.1241
12.0968
12.0697
12.0428
12.0161
11.9898
11.9639
11.9383
11.9133
11.8888
11.865
11.8418
11.8194
11.7978
11.7771
11.7573
11.7387
11.7212
11.705
11.6902
11.6768
11.6651
11.6551
11.647
11.6409
11.637
11.6354
11.6364
11.6401
11.6467
11.6565
11.6696
11.6864
11.7071
11.7319
11.7611
11.7951
11.8341
11.8785
11.9286
11.9846
12.047
12.1159
12.1918
12.2748
12.3651
12.463
12.5686
12.6818
12.8025
12.9307
13.066
13.2079
13.3559
13.5092
13.6671
13.8283
13.9919
14.1566
14.3212
14.4842
14.6444
14.8004
14.9509
15.0947
15.2305
15.3571
15.4733
15.5781
15.6705
15.7501
15.8177
15.8775
15.9431
16.0537
16.3159
16.9984
18.6854
22.3751
29.2823
40.2963
55.4627
73.8876
94.0765
114.414
133.528
150.457
164.667
175.977
184.463
190.363
193.996
195.71
195.843
194.706
192.568
189.659
186.167
182.249
178.028
173.602
169.051
164.435
159.803
155.192
150.63
146.14
141.738
137.437
133.246
129.172
125.218
121.389
117.685
114.107
110.655
107.327
104.122
101.038
98.0713
95.2203
92.4818
89.8524
87.329
84.9083
82.5868
80.3614
78.2286
76.1854
74.2286
72.3555
70.5632
68.8496
67.2126
65.651
64.1643
62.7528
61.4188
60.1666
59.0038
57.9435
57.0071
56.2294
55.6661
55.3826
13.4567
13.4392
13.4219
13.4047
13.3875
13.3705
13.3534
13.3363
13.3193
13.3021
13.2849
13.2676
13.2503
13.2327
13.2151
13.1973
13.1793
13.1612
13.1429
13.1245
13.1059
13.0871
13.0681
13.0491
13.0298
13.0105
12.991
12.9715
12.9519
12.9322
12.9126
12.893
12.8735
12.8541
12.8349
12.8159
12.7973
12.779
12.7612
12.7439
12.7272
12.7112
12.696
12.6816
12.6682
12.6558
12.6446
12.6345
12.6259
12.6187
12.6131
12.6092
12.6072
12.6072
12.6093
12.6138
12.6208
12.6304
12.643
12.6586
12.6776
12.7002
12.7267
12.7573
12.7924
12.8324
12.8774
12.928
12.9846
13.0474
13.1171
13.1941
13.2787
13.3716
13.4733
13.5841
13.7047
13.8354
13.9768
14.1291
14.2928
14.468
14.6548
14.8533
15.0632
15.2842
15.5157
15.7569
16.0068
16.2641
16.5274
16.7951
17.0654
17.3363
17.6059
17.872
18.1328
18.3863
18.6305
18.8635
19.0835
19.2886
19.4769
19.6462
19.7943
19.9188
20.0172
20.0883
20.1347
20.1718
20.2518
20.5299
21.4069
23.7233
28.7691
37.8328
51.4972
69.2479
89.6565
110.91
131.323
149.632
165.083
177.378
186.554
192.864
196.677
198.395
198.415
197.091
194.732
191.594
187.885
183.771
179.382
174.82
170.162
165.47
160.788
156.152
151.586
147.109
142.737
138.478
134.34
130.327
126.443
122.688
119.063
115.568
112.201
108.96
105.843
102.848
99.9713
97.2103
94.5617
92.022
89.5879
87.2559
85.0225
82.8845
80.8384
78.8811
77.0096
75.2211
73.513
71.8833
70.3302
68.8528
67.4513
66.1269
64.8831
63.7264
62.6679
61.7266
60.9343
60.3458
60.0554
60.2073
14.136
14.1348
14.1332
14.1312
14.1287
14.1257
14.1223
14.1184
14.114
14.1092
14.1039
14.0981
14.0919
14.0852
14.0781
14.0706
14.0627
14.0545
14.046
14.0371
14.0281
14.0188
14.0093
13.9998
13.9902
13.9805
13.9709
13.9615
13.9522
13.9431
13.9343
13.926
13.9181
13.9108
13.9041
13.8982
13.8932
13.8891
13.886
13.8842
13.8836
13.8845
13.887
13.8911
13.8971
13.9051
13.9152
13.9276
13.9425
13.9601
13.9805
14.0039
14.0306
14.0608
14.0948
14.1327
14.1749
14.2217
14.2734
14.3304
14.3929
14.4615
14.5365
14.6184
14.7077
14.8049
14.9106
15.0254
15.1499
15.2848
15.4308
15.5887
15.7591
15.9428
16.1407
16.3534
16.5818
16.8265
17.0881
17.3671
17.664
17.979
18.3122
18.6632
19.0318
19.417
19.818
20.2332
20.6609
21.0992
21.5457
21.9979
22.4532
22.9086
23.3613
23.8085
24.2473
24.6751
25.089
25.4865
25.8647
26.2206
26.5509
26.8518
27.1188
27.3463
27.5277
27.6553
27.7217
27.7235
27.6742
27.6434
27.8614
28.9355
32.0708
38.8762
50.5689
67.1975
87.5541
109.679
131.523
151.434
168.353
181.809
191.776
198.525
202.482
204.126
203.922
202.29
199.583
196.093
192.05
187.633
182.98
178.194
173.354
168.516
163.725
159.01
154.393
149.89
145.511
141.262
137.149
133.174
129.336
125.637
122.074
118.647
115.352
112.188
109.151
106.239
103.447
100.773
98.2125
95.7624
93.4189
91.1784
89.0374
86.9923
85.0398
83.1767
81.3999
79.7068
78.0949
76.5622
75.1075
73.7302
72.4311
71.2126
70.0799
69.0419
68.1143
67.3237
66.7164
66.3766
66.4595
67.2637
15.3189
15.3327
15.3454
15.3571
15.3678
15.3776
15.3866
15.3947
15.4021
15.4087
15.4147
15.4201
15.425
15.4294
15.4335
15.4373
15.4408
15.4442
15.4476
15.451
15.4545
15.4583
15.4625
15.467
15.4721
15.4779
15.4844
15.4918
15.5002
15.5096
15.5204
15.5325
15.5462
15.5615
15.5786
15.5977
15.6189
15.6424
15.6685
15.6971
15.7287
15.7633
15.8012
15.8426
15.8878
15.937
15.9903
16.0483
16.111
16.1788
16.2521
16.3311
16.4163
16.5081
16.6068
16.7128
16.8268
16.9491
17.0803
17.2211
17.372
17.5337
17.707
17.8926
18.0914
18.3042
18.5321
18.7759
19.0368
19.3159
19.6143
19.9333
20.274
20.6377
21.0255
21.4388
21.8785
22.3457
22.8413
23.3659
23.92
24.5038
25.1171
25.7594
26.4296
27.1263
27.8478
28.5915
29.3546
30.1341
30.9261
31.727
32.5327
33.3389
34.1416
34.9364
35.7193
36.4862
37.233
37.9554
38.649
39.3089
39.9296
40.5042
41.0248
41.4813
41.8609
42.1478
42.3229
42.3648
42.2552
41.9979
41.6755
41.6047
42.6526
46.5117
55.2033
69.6762
89.2366
111.883
135.143
156.828
175.438
190.245
201.113
208.323
212.371
213.831
213.259
211.155
207.935
203.932
199.405
194.547
189.505
184.385
179.263
174.195
169.219
164.361
159.637
155.058
150.63
146.356
142.236
138.271
134.458
130.795
127.279
123.907
120.676
117.582
114.621
111.79
109.084
106.501
104.035
101.683
99.4405
97.3044
95.2707
93.3356
91.4957
89.7477
88.0886
86.5158
85.0268
83.62
82.2945
81.0502
79.8887
78.8137
77.8323
76.9567
76.208
75.6228
75.2664
75.2647
75.8664
77.6618
17.2161
17.2433
17.2692
17.2941
17.318
17.3412
17.3636
17.3854
17.4068
17.4278
17.4487
17.4696
17.4906
17.5119
17.5336
17.556
17.5791
17.6031
17.6283
17.6547
17.6826
17.7121
17.7435
17.7769
17.8126
17.8506
17.8914
17.935
17.9817
18.0317
18.0853
18.1428
18.2042
18.2701
18.3405
18.4159
18.4965
18.5825
18.6745
18.7726
18.8772
18.9887
19.1076
19.2341
19.3687
19.5119
19.6641
19.8259
19.9978
20.1802
20.3739
20.5795
20.7976
21.0289
21.2742
21.5344
21.8103
22.1029
22.4131
22.7421
23.091
23.461
23.8535
24.2698
24.7115
25.1802
25.6774
26.205
26.7648
27.3587
27.9885
28.6562
29.3638
30.1132
30.9062
31.7446
32.6298
33.5631
34.5456
35.5779
36.6601
37.7918
38.972
40.1992
41.471
42.7844
44.1356
45.5201
46.9328
48.3681
49.8198
51.2814
52.7461
54.2073
55.658
57.0917
58.5017
59.8817
61.2252
62.5258
63.7766
64.9703
66.0982
67.1503
68.1143
68.9747
69.7121
70.3017
70.7128
70.9077
70.8446
70.486
69.826
68.9696
68.3521
69.2555
73.6822
83.8589
100.501
122.118
145.906
168.964
189.117
205.174
216.817
224.321
228.247
229.275
228.068
225.221
221.224
216.462
211.225
205.725
200.115
194.503
188.963
183.546
178.284
173.195
168.289
163.572
159.042
154.698
150.535
146.55
142.737
139.093
135.611
132.287
129.116
126.093
123.214
120.474
117.869
115.393
113.043
110.814
108.702
106.702
104.81
103.024
101.338
99.7502
98.2569
96.8555
95.5437
94.3202
93.1843
92.1366
91.1797
90.3186
89.5629
88.9284
88.4427
88.1542
88.1519
88.6177
89.9347
93.232
20.2448
20.2903
20.3355
20.3808
20.4262
20.4721
20.5186
20.5661
20.6149
20.6651
20.7172
20.7713
20.8279
20.8873
20.9497
21.0155
21.085
21.1587
21.2367
21.3196
21.4077
21.5013
21.6009
21.707
21.8198
21.94
22.0678
22.2039
22.3487
22.5026
22.6663
22.8403
23.0251
23.2213
23.4295
23.6504
23.8846
24.1328
24.3956
24.6739
24.9683
25.2796
25.6087
25.9565
26.3237
26.7114
27.1206
27.5521
28.0072
28.4868
28.9923
29.5249
30.0858
30.6764
31.2983
31.953
32.642
33.3672
34.1303
34.9333
35.7781
36.667
37.6022
38.5859
39.6207
40.7089
41.8532
43.0561
44.3203
45.6483
47.0426
48.5057
50.0398
51.6469
53.3287
55.0864
56.921
58.8324
60.8204
62.8836
65.0199
67.2262
69.4985
71.8316
74.2192
76.6542
79.1283
81.6322
84.1562
86.6895
89.2215
91.7408
94.2363
96.6972
99.1127
101.473
103.767
105.987
108.123
110.166
112.107
113.935
115.64
117.208
118.623
119.867
120.916
121.739
122.3
122.556
122.456
121.953
121.022
119.711
118.275
117.466
118.419
123.484
134.485
151.619
172.95
195.213
215.444
231.773
243.475
250.614
253.773
253.774
251.378
247.277
242.04
236.106
229.794
223.331
216.874
210.527
204.361
198.418
192.719
187.274
182.083
177.14
172.437
167.966
163.715
159.676
155.84
152.199
148.745
145.471
142.371
139.437
136.664
134.047
131.579
129.256
127.072
125.022
123.102
121.306
119.631
118.071
116.624
115.285
114.052
112.921
111.89
110.959
110.125
109.392
108.761
108.241
107.841
107.582
107.498
107.65
108.153
109.254
111.51
117.031
25.4439
25.5342
25.6283
25.7266
25.8295
25.9375
26.0512
26.1711
26.2981
26.4326
26.5753
26.727
26.8884
27.0601
27.2429
27.4377
27.6452
27.8663
28.1018
28.3526
28.6198
28.9042
29.207
29.5291
29.8716
30.2357
30.6227
31.0336
31.4699
31.9328
32.4236
32.9439
33.495
34.0784
34.6957
35.3485
36.0384
36.7671
37.5362
38.3475
39.2027
40.1036
41.0521
42.0499
43.099
44.2011
45.3583
46.5723
47.8452
49.1787
50.5749
52.0357
53.563
55.1587
56.8247
58.563
60.3756
62.2643
64.231
66.2775
68.4056
70.6172
72.9141
75.2978
77.7699
80.3317
82.9844
85.7291
88.5666
91.4973
94.521
97.6375
100.846
104.145
107.531
111.003
114.556
118.184
121.883
125.645
129.462
133.324
137.22
141.138
145.067
148.99
152.893
156.761
160.576
164.323
167.985
171.545
174.987
178.296
181.458
184.46
187.287
189.929
192.374
194.612
196.632
198.425
199.979
201.283
202.325
203.09
203.562
203.72
203.54
202.993
202.051
200.691
198.921
196.838
194.803
193.151
192.909
196.003
203.536
215.766
231.78
249.409
266.31
280.205
289.922
295.121
296.199
293.897
289.169
282.817
275.479
267.629
259.602
251.626
243.848
236.365
229.232
222.477
216.104
210.107
204.468
199.169
194.189
189.509
185.111
180.979
177.097
173.453
170.036
166.835
163.841
161.046
158.441
156.019
153.774
151.698
149.786
148.031
146.427
144.97
143.654
142.474
141.425
140.503
139.704
139.025
138.464
138.017
137.685
137.468
137.371
137.398
137.563
137.888
138.41
139.198
140.382
142.277
145.599
154.245
36.2461
36.5056
36.7827
37.0782
37.3936
37.7306
38.0907
38.4757
38.8873
39.3272
39.7972
40.2993
40.8355
41.4077
42.0181
42.669
43.3626
44.1014
44.8879
45.7247
46.6145
47.5601
48.5644
49.6305
50.7615
51.9604
53.2308
54.5758
55.9989
57.5035
59.0932
60.7714
62.5415
64.4071
66.3716
68.4383
70.6104
72.8911
75.2832
77.7895
80.4125
83.1544
86.0172
89.0027
92.1121
95.3463
98.7058
102.191
105.801
109.536
113.395
117.375
121.475
125.692
130.024
134.467
139.017
143.671
148.423
153.27
158.207
163.227
168.326
173.497
178.735
184.034
189.386
194.786
200.225
205.697
211.194
216.709
222.232
227.754
233.267
238.759
244.22
249.638
255.001
260.296
265.508
270.623
275.624
280.495
285.218
289.776
294.15
298.321
302.271
305.981
309.434
312.612
315.499
318.08
320.341
322.27
323.856
325.09
325.966
326.48
326.629
326.414
325.836
324.902
323.62
321.999
320.053
317.799
315.254
312.439
309.378
306.101
302.655
299.146
295.98
293.618
293.46
297.612
306.924
320.141
334.98
349.173
361.004
369.36
374.181
374.708
371.182
364.375
355.203
344.637
333.503
322.299
311.33
300.794
290.808
281.439
272.712
264.622
257.142
250.235
243.858
237.97
232.53
227.504
222.86
218.571
214.613
210.968
207.616
204.543
201.735
199.181
196.868
194.787
192.927
191.281
189.84
188.595
187.538
186.663
185.962
185.429
185.056
184.837
184.767
184.84
185.052
185.397
185.872
186.476
187.208
188.071
189.072
190.227
191.566
193.145
195.08
197.697
201.683
214.182
68.4445
69.4342
70.5011
71.649
72.8834
74.209
75.6301
77.151
78.7764
80.5111
82.3602
84.3289
86.4227
88.6473
91.0084
93.5122
96.1648
98.9725
101.942
105.079
108.391
111.884
115.565
119.44
123.516
127.798
132.292
137.004
141.938
147.1
152.492
158.118
163.98
170.079
176.416
182.991
189.8
196.841
204.111
211.602
219.307
227.219
235.327
243.619
252.084
260.707
269.473
278.364
287.364
296.454
305.615
314.827
324.069
333.32
342.559
351.766
360.919
369.998
378.983
387.853
396.592
405.181
413.602
421.839
429.878
437.705
445.307
452.671
459.786
466.644
473.235
479.55
485.583
491.325
496.772
501.916
506.752
511.274
515.477
519.354
522.899
526.107
528.971
531.482
533.635
535.421
536.832
537.859
538.492
538.722
538.539
537.935
536.899
535.424
533.504
531.133
528.311
525.04
521.325
517.179
512.619
507.67
502.365
496.745
490.861
484.774
478.557
472.295
466.091
460.07
454.385
449.194
444.497
439.864
435.301
432.236
432.845
439.485
453.478
473.715
496.569
517.509
532.963
541.135
541.865
535.864
524.469
509.262
491.754
473.153
454.513
436.702
419.955
404.403
390.106
377.062
365.225
354.516
344.843
336.111
328.225
321.102
314.667
308.856
303.615
298.895
294.659
290.873
287.507
284.536
281.939
279.694
277.784
276.191
274.9
273.896
273.165
272.692
272.466
272.472
272.698
273.132
273.762
274.576
275.561
276.707
277.999
279.426
280.974
282.631
284.381
286.209
288.097
290.028
291.981
293.936
295.881
297.917
300.15
313.384
82.2883
80.9661
79.7417
78.6128
77.5773
76.6331
75.7787
75.0128
74.3345
73.7428
73.2371
72.817
72.4822
72.2325
72.0681
71.9892
71.9962
72.0897
72.2703
72.5388
72.8962
73.3435
73.8819
74.5124
75.2365
76.0553
76.9702
77.9825
79.0934
80.3041
81.6157
83.0293
84.5456
86.1652
87.8885
89.7156
91.6464
93.6802
95.8162
98.0531
100.389
102.822
105.348
107.965
110.669
113.456
116.321
119.257
122.26
125.323
128.439
131.6
134.8
138.03
141.282
144.548
147.819
151.086
154.342
157.577
160.784
163.954
167.08
170.155
173.172
176.124
179.005
181.812
184.537
187.179
189.732
192.196
194.566
196.843
199.025
201.111
203.104
205.003
206.809
208.526
210.156
211.7
213.163
214.549
215.859
217.099
218.271
219.38
220.427
221.417
222.349
223.227
224.049
224.815
225.523
226.171
226.755
227.271
227.714
228.081
228.367
228.57
228.69
228.73
228.697
228.602
228.464
228.312
228.19
228.17
228.378
228.982
230.301
234.529
241.621
253.222
272.896
306.126
359.056
435.089
530.557
633.493
728.037
801.341
847.654
867.956
867.196
851.568
826.723
796.824
766.042
735.287
705.368
676.926
650.323
625.651
602.862
581.827
562.384
544.366
527.618
512.004
497.405
483.726
470.882
458.806
447.439
436.732
426.641
417.127
408.155
399.693
391.712
384.181
377.075
370.369
364.037
358.057
352.408
347.067
342.015
337.232
332.699
328.399
324.313
320.426
316.719
313.176
309.779
306.51
303.348
300.271
297.252
294.259
291.249
288.161
284.953
281.38
278.075
274.809
194.563
197.59
202.895
208.918
215.191
221.78
228.767
236.222
244.257
253.022
262.696
273.486
285.635
299.428
315.202
333.362
354.409
378.963
407.694
232.499
159.952
128.388
118.245
114.582
130.109
88.3317
86.2972
85.1252
84.7533
84.9437
85.5082
86.3491
87.4205
88.7052
90.2059
91.9418
93.945
96.2592
98.9394
102.053
105.681
109.922
114.884
120.359
107.033
93.661
83.8159
77.6051
75.2907
74.2236
65.6088
64.1323
62.8708
61.9214
61.2662
60.851
60.6332
60.5837
60.6833
60.9216
61.2969
61.8145
62.4859
63.3287
64.3657
65.6255
67.1423
68.9501
70.9423
69.1725
65.7013
62.1534
59.2459
57.7656
56.4338
56.9967
55.8404
54.7288
53.7426
52.9085
52.2218
51.6721
51.2491
50.9432
50.7476
50.6588
50.6772
50.8068
51.055
51.4326
51.9536
52.6354
53.4941
54.4763
54.3799
53.3524
51.935
50.5075
49.6684
48.7031
53.0523
52.0295
51.0072
50.0376
49.1496
48.353
47.6519
47.0467
46.5359
46.117
45.7888
45.5513
45.4067
45.3589
45.4142
45.5813
45.8706
46.2921
46.8186
46.9918
46.7023
46.1166
45.3907
44.9329
44.2466
51.2073
50.2346
49.2506
48.2895
47.3744
46.5181
45.7295
45.0145
44.3759
43.8152
43.3331
42.9307
42.6099
42.3738
42.2266
42.1745
42.2245
42.3838
42.6387
42.7911
42.7258
42.4804
42.0985
41.8566
41.3542
50.4816
49.5198
48.5441
47.5781
46.6397
45.741
44.8919
44.1002
43.3713
42.7087
42.1151
41.5925
41.1432
40.77
40.4765
40.2673
40.148
40.124
40.189
40.2511
40.2257
40.1082
39.8892
39.761
39.3736
50.4186
49.4464
48.461
47.4796
46.5158
45.5803
44.6828
43.8313
43.0323
42.2906
41.6097
40.9926
40.4421
39.9611
39.5528
39.2213
38.9709
38.8064
38.7253
38.6842
38.6261
38.5365
38.382
38.3036
37.9813
50.7737
49.778
48.7717
47.7669
46.7745
45.8037
44.8633
43.9611
43.1038
42.2965
41.5436
40.8485
40.2143
39.6441
39.1411
38.7088
38.3513
38.0724
37.8723
37.7309
37.6111
37.5002
37.3548
37.2857
36.992
51.4009
50.3734
49.3383
48.3046
47.2806
46.2742
45.2934
44.3456
43.4371
42.5731
41.7583
40.9963
40.2906
39.6441
39.0601
38.542
38.0934
37.718
37.417
37.1827
36.9911
36.8347
36.6665
36.5811
36.2899
52.2047
51.1399
50.0708
49.004
47.9459
46.9035
45.8837
44.8932
43.9381
43.0235
42.1538
41.333
40.5644
39.8512
39.1965
38.6035
38.0757
37.6166
37.2281
36.909
36.6437
36.4307
36.2216
36.1038
35.797
53.118
52.0122
50.9056
49.8029
48.7091
47.6301
46.572
45.541
44.5426
43.5817
42.6625
41.7889
40.9642
40.1916
39.4741
38.8149
38.2171
37.6843
37.2187
36.8227
36.4858
36.2119
35.9524
35.7926
35.4582
54.0899
52.9411
51.7949
50.6546
49.5241
48.4084
47.3129
46.243
45.2039
44.2001
43.2356
42.3141
41.4388
40.6128
39.8391
39.1208
38.4607
37.8624
37.3281
36.8625
36.4581
36.1232
35.8088
35.602
35.2324
55.08
53.8875
52.7008
51.5223
50.3549
49.2028
48.0708
46.9638
45.8863
44.8426
43.8364
42.8712
41.9501
41.0759
40.2517
39.4802
38.7644
38.1076
37.5121
36.9838
36.5166
36.1227
35.7528
35.4967
35.0882
56.0548
54.8191
53.5921
52.3755
51.1717
49.9841
48.817
47.6746
46.5611
45.4804
44.4359
43.4308
42.4681
41.5505
40.6808
39.8618
39.0961
38.3872
37.7371
37.1523
36.6278
36.1785
35.7544
35.4493
35.0007
56.9858
55.7084
54.4422
53.1886
51.9496
50.7279
49.5273
48.3517
47.2046
46.0898
45.0102
43.969
42.9688
42.0123
41.102
40.2406
39.4306
38.6753
37.9768
37.3418
36.7655
36.2651
35.7898
35.4373
34.9497
57.8484
56.5317
55.2282
53.9395
52.6669
51.4131
50.1812
48.9747
47.7969
46.6509
45.5397
44.4661
43.4325
42.4414
41.4952
40.5965
39.7475
38.9515
38.2104
37.5311
36.9086
36.3619
35.8396
35.4423
34.9188
58.6212
57.2681
55.93
54.6085
53.3048
52.0212
50.7606
49.5261
48.3205
47.1468
46.0076
44.9055
43.8426
42.8214
41.844
40.9128
40.03
39.1988
38.4208
37.703
37.0402
36.4523
35.8881
35.4493
34.894
59.2871
57.9021
56.5333
55.1827
53.8516
52.5419
51.2564
49.9978
48.7685
47.5713
46.4086
45.2824
44.195
43.1485
42.1447
41.1861
40.2745
39.4131
38.6031
37.8513
37.1526
36.5268
35.9237
35.4442
34.8583
59.8295
58.4161
57.0202
55.6439
54.2885
52.9561
51.6491
50.3697
49.1205
47.9036
46.7211
45.5751
44.4674
43.3999
42.3744
41.393
40.4574
39.5706
38.7336
37.9529
37.223
36.5639
35.9258
35.4095
34.7941
60.232
58.7935
57.3736
55.9747
54.5981
53.246
51.9204
50.6236
49.3575
48.1243
46.9258
45.7636
44.6395
43.5552
42.5123
41.5126
40.558
39.6508
38.7922
37.9884
37.2333
36.5473
35.8806
35.3345
34.6943
60.4841
59.0245
57.5845
56.1666
54.7724
53.4041
52.0636
50.7528
49.4737
48.2279
47.0171
45.8427
44.7064
43.6094
42.5535
41.5402
40.571
39.6485
38.7735
37.9519
37.1774
36.4704
35.7812
35.2119
34.5522
60.5787
59.1027
57.6469
56.2142
54.8066
53.426
52.0745
50.7538
49.4655
48.2112
46.9922
45.8099
44.6654
43.5602
42.4956
41.4731
40.4941
39.561
38.6744
37.8401
37.0516
36.3293
35.6235
35.0369
34.3636
60.5134
59.0255
57.5586
56.1156
54.6989
53.3104
51.9522
50.6258
49.3327
48.0742
46.8513
45.6652
44.517
43.4079
42.339
41.3118
40.3274
39.3883
38.4948
37.6527
36.8552
36.1227
35.406
34.8076
34.1264
60.2895
58.7945
57.321
55.8724
54.4511
53.0593
51.6989
50.3714
49.0779
47.8195
46.5972
45.4118
44.2642
43.1555
42.0866
41.0589
40.0736
39.1327
38.2368
37.3914
36.5896
35.8519
35.1294
34.5245
33.8405
59.9124
58.4147
56.9393
55.4897
54.0686
52.6781
51.3202
49.9961
48.7068
47.4531
46.2358
45.0554
43.9127
42.8086
41.7439
40.7199
39.7376
38.7992
37.9049
37.0603
36.2586
35.5202
34.7967
34.1904
33.5081
59.3906
57.8948
56.422
54.9761
53.5598
52.1754
50.8247
49.5087
48.2282
46.9837
45.7757
44.6046
43.4709
42.3754
41.3188
40.3022
39.3268
38.3945
37.5057
36.6659
35.8681
35.1332
34.4128
33.8098
33.1332
58.7424
57.2529
55.7876
54.3502
52.9438
51.5706
50.2321
48.9291
47.6622
46.4315
45.2372
44.0796
42.9591
41.8762
40.8316
39.8264
38.8616
37.9393
37.0599
36.2288
35.4392
34.7121
33.9993
33.4043
32.7383
57.988
56.509
55.0557
53.6318
52.2403
50.8833
49.562
48.2768
47.0279
45.8153
44.6388
43.4987
42.395
41.3283
40.2991
39.3087
38.358
37.4491
36.5825
35.7637
34.9859
34.2703
33.5692
32.9858
32.3349
57.1384
55.6739
54.2368
52.8308
51.4589
50.1225
48.8226
47.5593
46.3322
45.1411
43.9858
42.866
41.7819
40.734
39.7228
38.7496
37.8153
36.9223
36.0709
35.2667
34.5034
33.8018
33.1154
32.546
31.9134
56.2125
54.7662
53.3496
51.966
50.6178
49.3063
48.0317
46.7937
45.5916
44.4249
43.293
42.1959
41.1336
40.1064
39.1152
38.161
37.2451
36.3697
35.5355
34.748
34.0011
33.3155
32.6463
32.0928
31.4809
55.2307
53.8067
52.4148
51.0578
49.7375
48.4544
47.2083
45.9982
44.8234
43.683
42.5765
41.5036
40.4643
39.4592
38.4892
37.5553
36.6591
35.8028
34.9871
34.2178
33.4891
32.8212
32.171
31.635
31.0455
54.2154
52.8179
51.4548
50.1282
48.8391
47.5873
46.3719
45.1917
44.0456
42.9326
41.8522
40.8042
39.7887
38.8064
37.8582
36.9455
36.0697
35.2333
34.4373
33.6871
32.9778
32.3287
31.6992
31.1818
30.6162
53.1905
51.8237
50.4931
49.2
47.9446
46.7258
45.5423
44.3927
43.2756
42.1903
41.1361
40.113
39.1213
38.1618
37.2356
36.3442
35.4892
34.6732
33.8974
33.1671
32.478
31.8487
31.241
30.743
30.2027
52.1144
50.7849
49.493
48.2391
47.022
45.8401
44.6918
43.5754
42.4898
41.4341
40.408
39.4117
38.4457
37.511
36.6089
35.741
34.9092
34.116
33.363
32.6553
31.9892
31.3824
30.7998
30.3241
29.8123
51.0055
49.7201
48.4733
47.2635
46.0886
44.9466
43.8357
42.7544
41.7017
40.6772
39.6807
38.7128
37.7741
36.866
35.9898
35.1475
34.3409
33.5729
32.8449
32.1623
31.5219
30.9405
30.3857
29.9355
29.4541
49.9614
48.7229
47.5218
46.3554
45.2211
44.1169
43.0411
41.9926
40.9707
39.9754
39.0069
38.0658
37.1532
36.2706
35.4196
34.6022
33.8204
33.0772
32.3742
31.7167
31.1021
30.5464
30.0197
29.5957
29.1442
49.0163
47.824
46.6666
45.5403
44.443
43.3728
42.3286
41.3098
40.3159
39.3473
38.4045
37.4885
36.6004
35.742
34.915
34.1215
33.3639
32.6449
31.9666
31.334
30.7452
30.2155
29.7171
29.3198
28.8977
48.2029
47.0518
45.9325
44.841
43.7755
42.7348
41.7183
40.7255
39.7565
38.8119
37.8925
36.9994
36.1342
35.2984
34.4941
33.7236
32.9892
32.2939
31.6398
31.032
30.4692
29.9658
29.4962
29.1263
28.7331
47.5459
46.4297
45.3408
44.278
43.2392
42.2234
41.2305
40.2603
39.3132
38.39
37.4917
36.6196
35.7752
34.9606
34.1777
33.4291
32.7171
32.045
31.415
30.8321
30.2956
29.8193
29.3793
29.0379
28.6733
47.0638
45.9764
44.9128
43.8731
42.8563
41.8616
40.8888
39.9382
39.0104
38.1062
37.2268
36.3736
35.5485
34.7535
33.9909
33.2633
32.5734
31.9243
31.3186
30.7613
30.2521
29.8042
29.3953
29.0843
28.7484
46.7756
45.7138
44.6727
43.6532
42.6553
41.6788
40.7236
39.7903
38.8794
37.992
37.1295
36.2935
35.4861
34.7095
33.9664
33.2595
32.5916
31.9662
31.3859
30.8558
30.3758
29.9589
29.5834
29.3059
28.9999
46.7146
45.6778
44.6584
43.6582
42.6777
41.7174
40.7779
39.8597
38.9637
38.0911
37.2437
36.4233
35.6324
34.8736
34.1498
33.464
32.8194
32.2193
31.6668
31.1668
30.7196
30.3378
29.9997
29.7604
29.4856
46.9428
45.9312
44.9336
43.9525
42.9889
42.0431
41.1173
40.2121
39.3287
38.4688
37.6345
36.8284
36.0533
35.3124
34.609
33.9462
33.3275
32.7565
32.236
31.7713
31.3626
31.0225
30.7285
30.5342
30.2934
47.6059
46.6224
45.6481
44.687
43.7405
42.8087
41.8948
41.0006
40.128
39.2794
38.4579
37.667
36.9102
36.1913
35.5141
34.8821
34.2988
33.7679
33.2925
32.8776
32.5239
32.2437
32.0135
31.884
31.6897
48.9836
48.0286
47.0784
46.1376
45.2074
44.2883
43.3827
42.4961
41.6318
40.7938
39.9868
39.2154
38.4845
37.7986
37.1618
36.578
36.0507
35.5835
35.1796
34.8443
34.5784
34.3954
34.2665
34.2468
34.1169
51.1817
50.2484
49.3142
48.3856
47.4633
46.5477
45.6421
44.7561
43.8953
43.0662
42.2756
41.5299
40.8351
40.1963
39.6178
39.1033
38.656
38.2796
37.9773
37.7552
37.6134
37.5699
37.5815
37.7247
37.6655
54.4804
53.5576
52.6257
51.6956
50.7674
49.8423
48.9256
48.0326
47.1728
46.3559
45.5914
44.8877
44.2515
43.6881
43.2014
42.7946
42.4707
42.2331
42.0853
42.0354
42.0823
42.2525
42.4774
42.8744
42.9027
59.3091
58.3796
57.427
56.4732
55.5185
54.5655
53.6246
52.72
51.8663
51.0779
50.3669
49.7431
49.2134
48.7824
48.4529
48.2274
48.1085
48.1003
48.2076
48.4422
48.8027
49.3301
49.9147
50.7394
50.9123
66.3447
65.3802
64.3682
63.3539
62.3396
61.3328
60.3557
59.4453
58.6238
57.9101
57.3186
56.8587
56.536
56.3531
56.3115
56.4129
56.6607
57.0622
57.626
58.3729
59.3027
60.4842
61.7412
63.3662
63.8448
76.6807
75.6314
74.49
73.3484
72.2188
71.1243
70.1114
69.2341
68.5229
67.9995
67.6771
67.5619
67.6556
67.9579
68.469
69.1925
70.1363
71.3163
72.7523
74.4854
76.5228
78.9904
81.6003
84.86
86.0645
92.1171
90.8864
89.4737
88.0735
86.7385
85.5288
84.5348
83.8236
83.4285
83.3665
83.6426
84.2547
85.1978
86.4692
88.0713
90.0157
92.3244
95.0354
98.1945
101.888
106.144
111.21
116.611
123.317
126.249
115.653
114.018
112.022
110.117
108.471
107.207
106.468
106.302
106.724
107.73
109.305
111.431
114.095
117.297
121.05
125.389
130.368
136.072
142.602
150.134
158.742
168.912
179.878
193.599
200.35
152.398
149.785
146.548
143.796
141.9
141.012
141.263
142.594
144.962
148.312
152.591
157.76
163.803
170.729
178.584
187.449
197.444
208.741
221.54
236.174
252.808
272.35
293.655
320.598
335.087
212.012
206.97
201.393
197.781
196.54
197.576
200.707
205.68
212.332
220.522
230.139
241.124
253.469
267.227
282.508
299.492
318.418
339.612
363.449
390.517
421.203
457.004
496.782
546.988
577.393
316.249
306.315
297.698
295.4
298.499
305.619
315.912
328.982
344.458
362.072
381.67
403.208
426.756
452.486
480.676
511.7
546.039
584.287
627.193
675.663
730.952
794.39
868.903
957.172
1027.22
334.539
323.258
311.5
301.396
294.557
292.602
293.665
296.81
301.477
307.3
314.049
321.604
329.948
339.146
349.335
360.712
373.541
388.124
404.883
424.188
446.909
473.054
505.671
542.16
601.955
)
;

boundaryField
{
    inlet
    {
        type            fixedValue;
        value           uniform 14.855;
    }
    outlet
    {
        type            zeroGradient;
    }
    upperWall
    {
        type            zeroGradient;
    }
    lowerWall
    {
        type            zeroGradient;
    }
    frontAndBack
    {
        type            empty;
    }
}


// ************************************************************************* //
