/*--------------------------------*- C++ -*----------------------------------*\
| =========                 |                                                 |
| \\      /  F ield         | OpenFOAM: The Open Source CFD Toolbox           |
|  \\    /   O peration     | Version:  1.4.2                                 |
|   \\  /    A nd           | Web:      http://www.openfoam.org               |
|    \\/     M anipulation  |                                                 |
\*---------------------------------------------------------------------------*/
FoamFile
{
    version     2.0;
    format      ascii;
    class       volScalarField;
    object      epsilon;
    location    "850";
}
// * * * * * * * * * * * * * * * * * * * * * * * * * * * * * * * * * * * * * //

dimensions      [0 2 -3 0 0 0 0];

internalField   nonuniform List<scalar> 
12225
(
443.026
353.452
290.586
245.345
212.188
187.594
169.244
155.572
145.485
138.21
133.183
129.985
128.3
127.881
128.529
130.083
132.409
135.67
60.1656
73.6155
79.568
83.6951
87.7143
92.3542
97.9689
104.74
112.767
122.1
132.76
144.739
158
172.481
188.083
204.672
222
240.135
26.2958
33.71
37.845
40.6833
42.9299
44.9527
46.964
49.0919
51.4159
53.9869
56.8368
59.9838
63.4339
67.1813
71.2053
75.4624
79.863
84.244
18.7355
22.7235
25.4806
27.3758
28.8178
30.0126
31.0724
32.0707
33.0569
34.0635
35.1124
36.2169
37.3843
38.6165
39.9096
41.2531
42.627
43.9874
16.1687
18.1634
19.9327
21.292
22.3446
23.1852
23.8877
24.5054
25.0723
25.6103
26.1342
26.6544
27.1775
27.7073
28.2452
28.7897
29.3371
29.8685
15.2354
16.0864
17.0484
17.9369
18.6892
19.3116
19.8309
20.2729
20.659
21.0059
21.3258
21.6276
21.9171
22.1984
22.4739
22.7446
23.0098
23.259
14.8942
15.17
15.5864
16.0522
16.5062
16.9217
17.2896
17.6101
17.8892
18.1349
18.3542
18.5533
18.7368
18.9084
19.0707
19.2253
19.3722
19.5052
14.7876
14.838
14.9915
15.2092
15.4537
15.7009
15.9368
16.1543
16.351
16.5277
16.6862
16.8291
16.959
17.0782
17.1887
17.292
17.3884
17.4747
14.7441
14.6884
14.7003
14.7662
14.8675
14.9882
15.1164
15.244
15.3662
15.4805
15.5861
15.6828
15.7713
15.8524
15.927
15.9961
16.0602
16.1178
14.7239
14.6134
14.5425
14.5091
14.5063
14.5261
14.5613
14.6058
14.655
14.7057
14.7558
14.8039
14.8494
14.8919
14.9315
14.9683
15.0025
15.0331
14.7149
14.579
14.4658
14.3758
14.3077
14.2585
14.2249
14.2034
14.191
14.1852
14.184
14.1858
14.1895
14.1943
14.1996
14.205
14.2104
14.215
14.7109
14.5642
14.4319
14.3142
14.2111
14.1218
14.0449
13.9791
13.9228
13.8744
13.8326
13.7964
13.7645
13.7363
13.711
13.6881
13.6673
13.6482
14.7089
14.5577
14.4176
14.2882
14.1691
14.0601
13.9605
13.8699
13.7873
13.7121
13.6436
13.5809
13.5235
13.4707
13.422
13.3769
13.335
13.2966
14.7076
14.5544
14.4112
14.2772
14.1517
14.0345
13.925
13.8227
13.7273
13.6382
13.555
13.4774
13.4048
13.3368
13.2731
13.2133
13.1573
13.1055
14.7067
14.5523
14.4076
14.2717
14.1439
14.0235
13.9101
13.8032
13.7025
13.6074
13.5177
13.433
13.353
13.2774
13.2059
13.1382
13.0743
13.0149
14.706
14.5507
14.4052
14.2684
14.1394
14.0178
13.9029
13.7943
13.6915
13.5941
13.5018
13.4143
13.3313
13.2524
13.1775
13.1063
13.0389
12.9759
14.7055
14.5497
14.4036
14.2662
14.1367
14.0144
13.8988
13.7894
13.6857
13.5874
13.494
13.4054
13.3212
13.241
13.1648
13.0923
13.0234
12.9591
14.7053
14.5494
14.403
14.2654
14.1356
14.013
13.8971
13.7873
13.6833
13.5846
13.4909
13.4019
13.3173
13.2369
13.1603
13.0875
13.0184
12.9539
14.7055
14.5497
14.4035
14.2659
14.1362
14.0138
13.8981
13.7886
13.685
13.5868
13.4937
13.4054
13.3216
13.2421
13.1666
13.0949
13.027
12.9637
14.706
14.5507
14.4051
14.2683
14.1396
14.0185
13.9045
13.7971
13.696
13.6006
13.5107
13.426
13.346
13.2705
13.1992
13.1319
13.0684
13.0096
14.7068
14.5528
14.4093
14.2755
14.151
14.0353
13.928
13.8284
13.7361
13.6504
13.5709
13.4969
13.4279
13.3636
13.3034
13.2471
13.1945
13.1461
14.7086
14.5589
14.4227
14.3001
14.1905
14.0931
14.0069
13.9303
13.8623
13.8016
13.747
13.6976
13.6526
13.6113
13.5731
13.5376
13.5046
13.4743
14.7142
14.5802
14.4708
14.3853
14.3209
14.2739
14.2405
14.2172
14.2011
14.1898
14.1815
14.175
14.1693
14.1638
14.1581
14.1518
14.1451
14.1383
14.7358
14.6588
14.6349
14.6534
14.7004
14.7639
14.8349
14.9068
14.9754
15.0383
15.0944
15.1431
15.1847
15.2195
15.2481
15.2713
15.2898
15.3046
14.8205
14.9298
15.138
15.3947
15.6602
15.9123
16.1399
16.3383
16.5072
16.6491
16.7675
16.8658
16.9471
17.0144
17.0699
17.1159
17.154
17.1858
15.1412
15.7855
16.517
17.2067
17.796
18.2812
18.6742
18.9897
19.2424
19.4453
19.6092
19.7427
19.8527
19.9444
20.0219
20.0885
20.1466
20.1979
16.3189
18.2995
19.9621
21.2351
22.1813
22.8822
23.4045
23.7998
24.1052
24.3458
24.5398
24.7003
24.8371
24.9574
25.0667
25.1688
25.2666
25.3617
20.7544
25.6375
28.6922
30.5982
31.8393
32.6631
33.2222
33.6186
33.9176
34.1614
34.3773
34.5833
34.7909
35.0072
35.2368
35.4818
35.7429
36.0193
43.9611
54.4815
58.7073
60.4207
60.9762
60.9915
60.8475
60.7574
60.7884
60.9697
61.3103
61.8085
62.4572
63.2461
64.1635
65.1971
66.3321
67.561
332.626
280.253
240.732
210.192
186.153
166.941
151.386
138.653
128.129
119.362
112.006
105.799
100.536
96.0549
92.2271
88.9495
86.1385
83.725
0.00530112
0.00642326
0.00883418
0.0117347
0.0147809
0.0177775
0.0206288
0.0233062
0.025842
0.028328
0.0309074
0.0337527
0.0371075
0.0410127
0.0455096
0.0506855
0.0566622
0.0635668
0.0714225
0.0802137
0.0899859
0.10094
0.113426
0.128024
0.144894
0.163924
0.185573
0.210229
0.238259
0.270027
0.305905
0.346271
0.391516
0.442048
0.498298
0.560716
0.629785
0.706018
0.789961
0.882198
0.983356
1.0941
1.21515
1.34728
1.49129
1.64808
1.81858
2.00381
2.20487
2.42292
2.65923
2.91517
3.19223
3.49201
3.81628
4.16698
4.54627
4.95657
5.40064
5.88164
6.40329
6.97004
7.58726
8.26163
9.0016
9.81799
10.725
11.7415
12.8933
14.2155
15.758
17.5913
19.8186
22.5927
26.146
30.8409
37.2607
40.0101
42.7792
45.6955
48.7695
52.0073
55.4148
58.9974
62.7604
66.709
70.8482
75.1825
79.7164
84.4539
89.3989
94.5549
99.9248
105.511
111.317
117.343
123.592
130.063
136.759
143.678
150.82
158.183
165.767
173.569
181.585
189.811
198.242
206.872
215.692
224.695
233.869
243.203
252.682
262.291
272.014
281.831
291.724
301.672
311.654
321.651
331.643
341.613
351.548
361.436
371.275
381.069
390.83
400.456
409.945
419.295
428.504
437.57
446.493
455.271
463.905
472.397
480.746
488.955
497.025
504.957
512.752
520.408
527.927
535.304
542.536
549.618
556.543
563.303
569.889
576.288
582.487
588.468
594.215
599.704
604.91
609.809
614.373
618.571
622.369
625.731
628.618
630.994
632.815
634.04
634.625
634.525
633.701
632.11
629.719
626.494
622.463
617.578
611.886
605.77
598.752
591.088
589.151
586.33
582.234
558.869
0.0149123
0.0138396
0.0147645
0.0162181
0.0178498
0.0195891
0.021453
0.023503
0.0258462
0.028616
0.0319247
0.0358874
0.0405577
0.0460058
0.0523341
0.0596965
0.0683142
0.0785163
0.0903271
0.10379
0.119165
0.136694
0.156621
0.17918
0.20456
0.232946
0.264563
0.299642
0.338416
0.381122
0.428
0.479302
0.53529
0.596241
0.662449
0.73423
0.811923
0.895893
0.986535
1.08427
1.18957
1.30291
1.42484
1.55593
1.69679
1.84809
2.01056
2.18496
2.37214
2.57299
2.78851
3.01976
3.26789
3.53419
3.82005
4.12701
4.4568
4.81134
5.1928
5.60365
6.04674
6.52533
7.04323
7.60491
8.21561
8.88154
9.61001
10.4096
11.2905
12.2641
13.3434
14.5418
15.8715
17.3401
18.942
20.643
22.3476
23.8315
25.3388
26.9144
28.5668
30.2991
32.1138
34.0131
35.9992
38.074
40.2396
42.4977
44.8501
47.2984
49.8439
52.488
55.2316
58.0757
61.021
64.0681
67.2172
70.4683
73.8214
77.2759
80.8312
84.4863
88.2399
92.0901
96.0351
100.072
104.199
108.411
112.705
117.076
121.52
126.03
130.6
135.224
139.895
144.604
149.345
154.109
158.888
163.677
168.467
173.253
178.03
182.796
187.547
192.286
197.026
201.721
206.363
210.95
215.481
219.955
224.372
228.73
233.03
237.273
241.457
245.584
249.654
253.667
257.622
261.52
265.36
269.14
272.86
276.515
280.104
283.623
287.068
290.432
293.711
296.897
299.982
302.957
305.811
308.534
311.112
313.534
315.784
317.847
319.707
321.347
322.749
323.896
324.768
325.348
325.617
325.559
325.16
324.407
323.3
321.835
319.995
317.883
315.191
311.85
309.356
306.727
303.833
299.303
0.0275359
0.0232144
0.0229846
0.0239546
0.025499
0.0274882
0.0299811
0.0330736
0.036832
0.0413905
0.0467886
0.0530699
0.0604337
0.0689271
0.0786474
0.0897715
0.102474
0.116918
0.133235
0.15156
0.172055
0.194895
0.220273
0.248385
0.27943
0.313608
0.351131
0.39222
0.437103
0.486019
0.539216
0.596954
0.659506
0.727164
0.800239
0.879065
0.964
1.05543
1.15376
1.25945
1.37297
1.49484
1.6256
1.76584
1.9162
2.07737
2.25007
2.43508
2.63325
2.84549
3.07277
3.31616
3.57678
3.85589
4.15483
4.47506
4.8182
5.18601
5.58042
6.00358
6.45786
6.94588
7.47053
8.035
8.64277
9.29763
10.0036
10.7649
11.5856
12.4697
13.4201
14.4384
15.5237
16.6713
17.8716
19.1091
20.3655
21.6307
22.9402
24.308
25.7391
27.2362
28.8012
30.4359
32.1419
33.9207
35.774
37.703
39.7091
41.7935
43.9571
46.2008
48.5255
50.9317
53.4198
55.9901
58.6427
61.3774
64.1938
67.0913
70.0693
73.1265
76.2617
79.4733
82.7593
86.1175
89.5455
93.0402
96.5984
100.216
103.89
107.616
111.388
115.202
119.052
122.932
126.838
130.762
134.7
138.646
142.594
146.539
150.478
154.407
158.323
162.226
166.106
169.947
173.743
177.492
181.192
184.842
188.441
191.988
195.482
198.923
202.311
205.644
208.924
212.15
215.32
218.434
221.491
224.49
227.429
230.306
233.117
235.86
238.531
241.126
243.64
246.066
248.4
250.633
252.758
254.766
256.648
258.393
259.992
261.432
262.702
263.788
264.678
265.358
265.814
266.031
265.996
265.694
265.114
264.241
263.067
261.586
259.793
257.767
255.457
252.976
250.73
248.453
246.188
244.163
0.0460375
0.0351703
0.0332578
0.0340714
0.0362702
0.0394182
0.0434085
0.0483076
0.0542006
0.0609266
0.0685563
0.0772389
0.0871206
0.0983314
0.111
0.125259
0.141237
0.159064
0.178867
0.200783
0.224962
0.251572
0.280798
0.312835
0.34789
0.386175
0.427915
0.473344
0.522708
0.576266
0.63429
0.697065
0.764896
0.838104
0.917034
1.00205
1.09355
1.19195
1.29769
1.41127
1.53318
1.66399
1.80427
1.95465
2.1158
2.28843
2.47331
2.67125
2.88313
3.10987
3.35248
3.61202
3.88965
4.18658
4.50414
4.84375
5.20692
5.59528
6.01061
6.45477
6.92977
7.43777
7.98102
8.5619
9.18283
9.84628
10.5547
11.3102
12.1149
12.9702
13.8768
14.8346
15.8422
16.8972
17.9963
19.1363
20.3159
21.5384
22.8128
24.145
25.538
26.9941
28.5152
30.1028
31.7587
33.4843
35.2811
37.1503
39.0933
41.111
43.2045
45.3746
47.622
49.9472
52.3505
54.8321
57.3919
60.0298
62.7453
65.5376
68.4059
71.349
74.3656
77.454
80.6123
83.8383
87.1296
90.4834
93.8968
97.3663
100.888
104.459
108.074
111.728
115.418
119.137
122.88
126.642
130.417
134.2
137.984
141.765
145.538
149.297
153.04
156.759
160.443
164.082
167.672
171.21
174.694
178.122
181.492
184.804
188.056
191.247
194.377
197.444
200.447
203.387
206.261
209.07
211.811
214.483
217.084
219.612
222.065
224.439
226.731
228.938
231.054
233.075
234.997
236.811
238.513
240.095
241.549
242.867
244.04
245.06
245.915
246.597
247.095
247.398
247.494
247.371
247.02
246.426
245.579
244.466
243.082
241.421
239.524
237.436
235.165
232.805
230.515
228.241
226.077
224.436
0.0703737
0.0501003
0.046427
0.0475149
0.0507065
0.055256
0.0609464
0.0676496
0.0751542
0.083584
0.0930691
0.103744
0.115737
0.129174
0.144172
0.160846
0.17931
0.199684
0.222096
0.246685
0.273606
0.30303
0.335146
0.370154
0.408268
0.449715
0.494731
0.543569
0.596491
0.653776
0.71572
0.782634
0.854849
0.932716
1.01661
1.10693
1.20409
1.30856
1.4208
1.54134
1.67071
1.80951
1.95834
2.11788
2.28882
2.4719
2.66793
2.87775
3.10226
3.34242
3.59925
3.87384
4.16732
4.48093
4.81595
5.17377
5.55584
5.96368
6.39893
6.86329
7.35851
7.88646
8.44901
9.04808
9.68558
10.3634
11.0832
11.8467
12.6551
13.5095
14.4107
15.3588
16.3539
17.3959
18.4846
19.6208
20.8063
22.0442
23.3387
24.6932
26.1102
27.5918
29.14
30.7564
32.4429
34.2011
36.0325
37.9386
39.9207
41.98
44.1176
46.3342
48.6308
51.0078
53.4656
56.0044
58.624
61.3242
64.1046
66.9642
69.9023
72.9174
76.0081
79.1728
82.4093
85.7156
89.089
92.527
96.0263
99.5839
103.196
106.859
110.568
114.319
118.107
121.927
125.772
129.638
133.518
137.404
141.292
145.174
149.043
152.895
156.723
160.511
164.253
167.94
171.568
175.133
178.634
182.067
185.429
188.72
191.938
195.081
198.147
201.135
204.045
206.875
209.623
212.289
214.87
217.367
219.775
222.094
224.321
226.452
228.486
230.417
232.244
233.96
235.563
237.047
238.405
239.633
240.723
241.669
242.464
243.101
243.572
243.868
243.981
243.903
243.625
243.136
242.428
241.491
240.313
238.886
237.215
235.318
233.227
230.973
228.584
226.13
223.696
221.301
219.043
217.268
0.100949
0.0684379
0.0626385
0.0637242
0.0677581
0.0735771
0.0805392
0.0883929
0.0971969
0.10705
0.118064
0.130352
0.14403
0.159208
0.175995
0.194502
0.21484
0.237132
0.261509
0.288117
0.317118
0.348689
0.383022
0.420326
0.460821
0.504743
0.552341
0.603876
0.659629
0.719894
0.784985
0.855232
0.930988
1.01263
1.10055
1.19517
1.29694
1.40635
1.52389
1.65011
1.78558
1.93091
2.08674
2.25378
2.43274
2.6244
2.82959
3.04918
3.28409
3.53531
3.80387
4.09088
4.39747
4.72489
5.07441
5.44737
5.84521
6.26939
6.72145
7.203
7.71569
8.2612
8.84126
9.45758
10.1119
10.8058
11.541
12.319
13.1411
14.0085
14.9225
15.884
16.8941
17.9538
19.0647
20.2285
21.4476
22.7249
24.0633
25.4656
26.9342
28.4713
30.0791
31.7595
33.5147
35.3464
37.2565
39.2466
41.3183
43.4729
45.7118
48.036
50.4464
52.9436
55.5282
58.2003
60.9598
63.8066
66.7401
69.7594
72.8636
76.0512
79.3207
82.6702
86.0976
89.6006
93.1766
96.8226
100.536
104.312
108.149
112.042
115.986
119.976
124.008
128.076
132.173
136.293
140.428
144.571
148.714
152.848
156.965
161.06
165.113
169.114
173.055
176.929
180.73
184.455
188.1
191.661
195.136
198.522
201.816
205.017
208.122
211.13
214.039
216.847
219.553
222.156
224.653
227.044
229.325
231.495
233.552
235.492
237.313
239.012
240.585
242.029
243.34
244.514
245.547
246.432
247.166
247.741
248.155
248.401
248.472
248.362
248.067
247.578
246.888
245.992
244.88
243.547
241.979
240.193
238.196
236.01
233.66
231.175
228.586
225.948
223.317
220.737
218.293
216.234
0.136838
0.0896859
0.0809317
0.0816496
0.0861967
0.0925995
0.100279
0.109074
0.118966
0.130002
0.142259
0.155833
0.170824
0.187336
0.205476
0.225354
0.247088
0.270806
0.296647
0.324764
0.355325
0.388513
0.424524
0.463572
0.505882
0.551694
0.601264
0.654864
0.712781
0.775321
0.84281
0.915591
0.994032
1.07852
1.16948
1.26734
1.37257
1.48567
1.60716
1.73761
1.87762
2.0278
2.18884
2.36144
2.54636
2.7444
2.9564
3.18325
3.42591
3.68538
3.96271
4.25901
4.57545
4.91326
5.27373
5.65821
6.06811
6.50488
6.97005
7.46519
7.99191
8.55187
9.14676
9.77828
10.4481
11.1581
11.9097
12.7048
13.5448
14.4316
15.3666
16.3515
17.388
18.4781
19.6239
20.8277
22.0921
23.42
24.8141
26.2772
27.8119
29.4207
31.1061
32.8705
34.7162
36.6454
38.6602
40.7628
42.9549
45.2382
47.6143
50.0846
52.65
55.3115
58.0697
60.9249
63.8772
66.9263
70.0716
73.3123
76.6473
80.0751
83.594
87.202
90.8967
94.6757
98.5362
102.475
106.489
110.575
114.728
118.945
123.22
127.549
131.926
136.344
140.796
145.275
149.771
154.276
158.779
163.271
167.742
172.179
176.557
180.869
185.106
189.26
193.327
197.3
201.175
204.948
208.615
212.172
215.617
218.946
222.157
225.247
228.214
231.057
233.772
236.36
238.817
241.141
243.331
245.384
247.298
249.07
250.697
252.177
253.507
254.684
255.705
256.566
257.264
257.794
258.153
258.337
258.343
258.167
257.804
257.25
256.502
255.555
254.404
253.047
251.471
249.687
247.694
245.506
243.14
240.616
237.957
235.19
232.346
229.468
226.6
223.792
221.107
218.724
0.176682
0.112819
0.100359
0.100062
0.104299
0.11095
0.119226
0.128814
0.139609
0.151607
0.164855
0.179428
0.195418
0.212926
0.232059
0.252933
0.275674
0.300416
0.327307
0.356507
0.388189
0.42254
0.45976
0.500062
0.543674
0.590839
0.641813
0.696872
0.756307
0.820429
0.889569
0.96408
1.04434
1.13074
1.22371
1.3237
1.43118
1.54668
1.67073
1.80391
1.94682
2.10011
2.26447
2.44063
2.62936
2.83147
3.04783
3.27935
3.527
3.7918
4.07482
4.3772
4.70012
5.04483
5.41265
5.80493
6.22311
6.66867
7.14315
7.64817
8.18536
8.75644
9.36315
10.0073
10.6907
11.4152
12.1827
12.9951
13.8544
14.7627
15.7218
16.7342
17.8019
18.9275
20.1136
21.3629
22.6783
24.0629
25.5197
27.0516
28.6617
30.3529
32.1281
33.9901
35.9416
37.9854
40.1241
42.3599
44.6954
47.1324
49.673
52.3187
55.0709
57.9308
60.8992
63.9764
67.1626
70.4577
73.8611
77.3719
80.9887
84.7101
88.5342
92.4586
96.4809
100.598
104.808
109.106
113.489
117.954
122.496
127.11
131.792
136.536
141.335
146.183
151.071
155.99
160.93
165.879
170.827
175.759
180.665
185.516
190.293
194.989
199.593
204.099
208.498
212.786
216.956
221.002
224.921
228.706
232.356
235.864
239.229
242.447
245.516
248.433
251.195
253.8
256.246
258.531
260.653
262.608
264.394
266.009
267.449
268.713
269.798
270.702
271.421
271.954
272.298
272.449
272.404
272.162
271.722
271.08
270.236
269.186
267.93
266.467
264.787
262.907
260.819
258.537
256.07
253.436
250.653
247.742
244.725
241.627
238.478
235.314
232.173
229.097
226.135
223.419
0.218059
0.136617
0.119398
0.117418
0.121242
0.128065
0.136814
0.147038
0.158551
0.171301
0.185307
0.200627
0.217345
0.23556
0.255385
0.27694
0.300358
0.325784
0.353371
0.383286
0.415705
0.450816
0.488819
0.529926
0.574364
0.62237
0.674203
0.730133
0.790452
0.855472
0.925523
1.00096
1.08216
1.16953
1.2635
1.36451
1.47307
1.58968
1.71489
1.84929
1.9935
2.14817
2.314
2.49173
2.68215
2.88608
3.10441
3.33806
3.58802
3.85533
4.14109
4.44645
4.77262
5.12089
5.4926
5.88916
6.31204
6.76279
7.24301
7.75437
8.29863
8.87759
9.49314
10.1472
10.8418
11.5791
12.3611
13.1902
14.0686
14.9988
15.9832
17.0246
18.1256
19.2893
20.5187
21.8169
23.1874
24.6334
26.1585
27.7661
29.4596
31.2425
33.1181
35.09
37.1612
39.3352
41.6148
44.0032
46.503
49.1167
51.8467
54.695
57.6633
60.7529
63.9649
67.2998
70.7578
74.3388
78.0421
81.8668
85.8115
89.8743
94.0532
98.3455
102.748
107.259
111.873
116.588
121.4
126.303
131.295
136.369
141.521
146.744
152.031
157.374
162.764
168.191
173.642
179.104
184.562
190.001
195.401
200.722
205.954
211.088
216.114
221.023
225.807
230.459
234.971
239.337
243.551
247.608
251.502
255.229
258.785
262.165
265.367
268.387
271.222
273.869
276.326
278.591
280.659
282.528
284.195
285.658
286.913
287.958
288.791
289.41
289.812
289.996
289.96
289.701
289.218
288.511
287.578
286.421
285.04
283.43
281.601
279.556
277.296
274.835
272.18
269.349
266.357
263.223
259.969
256.615
253.185
249.704
246.199
242.702
239.245
235.866
232.596
229.54
0.25704
0.158208
0.136622
0.133213
0.13665
0.143566
0.152659
0.163356
0.175402
0.188702
0.203248
0.219086
0.236291
0.254963
0.275216
0.297178
0.320991
0.346805
0.37478
0.405085
0.437898
0.473406
0.511804
0.5533
0.598113
0.646477
0.698643
0.754877
0.815467
0.880718
0.95096
1.02654
1.10785
1.19527
1.28924
1.39022
1.49869
1.61518
1.74022
1.87442
2.01839
2.17281
2.33836
2.5158
2.70593
2.90958
3.12764
3.36107
3.61087
3.87809
4.16386
4.46937
4.79587
5.14468
5.5172
5.9149
6.33932
6.79208
7.2749
7.78957
8.33796
8.92204
9.54387
10.2056
10.9095
11.658
12.4534
13.2984
14.1958
15.1483
16.159
17.2309
18.3674
19.5718
20.8479
22.1992
23.6297
25.1432
26.7437
28.4352
30.2219
32.1076
34.0965
36.1925
38.3995
40.7214
43.1618
45.7242
48.4118
51.2278
54.1748
57.2552
60.4711
63.8241
67.3154
70.9456
74.715
78.6232
82.6696
86.8529
91.1717
95.6236
100.206
104.917
109.751
114.707
119.78
124.965
130.259
135.656
141.152
146.742
152.419
158.177
164.008
169.903
175.853
181.843
187.861
193.891
199.915
205.914
211.838
217.669
223.396
229.006
234.49
239.838
245.04
250.088
254.974
259.691
264.231
268.587
272.753
276.723
280.492
284.057
287.412
290.553
293.478
296.183
298.664
300.918
302.941
304.731
306.282
307.591
308.657
309.476
310.046
310.366
310.433
310.245
309.801
309.099
308.139
306.922
305.445
303.718
301.743
299.52
297.062
294.379
291.48
288.385
285.108
281.672
278.095
274.401
270.613
266.754
262.85
258.927
255.009
251.127
247.308
243.584
239.975
236.572
0.291446
0.177341
0.151996
0.147308
0.150334
0.157244
0.166538
0.177539
0.189932
0.203584
0.218464
0.234604
0.252075
0.270974
0.291421
0.313551
0.337509
0.363453
0.391545
0.421954
0.454856
0.490432
0.52887
0.570368
0.615139
0.663405
0.71541
0.771411
0.831688
0.89654
0.96629
1.04128
1.12189
1.20851
1.30157
1.40151
1.50884
1.62405
1.74771
1.8804
2.02275
2.17542
2.33911
2.51459
2.70266
2.90416
3.12
3.35114
3.59862
3.86351
4.14698
4.45025
4.77463
5.12149
5.49231
5.88862
6.31209
6.76444
7.24752
7.76327
8.31375
8.90114
9.52773
10.1959
10.9083
11.6676
12.4766
13.3383
14.2559
15.2327
16.2722
17.3782
18.5543
19.8048
21.1338
22.5455
24.0445
25.6354
27.3227
29.1113
31.0056
33.0107
35.131
37.3714
39.7363
42.2303
44.8577
47.6224
50.5283
53.579
56.7776
60.1269
63.6293
67.2865
71.0998
75.0698
79.1966
83.4796
87.9178
92.5098
97.2535
102.146
107.185
112.367
117.686
123.141
128.724
134.433
140.262
146.206
152.258
158.414
164.667
171.009
177.433
183.929
190.484
197.084
203.714
210.354
216.984
223.555
230.027
236.389
242.629
248.733
254.692
260.495
266.13
271.589
276.863
281.942
286.82
291.486
295.933
300.154
304.145
307.9
311.413
314.681
317.699
320.462
322.968
325.211
327.189
328.895
330.324
331.473
332.338
332.917
333.208
333.209
332.917
332.328
331.443
330.263
328.788
327.019
324.958
322.616
320
317.115
313.981
310.61
307.022
303.239
299.284
295.181
290.957
286.637
282.248
277.818
273.374
268.942
264.55
260.226
255.993
251.879
247.897
244.127
0.32219
0.194428
0.165623
0.1597
0.162251
0.169034
0.178376
0.189508
0.202061
0.215869
0.230881
0.247117
0.264643
0.28356
0.303988
0.326068
0.349952
0.375799
0.403772
0.434035
0.466756
0.502106
0.540263
0.581415
0.62576
0.673512
0.724902
0.780178
0.839609
0.903486
0.972122
1.04585
1.12505
1.21009
1.30141
1.39944
1.50468
1.61763
1.73883
1.86889
2.00842
2.15808
2.3186
2.49073
2.67527
2.8731
3.08514
3.31237
3.55586
3.81671
4.09615
4.39544
4.71597
5.05919
5.42667
5.82007
6.24117
6.69185
7.17415
7.6902
8.24232
8.83292
9.46462
10.1402
10.8625
11.6347
12.4601
13.3422
14.2846
15.2913
16.3664
17.5142
18.7392
20.0462
21.4401
22.926
24.5092
26.1949
27.9886
29.8958
31.9219
34.0724
36.3527
38.7684
41.3246
44.0265
46.879
49.8867
53.0538
56.3844
59.882
63.5496
67.3898
71.4045
75.5948
79.9612
84.503
89.2191
94.1082
99.1681
104.396
109.79
115.344
121.055
126.918
132.927
139.078
145.365
151.781
158.322
164.98
171.749
178.622
185.591
192.649
199.784
206.982
214.226
221.497
228.773
236.009
243.144
250.163
257.054
263.801
270.394
276.821
283.07
289.13
294.99
300.64
306.072
311.277
316.241
320.956
325.416
329.614
333.544
337.202
340.581
343.676
346.483
348.997
351.212
353.125
354.73
356.016
356.981
357.623
357.937
357.922
357.575
356.894
355.875
354.52
352.829
350.804
348.449
345.77
342.777
339.483
335.9
332.048
327.948
323.624
319.104
314.416
309.59
304.656
299.646
294.589
289.519
284.466
279.46
274.529
269.701
264.999
260.447
256.052
251.889
0.349288
0.209586
0.177584
0.170451
0.172455
0.178987
0.188222
0.199312
0.211841
0.225614
0.240563
0.2567
0.274086
0.292824
0.31304
0.33488
0.358499
0.384054
0.411704
0.441604
0.47391
0.50878
0.546377
0.586875
0.630461
0.677334
0.727712
0.781834
0.839956
0.902359
0.969348
1.04125
1.11842
1.20125
1.29014
1.38554
1.48793
1.59781
1.71573
1.84228
1.97809
2.12382
2.28019
2.44798
2.62801
2.82117
3.0284
3.25074
3.48927
3.74519
4.01975
4.31434
4.63042
4.96957
5.33349
5.724
6.14307
6.59279
7.07544
7.59345
8.14943
8.74617
9.38667
10.0741
10.812
11.6038
12.4536
13.3653
14.3433
15.3923
16.5171
17.7227
19.0147
20.3985
21.8801
23.4653
25.1605
26.9719
28.9058
30.9685
33.1663
35.5053
37.9918
40.632
43.4317
46.3966
49.5322
52.8435
56.335
60.0109
63.8749
67.9301
72.179
76.6234
81.2644
86.1017
91.1333
96.3567
101.77
107.37
113.154
119.118
125.255
131.562
138.031
144.657
151.433
158.352
165.408
172.594
179.903
187.326
194.857
202.486
210.207
218.008
225.87
233.773
241.695
249.59
257.38
265.051
272.586
279.971
287.192
294.236
301.093
307.75
314.197
320.419
326.406
332.149
337.643
342.865
347.807
352.463
356.827
360.893
364.654
368.103
371.235
374.046
376.528
378.675
380.481
381.939
383.043
383.786
384.166
384.179
383.82
383.088
381.98
380.496
378.636
376.401
373.795
370.823
367.494
363.821
359.819
355.506
350.905
346.04
340.942
335.642
330.175
324.576
318.88
313.123
307.34
301.568
295.843
290.198
284.666
279.274
274.048
269.009
264.16
259.574
0.373135
0.223006
0.188022
0.179693
0.181084
0.187253
0.19624
0.20713
0.219466
0.233029
0.247737
0.263594
0.280663
0.299048
0.318884
0.34032
0.363515
0.388619
0.415782
0.445144
0.476843
0.511023
0.547832
0.587428
0.629982
0.675683
0.724734
0.777363
0.833815
0.89436
0.959296
1.02894
1.10365
1.1838
1.26979
1.36207
1.46112
1.56744
1.68158
1.80414
1.93575
2.0771
2.22893
2.39202
2.56724
2.75551
2.95784
3.1753
3.40907
3.66042
3.93074
4.22153
4.53441
4.87114
5.23364
5.62395
6.04433
6.49717
6.9851
7.51096
8.07779
8.68891
9.34787
10.0585
10.8249
11.6514
12.5427
13.5036
14.5394
15.6554
16.8577
18.1522
19.5454
21.044
22.6549
24.3851
26.2422
28.2335
30.3664
32.6483
35.0854
37.6848
40.4532
43.3974
46.5239
49.8386
53.3471
57.0543
60.9648
65.0824
69.4104
73.9515
78.7078
83.6807
88.8709
94.2782
99.8965
105.721
111.749
117.977
124.4
131.014
137.811
144.784
151.927
159.231
166.688
174.292
182.033
189.906
197.9
206.007
214.218
222.523
230.914
239.388
247.912
256.458
264.977
273.385
281.666
289.805
297.784
305.591
313.21
320.63
327.84
334.83
341.587
348.096
354.343
360.319
366.014
371.413
376.506
381.285
385.742
389.871
393.664
397.113
400.213
402.959
405.344
407.357
408.993
410.243
411.102
411.563
411.621
411.272
410.512
409.34
407.755
405.758
403.349
400.527
397.3
393.675
389.664
385.279
380.54
375.469
370.089
364.432
358.529
352.418
346.139
339.733
333.238
326.693
320.14
313.62
307.174
300.841
294.656
288.651
282.852
277.282
271.94
266.899
0.394546
0.235003
0.197162
0.187645
0.188371
0.194091
0.202723
0.213289
0.225297
0.238509
0.25283
0.26826
0.284864
0.302756
0.322079
0.342991
0.365647
0.390189
0.416748
0.445446
0.476406
0.509751
0.545615
0.58414
0.625487
0.669828
0.717357
0.768289
0.822863
0.881341
0.944016
1.01121
1.08326
1.16055
1.2435
1.33255
1.42818
1.53092
1.64133
1.76003
1.88769
2.02501
2.17278
2.33185
2.50314
2.68765
2.88647
3.1008
3.33196
3.58137
3.8506
4.14137
4.45557
4.79527
5.16271
5.56036
5.99086
6.45713
6.96231
7.50985
8.10351
8.74734
9.44577
10.2036
11.0258
11.918
12.886
13.9356
15.0731
16.3052
17.6391
19.0821
20.642
22.3267
24.1444
26.1036
28.2128
30.4809
32.9168
35.5292
38.3224
41.3035
44.4799
47.8587
51.446
55.2476
59.2683
63.5123
67.983
72.6832
77.6148
82.7795
88.1778
93.8102
99.6769
105.782
112.108
118.644
125.391
132.344
139.498
146.845
154.378
162.087
169.963
177.997
186.179
194.503
202.959
211.539
220.232
229.027
237.911
246.875
255.906
264.99
274.103
283.167
292.11
300.916
309.57
318.055
326.358
334.463
342.357
350.028
357.466
364.67
371.62
378.296
384.687
390.779
396.561
402.023
407.153
411.942
416.382
420.464
424.181
427.523
430.485
433.059
435.237
437.012
438.376
439.321
439.842
439.931
439.583
438.793
437.558
435.875
433.745
431.167
428.143
424.676
420.774
416.446
411.706
406.571
401.06
395.198
389.013
382.538
375.809
368.866
361.755
354.527
347.217
339.868
332.526
325.237
318.046
310.996
304.129
297.479
291.076
284.946
279.086
273.566
0.414779
0.246002
0.20532
0.194622
0.194667
0.199903
0.20813
0.218313
0.229928
0.242713
0.256565
0.271478
0.287526
0.304838
0.323576
0.343908
0.365979
0.389917
0.415829
0.44382
0.473994
0.506459
0.541336
0.578757
0.618869
0.661837
0.707846
0.757105
0.809849
0.866343
0.926881
0.991792
1.06143
1.1362
1.21652
1.30287
1.39575
1.49574
1.60342
1.71949
1.84466
1.97974
2.12559
2.28318
2.45355
2.63788
2.83743
3.05363
3.28804
3.54239
3.81858
4.11874
4.44523
4.80066
5.18791
5.61016
6.07086
6.57368
7.12269
7.72239
8.37768
9.09393
9.87693
10.733
11.6689
12.6921
13.8103
15.031
16.3611
17.8093
19.3843
21.0954
22.9516
24.9622
27.1366
29.4843
32.0145
34.7372
37.6631
40.8064
44.1591
47.7286
51.5232
55.5489
59.8108
64.3124
69.0566
74.0451
79.2788
84.7578
90.4819
96.4501
102.661
109.112
115.8
122.72
129.862
137.216
144.777
152.54
160.497
168.64
176.959
185.442
194.079
202.858
211.769
220.804
229.958
239.221
248.577
258.011
267.505
277.05
286.62
296.187
305.643
314.974
324.156
333.173
342.011
350.656
359.093
367.31
375.293
383.029
390.509
397.722
404.655
411.293
417.622
423.631
429.308
434.642
439.622
444.238
448.482
452.343
455.814
458.885
461.549
463.798
465.623
467.017
467.972
468.481
468.537
468.132
467.262
465.922
464.107
461.818
459.053
455.814
452.104
447.928
443.296
438.218
432.712
426.795
420.492
413.827
406.833
399.545
392
384.242
376.317
368.273
360.156
352.011
343.89
335.841
327.914
320.156
312.61
305.316
298.306
291.615
285.231
279.227
0.435141
0.256515
0.212939
0.201101
0.200519
0.205327
0.213206
0.223061
0.234332
0.246734
0.260143
0.274548
0.290037
0.306775
0.324962
0.344771
0.366331
0.389743
0.415094
0.442472
0.471969
0.50369
0.537749
0.574271
0.613401
0.655301
0.700158
0.748185
0.799626
0.854765
0.91392
0.97745
1.04575
1.11926
1.19846
1.28388
1.37612
1.47581
1.58367
1.7005
1.82717
1.96467
2.11408
2.2766
2.45357
2.64649
2.85705
3.08713
3.33884
3.61452
3.91675
4.24848
4.61304
5.01417
5.45607
5.94349
6.4816
7.07548
7.73086
8.45433
9.25308
10.1348
11.1079
12.1812
13.3643
14.668
16.1049
17.6839
19.4095
21.2941
23.3485
25.583
28.0076
30.6317
33.4643
36.5139
39.7887
43.2964
47.0441
51.038
55.2776
59.7653
64.5037
69.4949
74.7399
80.2382
85.9882
91.9873
98.232
104.719
111.444
118.404
125.595
133.012
140.646
148.491
156.536
164.772
173.191
181.789
190.562
199.497
208.583
217.806
227.153
236.612
246.172
255.823
265.572
275.406
285.3
295.225
305.154
315.07
324.87
334.488
343.931
353.2
362.287
371.183
379.876
388.355
396.607
404.621
412.383
419.882
427.106
434.044
440.684
447.012
453.015
458.683
464.003
468.964
473.556
477.767
481.588
485.01
488.023
490.617
492.784
494.515
495.802
496.636
497.01
496.916
496.346
495.295
493.757
491.726
489.201
486.181
482.666
478.659
474.165
469.192
463.75
457.855
451.524
444.78
437.647
430.157
422.343
414.241
405.894
397.346
388.644
379.837
370.974
362.105
353.281
344.553
335.971
327.583
319.433
311.564
304.008
296.797
289.92
283.461
0.458198
0.267094
0.220567
0.207773
0.206781
0.211397
0.219176
0.228958
0.240142
0.252407
0.265598
0.27968
0.294764
0.311115
0.329002
0.348575
0.369921
0.393112
0.418229
0.445361
0.474613
0.506097
0.539936
0.57627
0.615251
0.657057
0.701894
0.750007
0.801681
0.857251
0.917106
0.981688
1.05149
1.12707
1.20905
1.2981
1.39501
1.50064
1.61595
1.74205
1.88018
2.03177
2.19845
2.38205
2.58457
2.80838
3.05618
3.33108
3.63665
3.97679
4.3556
4.77814
5.25015
5.77819
6.36971
7.03338
7.77997
8.61637
9.5516
10.5974
11.7658
13.0689
14.5194
16.1303
17.9145
19.8854
22.0559
24.4368
27.0368
29.8656
32.9316
36.2421
39.8028
43.6179
47.6906
52.023
56.6164
61.4712
66.5865
71.9596
77.586
83.4606
89.579
95.9372
102.531
109.354
116.398
123.655
131.118
138.778
146.631
154.674
162.905
171.314
179.892
188.627
197.511
206.535
215.694
224.989
234.433
244.001
253.676
263.441
273.285
283.194
293.151
303.143
313.167
323.188
333.194
343.137
352.927
362.483
371.828
380.963
389.893
398.624
407.154
415.476
423.585
431.469
439.118
446.522
453.669
460.546
467.143
473.446
479.446
485.127
490.479
495.49
500.147
504.439
508.355
511.883
515.013
517.734
520.037
521.911
523.347
524.334
524.864
524.928
524.518
523.626
522.244
520.367
517.988
515.104
511.714
507.816
503.413
498.511
493.115
487.236
480.888
474.088
466.859
459.224
451.215
442.864
434.208
425.288
416.148
406.837
397.401
387.893
378.363
368.862
359.442
350.152
341.041
332.156
323.54
315.23
307.259
299.657
292.409
285.605
0.478261
0.276043
0.227622
0.214538
0.213706
0.218671
0.226877
0.237103
0.24871
0.261348
0.274825
0.289055
0.304246
0.320854
0.33913
0.359125
0.380907
0.404567
0.430217
0.457991
0.488034
0.520502
0.555556
0.593372
0.634139
0.678078
0.725456
0.776601
0.831905
0.891842
0.956969
1.02793
1.10547
1.19041
1.28372
1.3865
1.5
1.62565
1.76508
1.92017
2.09315
2.28671
2.50406
2.74897
3.02516
3.33755
3.69189
4.09493
4.55495
5.08105
5.6805
6.36504
7.14728
8.04115
9.06199
10.2265
11.5525
13.0565
14.7556
16.6675
18.8092
21.196
23.842
26.7593
29.9579
33.4458
37.228
41.3066
45.6804
50.3466
55.2999
60.5328
66.036
71.7992
77.8115
84.0619
90.541
97.2398
104.147
111.252
118.542
126.005
133.634
141.424
149.373
157.469
165.7
174.055
182.526
191.107
199.794
208.598
217.533
226.577
235.716
244.94
254.244
263.622
273.069
282.582
292.163
301.807
311.496
321.215
330.954
340.703
350.423
360.09
369.713
379.205
388.478
397.504
406.302
414.87
423.22
431.36
439.297
447.034
454.571
461.904
469.027
475.932
482.609
489.047
495.236
501.164
506.818
512.187
517.258
522.018
526.455
530.556
534.309
537.701
540.719
543.353
545.59
547.419
548.828
549.806
550.342
550.426
550.048
549.198
547.867
546.047
543.731
540.912
537.584
533.746
529.395
524.533
519.163
513.293
506.931
500.091
492.79
485.048
476.891
468.349
459.454
450.245
440.763
431.053
421.163
411.144
401.047
390.925
380.833
370.821
360.941
351.241
341.769
332.567
323.672
315.119
306.933
299.139
291.716
284.753
0.498413
0.284831
0.235097
0.22218
0.221959
0.22772
0.236783
0.24786
0.260269
0.273635
0.287771
0.302681
0.318714
0.336291
0.355571
0.376621
0.399535
0.424455
0.451561
0.481071
0.513221
0.548258
0.586429
0.627987
0.673194
0.722354
0.775861
0.834231
0.898103
0.968267
1.04567
1.13143
1.22686
1.33348
1.45311
1.58795
1.74053
1.91392
2.11166
2.3377
2.59727
2.89677
3.24424
3.65035
4.12317
4.67625
5.32476
6.08619
6.98048
8.02939
9.25549
10.6844
12.3432
14.2596
16.4611
18.9742
21.8227
25.0261
28.5997
32.5535
36.892
41.6134
46.7111
52.1737
57.9862
64.1305
70.5859
77.3292
84.3365
91.585
99.0497
106.705
114.526
122.489
130.573
138.762
147.046
155.423
163.875
172.39
180.953
189.555
198.192
206.879
215.633
224.425
233.241
242.073
250.918
259.776
268.648
277.541
286.461
295.407
304.372
313.357
322.364
331.388
340.423
349.462
358.509
367.57
376.613
385.609
394.555
403.445
412.203
420.775
429.078
437.152
444.997
452.619
460.028
467.235
474.246
481.069
487.708
494.164
500.437
506.523
512.416
518.107
523.588
528.848
533.876
538.66
543.187
547.444
551.418
555.096
558.465
561.51
564.218
566.576
568.57
570.188
571.415
572.239
572.648
572.629
572.169
571.257
569.883
568.035
565.704
562.881
559.559
555.73
551.392
546.539
541.174
535.298
528.916
522.037
514.674
506.843
498.563
489.861
480.764
471.306
461.526
451.466
441.172
430.694
420.084
409.396
398.688
388.015
377.434
366.998
356.76
346.769
337.07
327.702
318.699
310.088
301.888
294.114
286.738
279.84
0.520379
0.294394
0.244461
0.232718
0.234096
0.241613
0.25245
0.265243
0.27927
0.294159
0.309804
0.326383
0.344318
0.363933
0.385365
0.408718
0.434154
0.461924
0.492368
0.525896
0.562969
0.604069
0.649659
0.700211
0.756191
0.818101
0.886661
0.962937
1.04832
1.14462
1.25404
1.37929
1.52375
1.69136
1.88716
2.11767
2.39076
2.71639
3.10699
3.57499
4.13905
4.82161
5.65001
6.657
7.87871
9.35748
11.1394
13.2731
15.8076
18.7883
22.2551
26.2412
30.7714
35.8608
41.514
47.7244
54.4748
61.7377
69.477
77.65
86.2094
95.1022
104.274
113.672
123.246
132.949
142.737
152.571
162.419
172.266
182.084
191.844
201.521
211.097
220.557
229.899
239.148
248.34
257.438
266.426
275.298
284.051
292.689
301.221
309.66
318.009
326.271
334.451
342.558
350.603
358.595
366.541
374.443
382.304
390.126
397.922
405.708
413.468
421.181
428.834
436.437
444.006
451.474
458.803
465.94
472.834
479.522
486.012
492.3
498.398
504.315
510.061
515.643
521.067
526.339
531.46
536.434
541.258
545.93
550.446
554.799
558.979
562.978
566.784
570.386
573.77
576.924
579.833
582.484
584.862
586.952
588.74
590.21
591.347
592.137
592.565
592.617
592.277
591.532
590.367
588.77
586.727
584.226
581.255
577.805
573.865
569.428
564.489
559.042
553.086
546.621
539.652
532.187
524.235
515.813
506.94
497.638
487.938
477.872
467.478
456.799
445.882
434.777
423.54
412.226
400.895
389.607
378.423
367.401
356.599
346.072
335.87
326.038
316.614
307.631
299.11
291.065
283.503
276.386
269.787
0.543956
0.30649
0.258689
0.25015
0.255051
0.266156
0.280522
0.29671
0.313985
0.332055
0.350993
0.371157
0.393019
0.416931
0.443057
0.471539
0.502671
0.53697
0.575176
0.618232
0.667253
0.723478
0.788082
0.862397
0.947787
1.04557
1.15775
1.28762
1.43982
1.62091
1.83922
2.10542
2.43427
2.84301
3.355
4.00224
4.82372
5.86691
7.18975
8.86044
10.9594
13.5755
16.8024
20.7325
25.4496
31.022
37.4966
44.8967
53.2211
62.4395
72.4938
83.3062
94.7857
106.833
119.343
132.211
145.334
158.614
171.959
185.295
198.564
211.691
224.612
237.274
249.635
261.664
273.338
284.644
295.583
306.252
316.606
326.614
336.268
345.569
354.53
363.168
371.509
379.578
387.389
394.952
402.277
409.378
416.269
422.967
429.49
435.853
442.072
448.164
454.162
460.084
465.932
471.705
477.4
483.02
488.565
494.064
499.537
504.935
510.235
515.425
520.469
525.31
529.995
534.539
538.945
543.211
547.345
551.352
555.24
559.012
562.676
566.233
569.688
573.041
576.295
579.447
582.497
585.441
588.274
590.99
593.581
596.037
598.348
600.502
602.486
604.286
605.889
607.28
608.442
609.361
610.021
610.404
610.495
610.277
609.734
608.848
607.605
605.987
603.979
601.566
598.732
595.463
591.746
587.568
582.919
577.789
572.169
566.055
559.442
552.329
544.72
536.619
528.036
518.985
509.484
499.555
489.227
478.53
467.504
456.189
444.633
432.887
421.007
409.049
397.076
385.15
373.334
361.692
350.286
339.176
328.419
318.067
308.166
298.757
289.871
281.532
273.748
266.525
259.82
253.698
0.567268
0.326924
0.286736
0.285755
0.298053
0.316522
0.338276
0.36191
0.386812
0.41286
0.440266
0.469479
0.501216
0.536307
0.575028
0.617524
0.664448
0.717182
0.777858
0.849373
0.935499
1.04124
1.17123
1.33222
1.53219
1.77888
2.08334
2.46443
2.94895
3.57907
4.41068
5.51831
7.00125
8.98758
11.6394
15.1489
19.7135
25.5155
32.7152
41.4381
51.7625
63.7095
77.2398
92.2559
108.61
126.113
144.55
163.707
183.388
203.403
223.526
243.546
263.284
282.59
301.342
319.447
336.832
353.448
369.265
384.34
398.768
412.449
425.347
437.459
448.796
459.382
469.245
478.421
486.947
494.881
502.264
509.126
515.501
521.424
526.947
532.098
536.903
541.388
545.58
549.501
553.175
556.626
559.878
562.952
565.872
568.656
571.323
573.891
576.408
578.878
581.28
583.611
585.874
588.075
590.216
592.267
594.184
596.015
597.78
599.492
601.153
602.762
604.324
605.844
607.326
608.771
610.181
611.557
612.898
614.204
615.474
616.707
617.901
619.053
620.161
621.219
622.225
623.171
624.05
624.856
625.577
626.205
626.726
627.129
627.4
627.525
627.488
627.274
626.865
626.246
625.399
624.305
622.948
621.309
619.37
617.113
614.52
611.573
608.254
604.548
600.437
595.906
590.941
585.529
579.658
573.319
566.503
559.206
551.424
543.158
534.413
525.195
515.518
505.398
494.855
483.916
472.613
460.981
449.061
436.901
424.55
412.064
399.5
386.921
374.389
361.97
349.729
337.73
326.036
314.709
303.806
293.38
283.477
274.14
265.402
257.287
249.81
242.973
236.741
231.174
0.580695
0.382608
0.362999
0.3789
0.408669
0.447393
0.492583
0.542017
0.594748
0.650643
0.709918
0.773254
0.843163
0.923959
1.01676
1.12137
1.24013
1.37895
1.54787
1.76188
2.04284
2.42729
2.95132
3.67937
4.69941
6.10671
8.01722
10.6291
14.217
19.1454
25.8461
34.7836
46.405
61.0797
79.0416
100.34
124.812
152.069
181.569
212.737
244.999
277.806
310.653
343.093
374.746
405.297
434.547
462.389
488.863
514.102
537.764
559.693
579.836
598.202
614.837
629.814
643.216
655.139
665.681
674.955
683.079
690.141
696.222
701.395
705.735
709.31
712.188
714.432
716.105
717.266
717.971
718.27
718.205
717.826
717.2
716.327
715.224
713.918
712.436
710.807
709.058
707.214
705.298
703.331
701.333
699.319
697.302
695.289
693.236
691.143
689.045
686.964
684.916
682.912
680.959
679.059
677.215
675.428
673.7
672.034
670.432
668.896
667.425
666.017
664.669
663.377
662.137
660.945
659.796
658.684
657.604
656.55
655.517
654.498
653.487
652.477
651.461
650.43
649.376
648.289
647.159
645.973
644.721
643.387
641.959
640.421
638.756
636.95
634.983
632.839
630.499
627.945
625.156
622.113
618.798
615.191
611.271
607.02
602.42
597.452
592.098
586.343
580.172
573.57
566.527
559.032
551.079
542.663
533.783
524.442
514.644
504.402
493.73
482.647
471.179
459.355
447.21
434.784
422.123
409.276
396.296
383.243
370.176
357.158
344.254
331.528
319.046
306.87
295.062
283.68
272.779
262.41
252.618
243.442
234.917
227.068
219.913
213.459
207.685
202.648
0.561093
0.657993
0.705846
0.785344
0.891797
1.03603
1.2146
1.41843
1.64415
1.89214
2.16459
2.46603
2.8177
3.26556
3.82822
4.50606
5.31889
6.31806
7.60005
9.3271
11.7604
15.3104
20.6014
28.5421
40.3159
56.9365
79.0605
107.551
142.645
184.175
231.564
283.869
339.873
398.192
457.391
516.122
574.087
630.325
683.284
732.144
776.515
816.275
851.483
882.31
908.993
931.817
951.234
967.599
980.999
991.66
999.818
1005.72
1009.6
1011.7
1012.24
1011.42
1009.42
1006.39
1002.48
997.823
992.52
986.675
980.371
973.682
966.672
959.396
951.906
944.245
936.453
928.567
920.62
912.638
904.645
896.648
888.614
880.586
872.592
864.656
856.799
849.037
841.384
833.854
826.456
819.199
812.092
805.141
798.351
791.724
785.264
778.972
772.848
766.891
761.102
755.481
750.028
744.745
739.634
734.694
729.922
725.313
720.863
716.566
712.419
708.415
704.547
700.808
697.19
693.685
690.284
686.98
683.763
680.626
677.559
674.554
671.601
668.693
665.818
662.969
660.134
657.303
654.463
651.604
648.712
645.773
642.772
639.695
636.524
633.244
629.836
626.282
622.562
618.658
614.55
610.216
605.637
600.791
595.66
590.221
584.456
578.346
571.873
565.02
557.771
550.114
542.038
533.532
524.592
515.214
505.399
495.153
484.483
473.404
461.934
450.096
437.92
425.438
412.689
399.719
386.573
373.307
359.975
346.637
333.355
320.191
307.209
294.47
282.036
269.966
258.317
247.14
236.485
226.394
216.906
208.057
199.874
192.382
185.598
179.534
174.181
169.598
0.566411
3.46326
4.12733
4.61832
5.2913
6.33353
7.72753
9.39398
11.3323
13.5775
16.189
19.258
23.127
29.0331
37.8124
50.0947
66.7367
88.8221
117.618
154.527
201.009
258.436
327.882
409.791
503.606
610.883
726.492
847.335
965.579
1076.04
1175.51
1262.26
1335.72
1396.13
1444.27
1481.28
1508.57
1527.5
1539.31
1545.1
1545.86
1542.45
1535.63
1526.03
1514.18
1500.53
1485.25
1468.46
1450.58
1431.93
1412.77
1393.29
1373.65
1353.98
1334.35
1314.85
1295.53
1276.42
1257.58
1239.02
1220.76
1202.81
1185.19
1167.91
1150.96
1134.35
1118.09
1102.17
1086.58
1071.33
1056.42
1041.83
1027.57
1013.64
1000.03
986.728
973.739
961.053
948.664
936.569
924.763
913.242
902.004
891.046
880.365
869.957
859.822
849.957
840.363
831.04
821.986
813.197
804.667
796.39
788.362
780.577
773.03
765.717
758.632
751.769
745.123
738.683
732.444
726.396
720.531
714.84
709.313
703.941
698.715
693.623
688.657
683.805
679.059
674.409
669.843
665.352
660.926
656.553
652.224
647.926
643.648
639.378
635.102
630.806
626.477
622.099
617.655
613.129
608.504
603.761
598.881
593.844
588.631
583.22
577.59
571.721
565.592
559.182
552.472
545.442
538.074
530.352
522.26
513.787
504.922
495.658
485.99
475.919
465.446
454.581
443.335
431.726
419.777
407.514
394.971
382.184
369.197
356.056
342.812
329.52
316.237
303.023
289.938
277.042
264.394
252.051
240.069
228.499
217.388
206.781
196.713
187.22
178.329
170.063
162.443
155.486
149.203
143.605
138.691
134.512
4.52156
56.6731
66.7625
77.0243
94.1112
119.49
153.504
196.662
249.764
313.861
390.209
480.156
584.97
709.924
853.263
1007.56
1166.96
1326.51
1481.84
1629.14
1765.16
1887.3
1993.65
2083.03
2154.99
2210.01
2249
2269.83
2274.87
2266.81
2248.34
2221.97
2189.86
2153.8
2115.21
2075.18
2034.54
1993.85
1953.53
1913.86
1875
1837.05
1800.09
1764.12
1729.16
1695.19
1662.22
1630.26
1599.26
1569.19
1539.98
1511.6
1484
1457.14
1431
1405.55
1380.76
1356.61
1333.09
1310.17
1287.84
1266.08
1244.87
1224.21
1204.07
1184.44
1165.31
1146.66
1128.48
1110.76
1093.48
1076.62
1060.19
1044.16
1028.53
1013.3
998.448
983.968
969.85
956.084
942.66
929.569
916.802
904.351
892.208
880.368
868.823
857.569
846.601
835.916
825.509
815.378
805.518
795.923
786.588
777.508
768.676
760.085
751.729
743.603
735.7
728.011
720.53
713.249
706.159
699.251
692.517
685.947
679.533
673.264
667.131
661.126
655.237
649.456
643.773
638.178
632.66
627.211
621.819
616.474
611.165
605.879
600.604
595.328
590.038
584.718
579.354
573.929
568.428
562.832
557.124
551.283
545.292
539.129
532.774
526.207
519.408
512.355
505.031
497.417
489.495
481.25
472.669
463.74
454.456
444.81
434.802
424.434
413.712
402.648
391.259
379.565
367.594
355.376
342.947
330.349
317.626
304.827
292.005
279.214
266.512
253.954
241.596
229.494
217.7
206.261
195.226
184.636
174.526
164.928
155.865
147.358
139.423
132.069
125.306
119.139
113.57
108.602
104.237
100.51
263.243
433.34
628.999
836.745
1044.51
1242.54
1423.93
1584.35
1721.57
1834.88
1924.73
1992.35
2039.53
2068.53
2081.84
2081.95
2071.27
2052.12
2026.61
1996.61
1963.74
1929.37
1894.59
1860.26
1827.01
1795.23
1765.18
1737.19
1711.25
1687.17
1664.7
1643.55
1623.45
1604.17
1585.49
1567.25
1549.31
1531.58
1513.99
1496.47
1479.02
1461.63
1444.27
1426.94
1409.65
1392.41
1375.22
1358.1
1341.08
1324.17
1307.39
1290.74
1274.23
1257.87
1241.65
1225.58
1209.65
1193.87
1178.23
1162.74
1147.4
1132.22
1117.19
1102.33
1087.64
1073.12
1058.78
1044.63
1030.66
1016.88
1003.29
989.902
976.705
963.706
950.904
938.302
925.9
913.699
901.699
889.899
878.298
866.894
855.687
844.675
833.855
823.226
812.788
802.54
792.48
782.608
772.923
763.424
754.113
744.987
736.047
727.29
718.713
710.314
702.091
694.039
686.155
678.435
670.875
663.469
656.213
649.1
642.125
635.281
628.562
621.962
615.473
609.089
602.802
596.606
590.493
584.456
578.486
572.576
566.718
560.903
555.122
549.365
543.622
537.882
532.134
526.365
520.563
514.714
508.802
502.812
496.728
490.532
484.207
477.734
471.095
464.27
457.241
449.99
442.5
434.752
426.733
418.429
409.828
400.923
391.708
382.179
372.34
362.196
351.757
341.039
330.062
318.851
307.436
295.852
284.136
272.331
260.482
248.638
236.85
225.172
213.656
202.352
191.308
180.57
170.18
160.177
150.598
141.472
132.82
124.659
117.001
109.851
103.213
97.0844
91.4629
86.3426
81.7171
77.58
73.9267
70.7747
253.287
268.793
286.943
307.908
331.577
357.559
385.272
414.022
443.08
471.75
499.411
525.556
549.805
571.907
591.732
609.255
624.661
638.391
650.461
660.943
669.955
677.647
684.189
689.756
694.526
698.669
702.344
705.699
708.867
711.965
715.09
718.316
721.698
725.27
729.051
733.042
737.235
741.607
746.131
750.904
756.013
761.355
766.833
772.355
777.838
783.204
788.382
793.306
797.917
802.168
806.014
809.422
812.364
814.818
816.769
818.208
819.131
819.537
819.434
818.829
817.737
816.181
814.188
811.783
808.991
805.833
802.334
798.515
794.397
790.001
785.345
780.449
775.33
770.004
764.489
758.798
752.947
746.949
740.82
734.571
728.216
721.767
715.236
708.635
701.974
695.264
688.515
681.739
674.944
668.141
661.338
654.542
647.762
641.004
634.274
627.58
620.925
614.313
607.749
601.235
594.773
588.366
582.015
575.72
569.481
563.3
557.174
551.102
545.085
539.118
533.202
527.333
521.508
515.726
509.983
504.276
498.601
492.953
487.33
481.725
476.133
470.548
464.964
459.372
453.766
448.136
442.472
436.763
430.998
425.164
419.248
413.236
407.113
400.864
394.473
387.924
381.202
374.291
367.176
359.845
352.284
344.484
336.436
328.136
319.581
310.772
301.715
292.417
282.894
273.163
263.249
253.179
242.984
232.699
222.361
212.011
201.69
191.444
181.322
171.372
161.637
152.156
142.966
134.101
125.591
117.461
109.746
102.457
95.5999
89.1768
83.188
77.6298
72.4958
67.7766
63.4611
59.5367
55.9907
52.8106
49.9864
47.5192
86.695
89.4345
92.542
96.0637
100.035
104.47
109.359
114.669
120.345
126.316
132.5
138.812
145.165
151.479
157.681
163.71
169.523
175.093
180.401
185.437
190.194
194.678
198.898
202.871
206.618
210.164
213.538
216.77
219.891
222.934
225.931
228.916
231.92
234.975
238.111
241.357
244.738
248.279
252.003
255.931
260.089
264.494
269.159
274.094
279.301
284.783
290.536
296.551
302.819
309.324
316.049
322.972
330.069
337.313
344.676
352.127
359.632
367.157
374.667
382.125
389.498
396.843
404.131
411.308
418.326
425.143
431.72
438.021
444.017
449.681
454.992
459.931
464.485
468.644
472.4
475.751
478.696
481.238
483.381
485.132
486.501
487.498
488.137
488.428
488.388
488.03
487.375
486.44
485.24
483.792
482.108
480.204
478.092
475.784
473.294
470.633
467.812
464.843
461.736
458.5
455.145
451.68
448.113
444.452
440.704
436.876
432.974
429.004
424.972
420.881
416.738
412.545
408.307
404.027
399.708
395.352
390.961
386.537
382.081
377.593
373.073
368.519
363.931
359.306
354.64
349.928
345.167
340.35
335.469
330.518
325.486
320.366
315.145
309.815
304.362
298.777
293.048
287.163
281.113
274.887
268.479
261.881
255.09
248.103
240.922
233.551
225.996
218.271
210.389
202.373
194.249
186.042
177.781
169.495
161.218
152.982
144.825
136.783
128.906
121.231
113.783
106.584
99.6605
93.0324
86.718
80.7318
75.0857
69.7861
64.8347
60.2289
55.963
52.0285
48.4145
45.1083
42.0962
39.3637
36.8963
34.6803
32.7036
30.9611
44.6892
45.4175
46.2029
47.0559
47.9865
49.0029
50.1105
51.311
52.6021
53.9783
55.4302
56.9462
58.5123
60.1136
61.7345
63.3599
64.9756
66.5694
68.1304
69.6496
71.1199
72.5357
73.8934
75.1907
76.4272
77.6037
78.7222
79.7861
80.7994
81.7672
82.6954
83.5904
84.4593
85.3097
86.1495
86.987
87.8306
88.6892
89.5716
90.4869
91.4447
92.4543
93.5255
94.6677
95.8903
97.2028
98.6143
100.134
101.77
103.531
105.426
107.462
109.646
111.985
114.487
117.155
119.996
123.013
126.208
129.584
133.141
136.88
140.803
144.907
149.186
153.634
158.241
162.995
167.883
172.888
177.994
183.181
188.429
193.716
199.02
204.318
209.586
214.801
219.938
224.975
229.891
234.663
239.273
243.701
247.932
251.962
255.806
259.445
262.863
266.047
268.987
271.677
274.112
276.288
278.205
279.865
281.27
282.423
283.33
283.996
284.428
284.632
284.616
284.388
283.956
283.328
282.513
281.517
280.35
279.019
277.533
275.899
274.125
272.218
270.186
268.035
265.772
263.403
260.934
258.368
255.713
252.97
250.143
247.234
244.246
241.179
238.032
234.806
231.497
228.104
224.623
221.05
217.38
213.608
209.727
205.732
201.616
197.374
193
188.49
183.84
179.047
174.111
169.032
163.815
158.465
152.99
147.402
141.715
135.955
130.151
124.317
118.47
112.633
106.829
101.083
95.4224
89.8718
84.4586
79.2077
74.1401
69.2742
64.6251
60.2053
56.0242
52.0878
48.3993
44.9588
41.7636
38.8084
36.0857
33.5861
31.2992
29.2136
27.3172
25.598
24.0443
22.6451
21.3901
20.274
30.1292
30.3845
30.6509
30.9308
31.227
31.5419
31.8776
32.2358
32.6174
33.0226
33.4508
33.9005
34.3694
34.8548
35.3533
35.8612
36.3747
36.8899
37.4031
37.9109
38.41
38.8974
39.3708
39.8281
40.2675
40.6878
41.0881
41.4679
41.8271
42.1657
42.4845
42.784
43.0653
43.3299
43.579
43.8146
44.0384
44.2524
44.4587
44.6597
44.8577
45.0551
45.2545
45.4586
45.67
45.8914
46.1258
46.3758
46.6445
46.9346
47.2491
47.591
47.9634
48.3693
48.8118
49.2942
49.8196
50.3914
51.013
51.6876
52.4189
53.2104
54.0658
54.9888
55.9831
57.0524
58.2001
59.4294
60.7435
62.145
63.6365
65.2199
66.8967
68.668
70.534
72.4945
74.5483
76.6936
78.9275
81.2464
83.6456
86.1194
88.6615
91.2642
93.9192
96.6177
99.3514
102.111
104.885
107.662
110.431
113.178
115.892
118.56
121.17
123.71
126.168
128.534
130.798
132.95
134.982
136.887
138.658
140.29
141.779
143.121
144.314
145.356
146.247
146.986
147.576
148.017
148.312
148.463
148.475
148.35
148.093
147.708
147.2
146.573
145.831
144.978
144.018
142.956
141.793
140.534
139.18
137.733
136.194
134.565
132.845
131.034
129.131
127.135
125.045
122.858
120.573
118.188
115.701
113.111
110.418
107.622
104.724
101.727
98.6334
95.4497
92.1827
88.841
85.4352
81.9785
78.4862
74.9734
71.4556
67.9489
64.4698
61.0353
57.6619
54.3656
51.1619
48.0646
45.0863
42.2371
39.5253
36.957
34.5362
32.2647
30.1426
28.1682
26.338
24.6474
23.0908
21.6615
20.3525
19.1562
18.065
17.0715
16.1685
15.3491
14.607
13.9391
23.3729
23.4778
23.5842
23.6929
23.8049
23.9208
24.0416
24.1682
24.3011
24.4409
24.5878
24.7419
24.903
25.0707
25.2443
25.423
25.6057
25.7914
25.9787
26.1665
26.3536
26.5387
26.7207
26.8985
27.0712
27.2379
27.3978
27.5504
27.6951
27.8316
27.9595
28.0787
28.1892
28.2909
28.384
28.4688
28.5456
28.6148
28.6768
28.7323
28.7816
28.8256
28.8648
28.9001
28.9322
28.9619
28.99
29.0174
29.0449
29.0736
29.1041
29.1376
29.1748
29.2169
29.2646
29.3191
29.3812
29.452
29.5325
29.6236
29.7266
29.8423
29.9719
30.1166
30.2774
30.4556
30.6522
30.8686
31.1058
31.3652
31.6479
31.955
32.2879
32.6477
33.0355
33.4524
33.8996
34.3782
34.8889
35.4329
36.0108
36.6233
37.2711
37.9546
38.6739
39.4292
40.2204
41.0471
41.9087
42.8044
43.7329
44.6925
45.6812
46.6968
47.7363
48.7968
49.8746
50.9659
52.0665
53.1721
54.2777
55.3786
56.4697
57.5457
58.6015
59.6319
60.6317
61.5959
62.5199
63.3989
64.2289
65.0059
65.7263
66.3871
66.9855
67.5192
67.9864
68.3857
68.7158
68.9762
69.1663
69.2861
69.3355
69.3149
69.2245
69.0649
68.8365
68.5396
68.1747
67.7421
67.2419
66.6741
66.0387
65.3356
64.5643
63.7247
62.8163
61.839
60.7926
59.6772
58.4932
57.2416
55.9237
54.5415
53.0979
51.5962
50.0409
48.4371
46.791
45.1097
43.4009
41.6733
39.9355
38.1968
36.4664
34.7535
33.0669
31.4152
29.8062
28.247
26.7439
25.302
23.9255
22.6174
21.3798
20.2137
19.119
18.0951
17.1404
16.2528
15.4296
14.6679
13.9644
13.3154
12.7176
12.1672
11.6609
11.1953
10.7673
10.3758
19.5623
19.6097
19.6554
19.6999
19.7439
19.7878
19.8322
19.8775
19.9241
19.9723
20.0225
20.0748
20.1293
20.1861
20.2452
20.3064
20.3695
20.4343
20.5004
20.5675
20.6351
20.7027
20.7699
20.8363
20.9014
20.9648
21.0261
21.0848
21.1407
21.1934
21.2427
21.2883
21.33
21.3676
21.4011
21.4303
21.4553
21.4761
21.4926
21.505
21.5134
21.518
21.5188
21.5161
21.5101
21.501
21.4891
21.4748
21.4582
21.4397
21.4195
21.3981
21.3758
21.3529
21.3297
21.3066
21.284
21.2622
21.2416
21.2226
21.2055
21.1907
21.1786
21.1695
21.1639
21.1621
21.1644
21.1714
21.1833
21.2005
21.2235
21.2526
21.2881
21.3305
21.3801
21.4373
21.5024
21.5757
21.6577
21.7486
21.8487
21.9584
22.0779
22.2076
22.3476
22.4982
22.6596
22.832
23.0155
23.2103
23.4164
23.6337
23.8624
24.1021
24.3528
24.6141
24.8857
25.1672
25.4579
25.7573
26.0646
26.3789
26.6993
27.0247
27.3539
27.6858
28.0188
28.3516
28.6827
29.0105
29.3334
29.6497
29.9578
30.256
30.5426
30.8159
31.0745
31.3167
31.5411
31.7462
31.9308
32.0936
32.2334
32.3491
32.4397
32.5043
32.542
32.5519
32.5333
32.4854
32.4075
32.2989
32.1589
31.9868
31.7821
31.5442
31.2725
30.9666
30.6261
30.2508
29.8406
29.3957
28.9164
28.4034
27.8576
27.2804
26.6733
26.0385
25.3782
24.6954
23.9931
23.2748
22.5442
21.8052
21.0617
20.3178
19.5775
18.8445
18.1227
17.4153
16.7256
16.0562
15.4097
14.7878
14.1922
13.6239
13.0837
12.572
12.0887
11.6335
11.2057
10.8045
10.4288
10.0775
9.74904
9.44211
9.15526
8.88705
8.63609
8.40225
17.5047
17.5276
17.5487
17.5679
17.5854
17.6014
17.6163
17.6306
17.6446
17.6585
17.6725
17.6868
17.7016
17.7169
17.7328
17.7495
17.7668
17.7848
17.8033
17.8223
17.8415
17.8609
17.8802
17.8992
17.9178
17.9356
17.9526
17.9685
17.9831
17.9963
18.0077
18.0174
18.025
18.0306
18.0339
18.0349
18.0335
18.0297
18.0233
18.0145
18.0031
17.9892
17.9729
17.9541
17.933
17.9096
17.8839
17.8562
17.8265
17.7949
17.7616
17.7267
17.6903
17.6526
17.6137
17.5738
17.5331
17.4917
17.4498
17.4076
17.3652
17.3228
17.2805
17.2386
17.1972
17.1565
17.1166
17.0778
17.0401
17.0038
16.969
16.9359
16.9045
16.8751
16.8479
16.8229
16.8002
16.7801
16.7626
16.7478
16.7359
16.7269
16.721
16.7183
16.7187
16.7224
16.7295
16.7399
16.7538
16.7712
16.7921
16.8164
16.8443
16.8756
16.9103
16.9485
16.9899
17.0345
17.0822
17.1328
17.1862
17.2421
17.3003
17.3606
17.4227
17.4862
17.5509
17.6164
17.6822
17.7481
17.8134
17.8779
17.941
18.0022
18.061
18.1171
18.1698
18.2186
18.2631
18.3027
18.3369
18.3653
18.3874
18.4027
18.4107
18.411
18.4032
18.3867
18.3612
18.3263
18.2815
18.2264
18.1606
18.0837
17.9953
17.895
17.7825
17.6573
17.5192
17.3679
17.2032
17.0249
16.8328
16.6271
16.4077
16.1749
15.929
15.6705
15.3999
15.1181
14.826
14.5246
14.2151
13.8988
13.5772
13.2517
12.9239
12.5955
12.2678
11.9427
11.6214
11.3056
10.9964
10.695
10.4025
10.1197
9.84728
9.58576
9.33547
9.09656
8.86902
8.6527
8.44731
8.25244
8.06757
7.89213
7.72548
7.567
7.41603
7.27256
16.1351
16.1463
16.1558
16.1635
16.1694
16.1734
16.1758
16.1766
16.1761
16.1745
16.1719
16.1685
16.1645
16.1601
16.1554
16.1505
16.1456
16.1406
16.1356
16.1305
16.1254
16.1203
16.115
16.1095
16.1037
16.0975
16.0908
16.0836
16.0757
16.067
16.0574
16.0469
16.0353
16.0225
16.0085
15.9931
15.9764
15.9581
15.9384
15.9172
15.8943
15.8699
15.8438
15.8161
15.7869
15.756
15.7235
15.6896
15.6541
15.6171
15.5787
15.539
15.498
15.4558
15.4124
15.3679
15.3224
15.276
15.2287
15.1807
15.132
15.0827
15.0329
14.9827
14.9322
14.8814
14.8305
14.7795
14.7286
14.6778
14.6271
14.5768
14.5268
14.4773
14.4282
14.3798
14.332
14.2849
14.2386
14.1932
14.1487
14.1051
14.0624
14.0209
13.9804
13.941
13.9028
13.8657
13.8299
13.7952
13.7618
13.7296
13.6987
13.6691
13.6406
13.6135
13.5875
13.5627
13.5391
13.5165
13.495
13.4745
13.4549
13.4361
13.418
13.4005
13.3835
13.3669
13.3505
13.3342
13.3178
13.3011
13.2841
13.2666
13.2483
13.2291
13.2088
13.1873
13.1643
13.1397
13.1134
13.085
13.0546
13.0218
12.9866
12.9487
12.908
12.8644
12.8176
12.7676
12.7141
12.6569
12.596
12.5312
12.4622
12.389
12.3114
12.2291
12.1421
12.0502
11.9532
11.8511
11.7437
11.631
11.5129
11.3894
11.2605
11.1264
10.9871
10.843
10.6942
10.5411
10.3842
10.2238
10.0606
9.89518
9.72814
9.56018
9.39203
9.22438
9.05796
8.89344
8.73148
8.57268
8.41756
8.26659
8.12016
7.97855
7.84198
7.71056
7.58431
7.4632
7.34708
7.23576
7.12897
7.0264
6.92772
6.83258
6.74068
6.6518
15.0385
15.0399
15.0403
15.0394
15.0373
15.0339
15.0292
15.0231
15.0157
15.0069
14.9969
14.9857
14.9734
14.9601
14.9459
14.9309
14.9151
14.8987
14.8817
14.8642
14.8462
14.8278
14.8089
14.7897
14.7702
14.7503
14.7299
14.7092
14.688
14.6664
14.6443
14.6217
14.5984
14.5745
14.5499
14.5246
14.4984
14.4714
14.4436
14.4148
14.385
14.3543
14.3226
14.2898
14.2561
14.2213
14.1854
14.1486
14.1106
14.0717
14.0317
13.9908
13.9488
13.9059
13.8621
13.8173
13.7717
13.7253
13.6781
13.6301
13.5815
13.5321
13.4822
13.4316
13.3805
13.329
13.277
13.2246
13.1719
13.1189
13.0656
13.0121
12.9585
12.9048
12.8509
12.7971
12.7433
12.6895
12.6359
12.5823
12.529
12.4758
12.4229
12.3702
12.3179
12.2658
12.2141
12.1628
12.1119
12.0615
12.0115
11.962
11.913
11.8645
11.8166
11.7693
11.7225
11.6763
11.6306
11.5855
11.5409
11.4969
11.4533
11.4101
11.3674
11.3249
11.2828
11.241
11.1993
11.1578
11.1163
11.0748
11.0332
10.9915
10.9495
10.9073
10.8647
10.8216
10.778
10.7339
10.689
10.6435
10.5971
10.5499
10.5018
10.4526
10.4024
10.3511
10.2986
10.2448
10.1898
10.1333
10.0754
10.016
9.95503
9.89241
9.82807
9.76197
9.69402
9.62416
9.55234
9.47851
9.40263
9.32465
9.24457
9.16238
9.07811
8.9918
8.90352
8.81338
8.72151
8.62808
8.53328
8.43734
8.34053
8.24312
8.14544
8.0478
7.95053
7.85397
7.75846
7.66432
7.57184
7.48131
7.39297
7.30702
7.22364
7.14295
7.06502
6.9899
6.91756
6.84795
6.78098
6.71649
6.65432
6.59429
6.53619
6.47984
6.42512
6.37156
14.2081
14.1992
14.1896
14.1795
14.1686
14.1571
14.1447
14.1316
14.1176
14.1027
14.087
14.0704
14.0529
14.0345
14.0153
13.9952
13.9743
13.9526
13.9302
13.907
13.8831
13.8585
13.8333
13.8074
13.7811
13.7541
13.7267
13.6987
13.6702
13.6412
13.6118
13.582
13.5517
13.521
13.4897
13.458
13.4258
13.3931
13.3599
13.3262
13.2919
13.257
13.2216
13.1855
13.1488
13.1115
13.0735
13.0348
12.9954
12.9554
12.9147
12.8733
12.8312
12.7885
12.7451
12.701
12.6563
12.6109
12.565
12.5184
12.4712
12.4235
12.3752
12.3264
12.2771
12.2273
12.177
12.1263
12.0752
12.0237
11.9719
11.9197
11.8672
11.8144
11.7613
11.7081
11.6546
11.6009
11.547
11.4931
11.439
11.3848
11.3305
11.2762
11.2219
11.1676
11.1134
11.0591
11.005
10.951
10.8972
10.8437
10.7903
10.7373
10.6845
10.6321
10.5799
10.5281
10.4766
10.4253
10.3744
10.3238
10.2734
10.2234
10.1735
10.1239
10.0744
10.0252
9.97612
9.92716
9.8783
9.82952
9.78078
9.73206
9.68332
9.63454
9.58569
9.53673
9.48764
9.43838
9.38894
9.33928
9.28938
9.23921
9.18874
9.13796
9.08683
9.03533
8.98345
8.93115
8.87841
8.82522
8.77154
8.71735
8.66264
8.60739
8.55156
8.49515
8.43813
8.3805
8.32224
8.26335
8.20383
8.14369
8.08295
8.02163
7.95978
7.89744
7.83469
7.77158
7.70823
7.64474
7.58122
7.51782
7.45468
7.39195
7.32979
7.26838
7.20788
7.14846
7.09027
7.03347
6.97821
6.9246
6.87276
6.82277
6.7747
6.7286
6.68448
6.64235
6.60218
6.56392
6.52751
6.49286
6.45989
6.42852
6.39867
6.37032
6.34355
6.31762
13.6292
13.6097
13.5899
13.5699
13.5497
13.5291
13.5081
13.4867
13.465
13.4428
13.4201
13.397
13.3733
13.3492
13.3245
13.2992
13.2734
13.2471
13.2202
13.1928
13.1648
13.1363
13.1073
13.0777
13.0477
13.0171
12.986
12.9543
12.9222
12.8895
12.8564
12.8228
12.7887
12.7542
12.7192
12.6838
12.648
12.6119
12.5753
12.5383
12.501
12.4633
12.4251
12.3866
12.3477
12.3083
12.2686
12.2284
12.1878
12.1468
12.1053
12.0635
12.0211
11.9784
11.9352
11.8915
11.8475
11.8029
11.758
11.7126
11.6668
11.6206
11.5739
11.5269
11.4794
11.4316
11.3834
11.3348
11.2859
11.2366
11.187
11.1371
11.0869
11.0363
10.9855
10.9344
10.8831
10.8315
10.7797
10.7277
10.6755
10.6231
10.5706
10.5179
10.4651
10.4121
10.3591
10.3061
10.253
10.2
10.1471
10.0944
10.0417
9.98919
9.93679
9.88454
9.83243
9.78047
9.72868
9.67704
9.62557
9.57427
9.52313
9.47215
9.42134
9.37069
9.3202
9.26985
9.21966
9.1696
9.11968
9.06989
9.02021
8.97065
8.92119
8.87183
8.82255
8.77335
8.72422
8.67515
8.62614
8.57717
8.52825
8.47936
8.4305
8.38167
8.33285
8.28405
8.23526
8.18648
8.1377
8.08893
8.04016
7.99139
7.94263
7.89388
7.84514
7.79643
7.74775
7.69911
7.65054
7.60205
7.55367
7.50543
7.45737
7.40953
7.36195
7.31469
7.26782
7.2214
7.17551
7.13022
7.08564
7.04184
6.99892
6.95699
6.91614
6.87648
6.8381
6.80109
6.76556
6.73159
6.69925
6.66862
6.63975
6.61271
6.58753
6.56424
6.54288
6.52345
6.50596
6.49042
6.47684
6.46524
6.45565
6.44816
6.44289
6.44009
6.44015
6.44214
13.2667
13.2377
13.2087
13.1796
13.1504
13.1212
13.0918
13.0622
13.0326
13.0027
12.9727
12.9424
12.9119
12.8812
12.8502
12.819
12.7875
12.7557
12.7236
12.6911
12.6584
12.6254
12.592
12.5583
12.5243
12.4899
12.4552
12.4202
12.3849
12.3492
12.3131
12.2767
12.24
12.203
12.1656
12.1279
12.0899
12.0515
12.0128
11.9737
11.9344
11.8947
11.8547
11.8144
11.7738
11.7329
11.6918
11.6503
11.6086
11.5666
11.5244
11.4819
11.439
11.396
11.3526
11.309
11.2651
11.2209
11.1764
11.1316
11.0866
11.0413
10.9957
10.9499
10.9038
10.8574
10.8107
10.7638
10.7167
10.6692
10.6216
10.5737
10.5255
10.4771
10.4285
10.3797
10.3307
10.2815
10.2321
10.1825
10.1327
10.0828
10.0327
9.98248
9.93216
9.88173
9.83121
9.78063
9.73001
9.67936
9.62872
9.5781
9.52752
9.47699
9.42651
9.37611
9.32579
9.27557
9.22544
9.17543
9.12553
9.07576
9.02612
8.97663
8.92727
8.87807
8.82902
8.78014
8.73142
8.68287
8.6345
8.5863
8.53828
8.49045
8.4428
8.39533
8.34806
8.30099
8.25411
8.20743
8.16095
8.11468
8.06861
8.02277
7.97714
7.93173
7.88655
7.84161
7.79692
7.75248
7.70829
7.66439
7.62076
7.57744
7.53444
7.49176
7.44944
7.4075
7.36596
7.32484
7.28419
7.24404
7.20442
7.16537
7.12695
7.08921
7.05219
7.01596
6.98057
6.94611
6.91262
6.8802
6.8489
6.81882
6.79002
6.7626
6.73663
6.71219
6.68937
6.66823
6.64887
6.63136
6.61577
6.60218
6.59065
6.58126
6.57407
6.56916
6.56661
6.5665
6.56893
6.57402
6.58191
6.59281
6.60697
6.62476
6.6467
6.67347
6.70617
6.7439
13.0676
13.0314
12.9951
12.9589
12.9226
12.8863
12.85
12.8136
12.7772
12.7407
12.7042
12.6675
12.6308
12.594
12.5571
12.52
12.4829
12.4456
12.4082
12.3707
12.3329
12.2951
12.2571
12.2189
12.1806
12.142
12.1033
12.0645
12.0254
11.9862
11.9468
11.9071
11.8673
11.8274
11.7872
11.7468
11.7062
11.6655
11.6245
11.5834
11.542
11.5005
11.4588
11.4169
11.3748
11.3325
11.29
11.2474
11.2046
11.1616
11.1184
11.0751
11.0316
10.9879
10.9441
10.9001
10.8559
10.8116
10.7672
10.7225
10.6778
10.6328
10.5877
10.5424
10.497
10.4514
10.4057
10.3598
10.3138
10.2676
10.2213
10.1748
10.1282
10.0814
10.0345
9.98744
9.94027
9.89297
9.84556
9.79803
9.75039
9.70265
9.65482
9.60691
9.55892
9.51087
9.46277
9.41463
9.36647
9.31829
9.27011
9.22194
9.17381
9.12571
9.07767
9.0297
8.98181
8.93401
8.88631
8.83872
8.79126
8.74394
8.69675
8.64973
8.60287
8.55618
8.50968
8.46337
8.41726
8.37136
8.32569
8.28024
8.23503
8.19006
8.14535
8.1009
8.05672
8.01282
7.96921
7.92589
7.88288
7.84018
7.79781
7.75577
7.71408
7.67274
7.63178
7.59119
7.55101
7.51124
7.4719
7.43301
7.39459
7.35667
7.31927
7.28241
7.24613
7.21046
7.17543
7.14109
7.10747
7.07462
7.04258
7.01142
6.98117
6.95191
6.92369
6.89658
6.87065
6.84597
6.82261
6.80065
6.78018
6.76127
6.74402
6.7285
6.71482
6.70307
6.69333
6.68572
6.68034
6.67729
6.67668
6.67864
6.6833
6.69078
6.70124
6.71486
6.73182
6.75234
6.77669
6.80519
6.83825
6.87639
6.92028
6.97083
7.02926
7.0972
7.17704
7.26858
12.9722
12.9314
12.8906
12.8498
12.8089
12.768
12.727
12.6859
12.6448
12.6037
12.5625
12.5212
12.4798
12.4384
12.397
12.3554
12.3138
12.2721
12.2304
12.1886
12.1467
12.1047
12.0626
12.0205
11.9783
11.936
11.8936
11.8511
11.8086
11.766
11.7233
11.6805
11.6376
11.5946
11.5516
11.5084
11.4652
11.4219
11.3785
11.3351
11.2915
11.2479
11.2042
11.1604
11.1166
11.0727
11.0286
10.9846
10.9404
10.8962
10.8519
10.8075
10.7631
10.7186
10.6741
10.6294
10.5848
10.54
10.4952
10.4503
10.4054
10.3604
10.3153
10.2702
10.225
10.1798
10.1345
10.0892
10.0438
9.99828
9.95276
9.90718
9.86154
9.81586
9.77012
9.72434
9.67852
9.63265
9.58675
9.54082
9.49485
9.44887
9.40287
9.35686
9.31086
9.26485
9.21886
9.1729
9.12697
9.08108
9.03524
8.98947
8.94378
8.89816
8.85265
8.80725
8.76196
8.71681
8.67179
8.62694
8.58224
8.53773
8.4934
8.44927
8.40535
8.36165
8.31818
8.27495
8.23198
8.18928
8.14685
8.10471
8.06286
8.02133
7.98012
7.93923
7.8987
7.85851
7.8187
7.77926
7.74021
7.70157
7.66334
7.62555
7.58821
7.55132
7.51492
7.47902
7.44363
7.40879
7.37451
7.34082
7.30774
7.27531
7.24356
7.21252
7.18223
7.15274
7.12408
7.0963
7.06946
7.04361
7.01881
6.99513
6.97262
6.95136
6.93143
6.9129
6.89587
6.88041
6.86662
6.8546
6.84446
6.83629
6.83023
6.82639
6.82489
6.82589
6.82952
6.83593
6.84532
6.85784
6.87371
6.89315
6.9164
6.94372
6.97543
7.01187
7.05345
7.10064
7.15401
7.21425
7.28226
7.35914
7.44635
7.54583
7.66019
7.79285
7.94873
8.12949
12.9308
12.8878
12.8447
12.8015
12.7582
12.7148
12.6713
12.6277
12.584
12.5403
12.4964
12.4524
12.4084
12.3643
12.3201
12.2758
12.2314
12.187
12.1425
12.0979
12.0533
12.0086
11.9638
11.919
11.8741
11.8292
11.7842
11.7392
11.6942
11.6491
11.6039
11.5588
11.5136
11.4684
11.4231
11.3779
11.3326
11.2873
11.242
11.1967
11.1514
11.1061
11.0608
11.0154
10.9701
10.9248
10.8795
10.8342
10.7889
10.7436
10.6984
10.6531
10.6079
10.5627
10.5175
10.4723
10.4271
10.3819
10.3368
10.2917
10.2466
10.2015
10.1564
10.1114
10.0664
10.0214
9.97642
9.93147
9.88655
9.84165
9.79678
9.75193
9.70711
9.66233
9.61758
9.57287
9.5282
9.48357
9.43899
9.39446
9.34999
9.30558
9.26124
9.21698
9.17279
9.1287
9.0847
9.04081
8.99703
8.95337
8.90984
8.86645
8.82321
8.78013
8.73722
8.69449
8.65194
8.6096
8.56746
8.52555
8.48386
8.44242
8.40123
8.36031
8.31966
8.2793
8.23924
8.19949
8.16005
8.12096
8.08221
8.04381
8.00579
7.96815
7.93091
7.89407
7.85765
7.82167
7.78614
7.75106
7.71647
7.68237
7.64878
7.61571
7.58319
7.55123
7.51986
7.4891
7.45897
7.4295
7.40072
7.37266
7.34536
7.31884
7.29316
7.26835
7.24447
7.22156
7.19968
7.17889
7.15926
7.14085
7.12375
7.10803
7.09377
7.08108
7.07006
7.0608
7.05343
7.04806
7.04484
7.04389
7.04537
7.04944
7.05629
7.0661
7.07907
7.09544
7.11545
7.13937
7.1675
7.20017
7.23774
7.28062
7.32928
7.38422
7.44604
7.51542
7.59315
7.68019
7.77768
7.88702
8.00997
8.14879
8.30641
8.48672
8.6949
8.9378
9.22495
9.56221
12.913
12.8691
12.8251
12.781
12.7367
12.6924
12.6479
12.6033
12.5586
12.5137
12.4688
12.4238
12.3786
12.3334
12.2881
12.2427
12.1972
12.1516
12.106
12.0603
12.0146
11.9687
11.9229
11.877
11.831
11.785
11.739
11.693
11.647
11.6009
11.5548
11.5088
11.4627
11.4167
11.3706
11.3246
11.2786
11.2327
11.1867
11.1408
11.095
11.0492
11.0034
10.9577
10.912
10.8664
10.8208
10.7753
10.7299
10.6845
10.6392
10.594
10.5488
10.5037
10.4586
10.4137
10.3688
10.324
10.2792
10.2345
10.1899
10.1454
10.101
10.0566
10.0124
9.96816
9.92406
9.88004
9.83611
9.79227
9.74853
9.70488
9.66133
9.61789
9.57455
9.53133
9.48822
9.44523
9.40237
9.35965
9.31706
9.27461
9.23232
9.19019
9.14822
9.10643
9.06482
9.02341
8.98219
8.94118
8.90038
8.85981
8.81948
8.77939
8.73955
8.69998
8.66068
8.62166
8.58294
8.54451
8.5064
8.46862
8.43117
8.39406
8.35731
8.32093
8.28492
8.24931
8.2141
8.1793
8.14494
8.11101
8.07753
8.04452
8.01199
7.97995
7.94842
7.91741
7.88693
7.85702
7.82767
7.79892
7.77077
7.74326
7.71639
7.69021
7.66472
7.63997
7.61598
7.59278
7.57042
7.54893
7.52836
7.50875
7.49016
7.47264
7.45626
7.44109
7.4272
7.41467
7.40359
7.39406
7.38618
7.38007
7.37585
7.37365
7.37363
7.37593
7.38073
7.38821
7.39859
7.41208
7.42893
7.4494
7.47379
7.50241
7.53564
7.57385
7.61749
7.66703
7.72303
7.78609
7.85688
7.93617
8.02483
8.12384
8.23435
8.35768
8.49538
8.64929
8.82163
9.01515
9.23324
9.48022
9.76172
10.0851
10.4602
10.9
11.4226
12.0426
12.9077
12.8638
12.8198
12.7757
12.7315
12.6872
12.6428
12.5983
12.5538
12.5091
12.4645
12.4197
12.3749
12.33
12.2851
12.2401
12.1951
12.1501
12.1051
12.06
12.0149
11.9698
11.9247
11.8796
11.8345
11.7894
11.7443
11.6993
11.6543
11.6093
11.5644
11.5195
11.4746
11.4298
11.3851
11.3404
11.2957
11.2512
11.2067
11.1622
11.1179
11.0736
11.0294
10.9852
10.9412
10.8972
10.8533
10.8095
10.7657
10.7221
10.6785
10.6351
10.5917
10.5484
10.5052
10.4622
10.4192
10.3763
10.3335
10.2908
10.2482
10.2058
10.1634
10.1212
10.0791
10.0371
9.99523
9.95351
9.91192
9.87048
9.82919
9.78806
9.74708
9.70628
9.66564
9.62519
9.58493
9.54486
9.50499
9.46533
9.42589
9.38668
9.34771
9.30897
9.27049
9.23227
9.19432
9.15665
9.11926
9.08217
9.04539
9.00892
8.97278
8.93697
8.90151
8.86639
8.83164
8.79726
8.76326
8.72965
8.69645
8.66365
8.63128
8.59935
8.56785
8.53682
8.50625
8.47615
8.44656
8.41746
8.38888
8.36083
8.33333
8.30639
8.28002
8.25424
8.22907
8.20453
8.18063
8.1574
8.13485
8.11302
8.09192
8.07158
8.05203
8.03332
8.01546
7.9985
7.98249
7.96746
7.95348
7.9406
7.92888
7.91839
7.90921
7.90143
7.89513
7.89041
7.8874
7.8862
7.88697
7.88984
7.89498
7.90257
7.9128
7.92589
7.94209
7.96164
7.98485
8.01202
8.04351
8.07971
8.12105
8.16801
8.22111
8.28095
8.34819
8.42356
8.50789
8.60211
8.70724
8.82445
8.95507
9.10059
9.26269
9.44332
9.6447
9.8694
10.1204
10.4013
10.7162
11.0704
11.47
11.923
12.4396
13.0332
13.7217
14.5293
15.4895
16.6352
12.9187
12.8759
12.8332
12.7905
12.7477
12.705
12.6623
12.6196
12.5769
12.5342
12.4916
12.449
12.4065
12.364
12.3215
12.2791
12.2367
12.1944
12.1522
12.11
12.0679
12.0259
11.9839
11.942
11.9002
11.8585
11.8168
11.7752
11.7337
11.6922
11.6509
11.6096
11.5684
11.5273
11.4862
11.4453
11.4044
11.3636
11.3228
11.2822
11.2416
11.2011
11.1607
11.1203
11.0801
11.0399
10.9998
10.9598
10.9198
10.88
10.8402
10.8006
10.761
10.7215
10.6822
10.6429
10.6038
10.5648
10.5259
10.4871
10.4485
10.4101
10.3718
10.3336
10.2956
10.2579
10.2203
10.1829
10.1457
10.1087
10.072
10.0355
9.99919
9.96319
9.92744
9.89197
9.85677
9.82187
9.78727
9.75298
9.71901
9.68537
9.65206
9.61909
9.58648
9.55424
9.52236
9.49087
9.45976
9.42906
9.39875
9.36887
9.33941
9.31038
9.28179
9.25365
9.22597
9.19876
9.17203
9.14579
9.12004
9.0948
9.07008
9.0459
9.02225
8.99916
8.97664
8.9547
8.93336
8.91263
8.89253
8.87307
8.85428
8.83617
8.81877
8.8021
8.78618
8.77104
8.75671
8.74322
8.7306
8.7189
8.70814
8.69838
8.68966
8.68204
8.67558
8.67034
8.66639
8.66382
8.6627
8.66314
8.66525
8.66914
8.67495
8.68282
8.69291
8.7054
8.7205
8.73841
8.75939
8.78369
8.81163
8.84352
8.87975
8.9207
8.96684
9.01867
9.07676
9.14172
9.21425
9.29513
9.38524
9.48556
9.59716
9.72128
9.8593
10.0127
10.1834
10.3731
10.5841
10.8189
11.0802
11.3711
11.6952
12.0563
12.4591
12.9085
13.4105
13.9719
14.6007
15.3063
16.1002
16.9969
18.0145
19.1772
20.5174
22.0801
23.9293
26.1315
12.9683
12.9293
12.8904
12.8518
12.8132
12.7748
12.7366
12.6985
12.6606
12.6228
12.5852
12.5477
12.5104
12.4732
12.4361
12.3992
12.3623
12.3256
12.289
12.2526
12.2162
12.1799
12.1437
12.1076
12.0716
12.0357
11.9998
11.9641
11.9283
11.8927
11.8571
11.8215
11.786
11.7506
11.7152
11.6798
11.6445
11.6093
11.574
11.5389
11.5037
11.4686
11.4336
11.3986
11.3637
11.3289
11.2941
11.2594
11.2248
11.1903
11.156
11.1217
11.0876
11.0536
11.0198
10.9862
10.9527
10.9194
10.8864
10.8536
10.821
10.7887
10.7566
10.7248
10.6933
10.6621
10.6312
10.6007
10.5705
10.5406
10.5111
10.482
10.4533
10.4249
10.397
10.3695
10.3424
10.3157
10.2895
10.2637
10.2384
10.2136
10.1892
10.1653
10.1419
10.119
10.0966
10.0746
10.0532
10.0323
10.0119
9.99208
9.97275
9.95397
9.93573
9.91804
9.90092
9.88436
9.86838
9.853
9.83821
9.82403
9.81048
9.79756
9.7853
9.77371
9.76282
9.75263
9.74317
9.73447
9.72654
9.71943
9.71316
9.70777
9.70328
9.69975
9.69721
9.69571
9.69531
9.69605
9.69801
9.70125
9.70585
9.71188
9.71945
9.72864
9.73958
9.75238
9.76717
9.78411
9.80336
9.82511
9.84956
9.87693
9.90747
9.94146
9.97922
10.0211
10.0674
10.1187
10.1753
10.2378
10.3068
10.383
10.4671
10.5598
10.6621
10.7751
10.8998
11.0376
11.1898
11.3581
11.5442
11.7502
11.9783
12.2311
12.5112
12.8219
13.1666
13.5492
13.974
14.4458
14.9698
15.5519
16.1985
16.9167
17.7145
18.6005
19.5847
20.6781
21.8934
23.2454
24.7516
26.4333
28.3175
30.4394
32.8471
35.61
38.8325
42.6255
13.1131
13.0823
13.0517
13.0214
12.9913
12.9615
12.9319
12.9025
12.8733
12.8442
12.8153
12.7865
12.7579
12.7293
12.7009
12.6725
12.6442
12.6159
12.5877
12.5594
12.5312
12.503
12.4748
12.4466
12.4184
12.3901
12.3618
12.3335
12.3051
12.2767
12.2483
12.2198
12.1913
12.1628
12.1342
12.1057
12.0771
12.0486
12.0201
11.9916
11.9632
11.9349
11.9067
11.8786
11.8506
11.8227
11.7951
11.7676
11.7403
11.7133
11.6865
11.66
11.6338
11.6079
11.5823
11.5571
11.5323
11.5079
11.4839
11.4604
11.4373
11.4147
11.3926
11.371
11.3499
11.3294
11.3095
11.2901
11.2712
11.253
11.2354
11.2184
11.202
11.1863
11.1712
11.1567
11.1429
11.1297
11.1172
11.1053
11.0941
11.0836
11.0737
11.0644
11.0558
11.0479
11.0406
11.034
11.0281
11.0228
11.0181
11.0141
11.0108
11.0082
11.0062
11.0049
11.0042
11.0043
11.0051
11.0066
11.0089
11.0119
11.0157
11.0203
11.0257
11.032
11.0392
11.0473
11.0564
11.0665
11.0777
11.0901
11.1036
11.1184
11.1346
11.1522
11.1713
11.192
11.2144
11.2387
11.2649
11.2933
11.3239
11.3569
11.3926
11.4311
11.4726
11.5175
11.5659
11.6182
11.6748
11.7359
11.8021
11.8737
11.9513
12.0354
12.1268
12.226
12.3339
12.4513
12.5792
12.7186
12.8709
13.0372
13.2192
13.4184
13.6368
13.8763
14.1394
14.4286
14.7468
15.0971
15.483
15.9086
16.378
16.896
17.4679
18.0993
18.7965
19.5662
20.4158
21.3531
22.3866
23.5253
24.7789
26.1576
27.6723
29.3345
31.1564
33.1512
35.3332
37.7179
40.3228
43.1689
46.2827
49.6985
53.466
57.6746
62.4662
68.0124
13.4553
13.4378
13.4204
13.4032
13.3859
13.3688
13.3516
13.3344
13.3172
13.2999
13.2825
13.2651
13.2474
13.2297
13.2117
13.1936
13.1754
13.1569
13.1382
13.1194
13.1003
13.0811
13.0616
13.042
13.0223
13.0024
12.9823
12.9622
12.9419
12.9216
12.9013
12.8809
12.8606
12.8402
12.82
12.7998
12.7798
12.7599
12.7403
12.7208
12.7017
12.6828
12.6643
12.6462
12.6284
12.6111
12.5943
12.578
12.5623
12.5471
12.5326
12.5187
12.5055
12.493
12.4812
12.4703
12.4601
12.4508
12.4423
12.4347
12.428
12.4222
12.4173
12.4134
12.4105
12.4086
12.4076
12.4077
12.4088
12.4108
12.4139
12.418
12.4232
12.4293
12.4365
12.4446
12.4537
12.4639
12.475
12.487
12.5
12.514
12.5289
12.5447
12.5614
12.579
12.5975
12.6169
12.6371
12.6583
12.6802
12.7031
12.7268
12.7514
12.7769
12.8033
12.8306
12.8589
12.8881
12.9183
12.9496
12.9819
13.0154
13.0501
13.086
13.1232
13.1619
13.2021
13.2438
13.2873
13.3326
13.3799
13.4292
13.4808
13.5348
13.5915
13.6509
13.7134
13.7791
13.8484
13.9215
13.9988
14.0805
14.167
14.2588
14.3563
14.46
14.5705
14.6882
14.814
14.9484
15.0924
15.2467
15.4123
15.5904
15.7821
15.9886
16.2116
16.4524
16.7131
16.9954
17.3016
17.634
17.9955
18.3887
18.8172
19.2843
19.794
20.3506
20.9588
21.6238
22.3512
23.1469
24.0176
24.9703
26.0123
27.1518
28.397
29.7567
31.24
32.8561
34.6144
36.5244
38.5951
40.8353
43.2533
45.8565
48.6514
51.6431
54.8362
58.2345
61.8404
65.6552
69.6866
73.9451
78.4452
83.2178
88.4208
94.2115
100.904
14.1368
14.1355
14.1337
14.1315
14.1289
14.1257
14.1221
14.1179
14.1133
14.1081
14.1025
14.0964
14.0897
14.0827
14.0752
14.0672
14.0589
14.0503
14.0413
14.032
14.0225
14.0128
14.0029
13.9929
13.9829
13.9728
13.9628
13.9528
13.943
13.9334
13.9241
13.9151
13.9064
13.8982
13.8904
13.8832
13.8766
13.8707
13.8655
13.8611
13.8575
13.8548
13.8531
13.8524
13.8527
13.8542
13.8569
13.8609
13.8661
13.8727
13.8807
13.8902
13.9012
13.9137
13.9278
13.9435
13.9608
13.9799
14.0006
14.0231
14.0474
14.0734
14.1012
14.1309
14.1623
14.1955
14.2305
14.2673
14.3058
14.3461
14.3882
14.432
14.4775
14.5247
14.5735
14.624
14.676
14.7297
14.7848
14.8414
14.8996
14.9591
15.0201
15.0824
15.1462
15.2112
15.2776
15.3454
15.4144
15.4848
15.5565
15.6295
15.7039
15.7797
15.8569
15.9356
16.0159
16.0977
16.1812
16.2665
16.3537
16.4428
16.5342
16.6278
16.7238
16.8225
16.924
17.0286
17.1364
17.2479
17.3631
17.4826
17.6065
17.7352
17.8692
18.0089
18.1548
18.3073
18.4669
18.6344
18.8103
18.9953
19.1902
19.3958
19.6129
19.8426
20.0859
20.3439
20.6179
20.9093
21.2196
21.5503
21.9033
22.2805
22.684
23.1161
23.5794
24.0766
24.6108
25.1852
25.8035
26.4694
27.1873
27.9617
28.7974
29.6999
30.6748
31.7281
32.8662
34.0961
35.4248
36.8596
38.4084
40.0788
41.8787
43.8159
45.8979
48.1317
50.5239
53.0801
55.8045
58.7001
61.7681
65.0075
68.4148
71.9839
75.7059
79.5693
83.5602
87.6662
91.8749
96.1671
100.521
104.962
109.486
114.073
118.732
123.567
128.773
134.938
15.319
15.3325
15.3449
15.3563
15.3667
15.3763
15.3849
15.3927
15.3997
15.4061
15.4117
15.4168
15.4214
15.4256
15.4294
15.433
15.4363
15.4396
15.4428
15.4462
15.4497
15.4534
15.4575
15.462
15.4671
15.4728
15.4792
15.4864
15.4946
15.5038
15.5141
15.5257
15.5385
15.5529
15.5688
15.5863
15.6056
15.6268
15.6499
15.6752
15.7026
15.7323
15.7644
15.7991
15.8363
15.8762
15.9189
15.9645
16.0131
16.0647
16.1194
16.1773
16.2385
16.303
16.3708
16.4421
16.5168
16.5949
16.6766
16.7618
16.8505
16.9428
17.0385
17.1378
17.2406
17.3468
17.4564
17.5694
17.6858
17.8054
17.9283
18.0543
18.1834
18.3156
18.4507
18.5888
18.7297
18.8733
19.0197
19.1687
19.3203
19.4745
19.6312
19.7903
19.9519
20.116
20.2825
20.4514
20.6228
20.7967
20.9732
21.1523
21.3341
21.5188
21.7064
21.8972
22.0912
22.2888
22.4901
22.6953
22.9049
23.119
23.338
23.5624
23.7924
24.0286
24.2715
24.5215
24.7793
25.0454
25.3205
25.6054
25.9007
26.2074
26.5262
26.8581
27.2041
27.5653
27.9429
28.3379
28.7519
29.1861
29.6422
30.1216
30.6262
31.1577
31.7182
32.3098
32.9348
33.5956
34.2949
35.0354
35.8202
36.6524
37.5355
38.4731
39.4692
40.5279
41.6535
42.8507
44.1244
45.4796
46.9216
48.456
50.0884
51.8244
53.6698
55.6305
57.7118
59.9192
62.2576
64.7313
67.3441
70.0986
72.9965
76.0379
79.2215
82.5442
86.0006
89.583
93.2813
97.0828
100.972
104.93
108.936
112.966
116.995
120.999
124.956
128.87
132.739
136.516
140.159
143.638
146.937
150.056
153.025
156.001
159.233
163.742
17.2142
17.2412
17.267
17.2917
17.3156
17.3387
17.3611
17.383
17.4044
17.4256
17.4466
17.4677
17.489
17.5105
17.5325
17.5552
17.5787
17.6031
17.6287
17.6555
17.6838
17.7138
17.7455
17.7793
17.8153
17.8537
17.8946
17.9383
17.985
18.0349
18.0881
18.1449
18.2055
18.2701
18.3389
18.4122
18.49
18.5727
18.6604
18.7534
18.8519
18.956
19.066
19.182
19.3043
19.433
19.5683
19.7104
19.8593
20.0153
20.1785
20.3489
20.5268
20.7121
20.905
21.1055
21.3136
21.5295
21.753
21.9843
22.2231
22.4696
22.7237
22.9853
23.2542
23.5305
23.814
24.1045
24.402
24.7063
25.0173
25.3347
25.6584
25.9884
26.3243
26.6661
27.0137
27.3668
27.7253
28.0892
28.4583
28.8325
29.2118
29.5962
29.9855
30.3799
30.7793
31.1838
31.5936
32.0087
32.4294
32.8558
33.2882
33.727
34.1724
34.6248
35.0847
35.5526
36.029
36.5146
37.0099
37.5157
38.0327
38.5619
39.1039
39.6599
40.2308
40.8177
41.4218
42.0441
42.6862
43.3492
44.0346
44.744
45.4788
46.2408
47.0316
47.8532
48.7074
49.5961
50.5216
51.4859
52.4913
53.5402
54.635
55.7783
56.9728
58.2211
59.5262
60.891
62.3186
63.812
65.3745
67.0093
68.7198
70.5093
72.3812
74.3387
76.3852
78.5237
80.7572
83.0885
85.5199
88.0537
90.6912
93.4336
96.2811
99.2333
102.289
105.445
108.698
112.043
115.474
118.982
122.557
126.189
129.862
133.563
137.273
140.973
144.642
148.258
151.795
155.229
158.534
161.682
164.648
167.443
170.057
172.451
174.599
176.478
178.072
179.368
180.363
181.076
181.552
182.004
182.72
185.359
20.2445
20.2903
20.3359
20.3816
20.4274
20.4737
20.5208
20.5688
20.6181
20.669
20.7218
20.7767
20.8341
20.8942
20.9575
21.0243
21.0948
21.1694
21.2485
21.3324
21.4215
21.5162
21.6169
21.724
21.8378
21.9588
22.0874
22.2241
22.3693
22.5234
22.6869
22.8603
23.0441
23.2387
23.4446
23.6623
23.8923
24.1351
24.3911
24.6609
24.9449
25.2436
25.5574
25.8867
26.2321
26.5938
26.9723
27.3678
27.7808
28.2115
28.6601
29.1269
29.612
30.1155
30.6376
31.1783
31.7375
32.3152
32.9114
33.5257
34.1581
34.8083
35.476
36.1608
36.8624
37.5803
38.3141
39.0633
39.8275
40.606
41.3983
42.204
43.0223
43.8528
44.695
45.5482
46.4121
47.286
48.1695
49.0623
49.964
50.8742
51.7927
52.7192
53.6537
54.5961
55.5463
56.5044
57.4706
58.4451
59.4283
60.4205
61.4221
62.4338
63.4562
64.49
65.5361
66.5953
67.6687
68.7572
69.8621
70.9846
72.1258
73.2873
74.4704
75.6765
76.9073
78.1644
79.4494
80.7639
82.1098
83.4887
84.9025
86.353
87.842
89.3714
90.9429
92.5585
94.2199
95.929
97.6875
99.4971
101.36
103.276
105.249
107.28
109.369
111.518
113.728
116
118.336
120.735
123.198
125.725
128.316
130.971
133.689
136.47
139.31
142.209
145.164
148.172
151.229
154.331
157.473
160.649
163.852
167.075
170.308
173.542
176.765
179.967
183.133
186.25
189.301
192.27
195.139
197.889
200.501
202.953
205.225
207.296
209.144
210.749
212.092
213.154
213.919
214.378
214.527
214.358
213.867
213.068
211.972
210.572
208.873
206.906
204.725
202.569
200.738
201.763
25.45
25.5412
25.6362
25.7354
25.8393
25.9483
26.0632
26.1845
26.3127
26.4487
26.593
26.7463
26.9094
27.083
27.2678
27.4647
27.6744
27.8977
28.1356
28.389
28.6587
28.9457
29.2511
29.5758
29.921
30.2876
30.6769
31.0899
31.528
31.9922
32.4838
33.0041
33.5544
34.1359
34.7499
35.3977
36.0805
36.7998
37.5566
38.3521
39.1877
40.0642
40.9829
41.9446
42.9503
44.0006
45.0964
46.238
47.4259
48.6604
49.9416
51.2695
52.6437
54.064
55.5297
57.0402
58.5944
60.1914
61.8297
63.508
65.2247
66.978
68.766
70.5867
72.438
74.3178
76.2236
78.1534
80.1046
82.0749
84.062
86.0636
88.0774
90.1012
92.1329
94.1706
96.2124
98.2566
100.302
102.346
104.389
106.428
108.464
110.496
112.523
114.545
116.561
118.572
120.579
122.58
124.578
126.573
128.566
130.557
132.548
134.541
136.536
138.535
140.54
142.552
144.573
146.605
148.649
150.706
152.779
154.87
156.979
159.108
161.26
163.434
165.634
167.859
170.11
172.39
174.698
177.036
179.403
181.801
184.229
186.687
189.175
191.692
194.239
196.813
199.414
202.041
204.691
207.364
210.056
212.765
215.49
218.226
220.97
223.719
226.469
229.216
231.954
234.679
237.386
240.067
242.718
245.33
247.896
250.409
252.858
255.236
257.531
259.733
261.831
263.811
265.662
267.369
268.917
270.291
271.477
272.457
273.215
273.735
274.001
273.997
273.707
273.119
272.219
270.998
269.449
267.564
265.344
262.789
259.906
256.704
253.195
249.399
245.337
241.03
236.502
231.79
226.941
222.17
217.724
217.151
36.2646
36.5258
36.8047
37.1022
37.4198
37.7591
38.1218
38.5096
38.9241
39.3672
39.8407
40.3465
40.8866
41.463
42.078
42.7337
43.4325
44.1767
44.9689
45.8117
46.7077
47.6598
48.6707
49.7436
50.8813
52.0871
53.3639
54.7152
56.1439
57.6535
59.247
60.9278
62.6988
64.5632
66.5238
68.5833
70.7444
73.0093
75.3801
77.8585
80.446
83.1436
85.9518
88.8709
91.9005
95.0397
98.2872
101.641
105.098
108.656
112.311
116.059
119.894
123.812
127.806
131.871
135.999
140.184
144.418
148.694
153.003
157.338
161.69
166.053
170.418
174.777
179.124
183.451
187.75
192.017
196.246
200.43
204.564
208.646
212.67
216.633
220.533
224.368
228.137
231.837
235.469
239.032
242.528
245.956
249.319
252.617
255.852
259.028
262.146
265.208
268.219
271.18
274.094
276.965
279.796
282.59
285.35
288.079
290.78
293.455
296.108
298.741
301.355
303.954
306.538
309.11
311.672
314.223
316.766
319.3
321.826
324.345
326.855
329.357
331.849
334.33
336.799
339.254
341.694
344.115
346.516
348.893
351.243
353.562
355.847
358.094
360.297
362.454
364.558
366.604
368.587
370.501
372.339
374.096
375.765
377.338
378.809
380.169
381.41
382.525
383.503
384.337
385.015
385.529
385.867
386.019
385.974
385.719
385.243
384.533
383.577
382.362
380.875
379.103
377.035
374.659
371.963
368.939
365.577
361.871
357.818
353.416
348.667
343.574
338.146
332.393
326.332
319.982
313.364
306.504
299.429
292.168
284.751
277.208
269.566
261.862
254.117
246.525
239.144
236.922
68.4733
69.4651
70.5345
71.685
72.9222
74.2509
75.6752
77.1998
78.8291
80.568
82.4218
84.3955
86.4948
88.7253
91.0928
93.6035
96.2636
99.0793
102.057
105.204
108.526
112.03
115.722
119.609
123.697
127.992
132.5
137.226
142.175
147.351
152.758
158.398
164.274
170.387
176.736
183.321
190.139
197.187
204.459
211.949
219.65
227.552
235.644
243.914
252.348
260.932
269.65
278.483
287.415
296.424
305.493
314.599
323.722
332.842
341.936
350.985
359.968
368.865
377.657
386.327
394.856
403.231
411.436
419.458
427.286
434.91
442.323
449.517
456.486
463.229
469.742
476.025
482.079
487.905
493.507
498.889
504.055
509.013
513.767
518.326
522.698
526.889
530.91
534.768
538.471
542.03
545.451
548.744
551.916
554.976
557.931
560.789
563.556
566.238
568.842
571.373
573.835
576.234
578.572
580.853
583.081
585.256
587.38
589.456
591.482
593.46
595.388
597.267
599.093
600.866
602.583
604.241
605.836
607.367
608.827
610.213
611.52
612.743
613.876
614.914
615.851
616.679
617.393
617.985
618.448
618.775
618.958
618.989
618.859
618.561
618.086
617.425
616.568
615.507
614.232
612.735
611.005
609.033
606.809
604.323
601.564
598.522
595.188
591.551
587.601
583.328
578.723
573.775
568.476
562.817
556.791
550.39
543.609
536.444
528.892
520.951
512.624
503.914
494.83
485.382
475.584
465.453
455.012
444.286
433.304
422.1
410.709
399.17
387.524
375.809
364.066
352.33
340.634
329.001
317.451
305.993
294.6
283.386
272.107
266.575
82.2649
80.9416
79.7159
78.5859
77.5492
76.6038
75.7482
74.9812
74.3018
73.709
73.2022
72.7811
72.4452
72.1947
72.0294
71.9498
71.9562
72.0492
72.2295
72.4979
72.8553
73.3029
73.8419
74.4733
75.1985
76.0189
76.9358
77.9504
79.0642
80.2783
81.5938
83.0119
84.5332
86.1585
87.8882
89.7224
91.6609
93.7031
95.8482
98.0947
100.441
102.885
105.423
108.052
110.769
113.569
116.446
119.397
122.414
125.491
128.621
131.797
135.012
138.257
141.525
144.807
148.095
151.38
154.654
157.91
161.14
164.336
167.49
170.598
173.651
176.645
179.575
182.436
185.224
187.937
190.572
193.128
195.602
197.994
200.306
202.536
204.686
206.758
208.754
210.677
212.528
214.311
216.03
217.688
219.289
220.837
222.335
223.789
225.201
226.576
227.917
229.23
230.517
231.783
233.031
234.264
235.485
236.699
237.907
239.112
240.317
241.525
242.736
243.953
245.178
246.412
247.656
248.912
250.179
251.459
252.752
254.059
255.378
256.71
258.055
259.412
260.78
262.158
263.546
264.942
266.344
267.751
269.162
270.573
271.984
273.393
274.796
276.191
277.576
278.947
280.302
281.637
282.949
284.235
285.491
286.713
287.897
289.039
290.135
291.18
292.169
293.099
293.963
294.757
295.477
296.116
296.669
297.131
297.496
297.759
297.915
297.957
297.882
297.683
297.356
296.896
296.299
295.561
294.68
293.653
292.48
291.161
289.697
288.091
286.345
284.466
282.459
280.33
278.088
275.737
273.28
270.718
268.043
265.242
262.297
259.173
255.868
252.18
249.18
244.088
596.14
627.045
652.338
672.561
690.449
706.884
722.325
737.147
751.681
766.232
781.117
796.663
813.22
831.136
850.834
872.623
897.149
924.376
955.997
990.046
1033.28
1073.91
1143.28
1183.87
1364.85
306.856
314.759
322.393
328.714
334.027
338.594
342.592
346.168
349.455
352.575
355.653
358.813
362.186
365.898
370.087
374.867
380.394
386.718
394.126
402.389
412.474
422.901
437.798
451.741
481.037
246.525
249.966
253.727
257.009
259.722
261.937
263.738
265.213
266.446
267.521
268.523
269.538
270.653
271.953
273.521
275.431
277.759
280.545
283.885
287.721
292.326
297.302
303.763
310.54
321.482
224.984
226.478
228.358
230.08
231.47
232.517
233.257
233.745
234.041
234.212
234.324
234.447
234.649
234.997
235.553
236.373
237.505
238.977
240.829
243.037
245.69
248.646
252.247
256.271
261.489
216.923
217.332
218.055
218.746
219.236
219.484
219.5
219.319
218.987
218.557
218.087
217.635
217.26
217.016
216.957
217.123
217.551
218.258
219.26
220.54
222.116
223.925
226.032
228.492
231.004
215.323
215.028
214.947
214.873
214.668
214.287
213.728
213.012
212.177
211.267
210.333
209.425
208.596
207.894
207.361
207.033
206.936
207.08
207.468
208.081
208.903
209.898
211.007
212.383
213.301
217.38
216.564
215.87
215.185
214.406
213.492
212.438
211.258
209.984
208.655
207.314
206.008
204.783
203.682
202.741
201.992
201.45
201.124
201.004
201.072
201.288
201.632
201.967
202.502
202.318
221.698
220.447
219.248
218.047
216.769
215.384
213.886
212.287
210.614
208.902
207.189
205.519
203.931
202.465
201.153
200.019
199.078
198.329
197.759
197.346
197.034
196.814
196.494
196.325
195.288
227.462
225.814
224.169
222.508
220.78
218.965
217.058
215.072
213.029
210.961
208.902
206.891
204.965
203.159
201.499
200.008
198.694
197.554
196.567
195.712
194.92
194.188
193.283
192.493
190.748
234.133
232.094
230.03
227.942
225.796
223.578
221.288
218.938
216.549
214.147
211.764
209.436
207.193
205.068
203.083
201.256
199.59
198.082
196.705
195.436
194.196
192.989
191.548
190.195
187.838
241.311
238.869
236.392
233.89
231.342
228.74
226.086
223.392
220.676
217.962
215.278
212.654
210.118
207.696
205.408
203.267
201.273
199.419
197.675
196.017
194.358
192.706
190.769
188.897
186.004
248.666
245.798
242.898
239.983
237.039
234.063
231.059
228.038
225.014
222.009
219.047
216.152
213.347
210.655
208.089
205.66
203.364
201.19
199.105
197.085
195.035
192.969
190.573
188.226
184.862
255.905
252.577
249.236
245.899
242.559
239.215
235.871
232.536
229.224
225.951
222.736
219.597
216.554
213.621
210.809
208.122
205.554
203.091
200.696
198.345
195.937
193.492
190.677
187.899
184.127
262.745
258.921
255.114
251.342
247.601
243.89
240.215
236.582
233.003
229.487
226.047
222.697
219.449
216.311
213.289
210.382
207.579
204.864
202.196
199.551
196.825
194.039
190.853
187.692
183.575
268.887
264.534
260.24
256.02
251.873
247.8
243.805
239.892
236.068
232.338
228.708
225.184
221.771
218.471
215.282
212.199
209.205
206.282
203.385
200.492
197.492
194.414
190.909
187.421
183.024
273.999
269.095
264.302
259.63
255.081
250.656
246.358
242.189
238.151
234.244
230.463
226.809
223.279
219.866
216.562
213.354
210.222
207.143
204.07
200.98
197.761
194.445
190.682
186.927
182.32
277.682
272.231
266.948
261.838
256.906
252.155
247.585
243.195
238.985
234.947
231.066
227.335
223.745
220.278
216.918
213.646
210.436
207.261
204.073
200.846
197.47
193.979
190.025
186.072
181.328
279.332
273.384
267.668
262.18
256.931
251.922
247.15
242.61
238.296
234.189
230.273
226.531
222.95
219.497
216.152
212.886
209.668
206.467
203.232
199.938
196.476
192.879
188.812
184.735
179.931
278.122
271.804
265.778
260.035
254.588
249.437
244.577
239.998
235.686
231.619
227.771
224.116
220.627
217.27
214.018
210.837
207.687
204.534
201.325
198.032
194.549
190.91
186.795
182.652
177.853
273.048
266.555
260.411
254.603
249.142
244.026
239.249
234.795
230.644
226.766
223.13
219.699
216.436
213.3
210.252
207.254
204.266
201.251
198.152
194.941
191.515
187.905
183.814
179.67
174.936
263.084
256.681
250.684
245.077
239.866
235.044
230.6
226.51
222.746
219.273
216.05
213.033
210.174
207.425
204.739
202.071
199.374
196.609
193.729
190.702
187.431
183.944
179.97
175.912
171.324
247.342
241.317
235.76
230.657
226.005
221.789
217.986
214.562
211.477
208.684
206.133
203.769
201.538
199.384
197.251
195.09
192.848
190.484
187.946
185.22
182.212
178.951
175.194
171.313
166.955
225.377
219.977
215.119
210.794
206.993
203.69
200.849
198.419
196.34
194.549
192.977
191.559
190.226
188.916
187.567
186.121
184.526
182.738
180.704
178.412
175.786
172.862
169.429
165.82
161.78
197.539
192.912
188.902
185.517
182.748
180.569
178.931
177.767
176.993
176.519
176.249
176.093
175.964
175.783
175.481
174.994
174.265
173.251
171.902
170.206
168.097
165.632
162.635
159.4
155.766
165.219
161.394
158.237
155.781
154.035
152.989
152.601
152.799
153.483
154.532
155.816
157.203
158.571
159.814
160.84
161.574
161.953
161.932
161.465
160.541
159.108
157.234
154.791
152.035
148.899
130.857
127.771
125.349
123.649
122.712
122.561
123.19
124.555
126.568
129.096
131.979
135.038
138.097
140.997
143.603
145.812
147.542
148.739
149.359
149.394
148.806
147.664
145.898
143.727
141.182
97.5601
95.1244
93.2719
92.0762
91.6075
91.9322
93.1
95.1278
97.9839
101.577
105.753
110.306
115.006
119.62
123.942
127.806
131.089
133.709
135.613
136.787
137.208
136.946
135.979
134.501
132.637
68.5254
66.671
65.26
64.364
64.064
64.4547
65.6331
67.6855
70.6688
74.5861
79.362
84.8304
90.7461
96.8171
102.747
108.275
113.194
117.363
120.695
123.157
124.73
125.481
125.43
124.743
123.648
45.9007
44.5484
43.4877
42.7712
42.4673
42.6728
43.4965
45.0585
47.4875
50.899
55.3522
60.8071
67.1021
73.9593
81.0254
87.9337
94.361
100.06
104.869
108.704
111.534
113.405
114.374
114.573
114.322
29.8922
28.9796
28.2342
27.6874
27.3828
27.3817
27.7673
28.6502
30.1731
32.516
35.8546
40.3104
45.9053
52.508
59.8228
67.4435
74.9365
81.9156
88.0924
93.2849
97.4101
100.469
102.54
103.702
104.362
19.6252
19.0573
18.5729
18.1884
17.927
17.8218
17.9211
18.2958
19.0488
20.3268
22.3208
25.248
29.313
34.62
41.0794
48.4032
56.1534
63.8372
71.0177
77.3664
82.6972
86.9252
90.1178
92.2809
93.8872
13.567
13.2321
12.9335
12.6796
12.4818
12.356
12.326
12.428
12.7179
13.2836
14.2581
15.8312
18.2457
21.7522
26.5161
32.5211
39.5142
47.0367
54.5672
61.6288
67.8922
73.1395
77.3785
80.5175
83.0623
10.1639
9.96681
9.78293
9.61666
9.47377
9.36206
9.29266
9.28228
9.3573
9.56067
9.96306
10.6789
11.884
13.8209
16.7633
20.9257
26.3417
32.7866
39.8275
46.9342
53.6526
59.602
64.6854
68.6899
72.1058
8.27703
8.15526
8.03583
7.92153
7.81574
7.72268
7.64789
7.59923
7.58874
7.63599
7.77411
8.06005
8.59071
9.52276
11.0839
13.5478
17.1469
21.9427
27.7522
34.165
40.7096
46.8913
52.4907
57.1498
61.2981
7.19044
7.10793
7.02372
6.93933
6.85672
6.77832
6.70713
6.64697
6.60333
6.5848
6.60591
6.69218
6.8893
7.27818
7.99507
9.24632
11.2913
14.363
18.5503
23.6995
29.4745
35.3802
41.1088
46.1666
50.8766
6.59303
6.53161
6.46663
6.39897
6.32984
6.26089
6.19408
6.13151
6.07586
6.031
6.0033
6.00386
6.05299
6.18836
6.47906
7.0449
8.07156
9.79551
12.4381
16.0855
20.6398
25.753
31.134
36.2197
41.2043
6.32342
6.27152
6.21541
6.15555
6.09264
6.02788
5.96285
5.89906
5.838
5.78155
5.73257
5.69597
5.68064
5.70345
5.79696
6.0229
6.491
7.37184
8.8825
11.2132
14.4572
18.4753
23.1023
27.8112
32.7068
6.2736
6.22499
6.17181
6.11431
6.05286
5.9883
5.92247
5.8569
5.79241
5.72986
5.67053
5.6166
5.57196
5.54397
5.54711
5.61042
5.79121
6.19372
6.98173
8.35173
10.4823
13.3968
17.0865
21.1371
25.6483
6.3989
6.3503
6.29677
6.23838
6.17524
6.10784
6.03896
5.97116
5.90398
5.83753
5.77232
5.70936
5.65046
5.59889
5.56089
5.54911
5.58997
5.73772
6.09526
6.82274
8.1177
10.1009
12.879
16.1662
20.1274
6.69925
6.64874
6.59326
6.53285
6.46765
6.39839
6.32695
6.25521
6.18384
6.11296
6.04275
5.97365
5.90661
5.84326
5.78649
5.74177
5.72029
5.74608
5.87107
6.19734
6.89432
8.14082
10.124
12.6859
16.0602
7.21977
7.1654
7.10682
7.04406
6.97728
6.90692
6.83383
6.75911
6.68367
6.60811
6.53294
6.45873
6.38625
6.31671
6.25191
6.1948
6.15051
6.12918
6.15266
6.26968
6.58329
7.26339
8.54686
10.4513
13.2493
8.07069
8.00835
7.94392
7.87716
7.80811
7.73673
7.66315
7.58784
7.51139
7.4345
7.35795
7.28265
7.20974
7.14071
7.07754
7.02291
6.98062
6.95648
6.96041
7.01225
7.15534
7.48607
8.18939
9.45112
11.59
9.47906
9.39814
9.32034
9.24501
9.17189
9.10031
9.02976
8.96009
8.89149
8.82437
8.75948
8.69796
8.64139
8.59191
8.5524
8.52664
8.51955
8.53743
8.5883
8.68318
8.83741
9.08488
9.48707
10.214
11.5347
11.8977
11.7735
11.6677
11.578
11.5028
11.44
11.3877
11.3451
11.3116
11.2872
11.2725
11.2686
11.2774
11.3016
11.3454
11.4142
11.5152
11.6567
11.8476
12.0974
12.4096
12.7889
13.2218
13.7512
14.3811
16.4521
16.2613
16.1207
16.0256
15.974
15.9615
15.9851
16.043
16.134
16.257
16.4114
16.597
16.8142
17.0646
17.3507
17.6773
18.0507
18.4724
18.9456
19.4674
20.0159
20.5664
21.0948
21.5721
21.7467
25.8779
25.7001
25.5442
25.4964
25.5673
25.7471
26.0268
26.3977
26.8499
27.3717
27.9517
28.5761
29.2307
29.9036
30.577
31.2427
31.894
32.4856
32.9776
33.3439
33.5881
33.7241
33.73
33.639
33.1777
42.3278
42.2329
42.3301
42.5561
42.9197
43.4833
44.2011
45.0305
45.9263
46.8412
47.7468
48.5943
49.3295
49.9373
50.3587
50.5355
50.4331
50.0923
49.5663
48.906
48.1738
47.4109
46.6067
45.7836
44.7111
67.7559
67.7668
68.0383
68.5912
69.3432
70.1328
70.9271
71.6685
72.2855
72.706
72.8711
72.7413
72.2915
71.4766
70.3547
69.0038
67.4935
65.8961
64.3027
62.7484
61.2699
59.8997
58.6268
57.4498
56.1066
100.568
100.325
100.212
100.247
100.285
100.193
99.8728
99.2404
98.2465
96.8785
95.159
93.1468
90.9152
88.5344
86.0879
83.6728
81.3266
79.0926
77.0193
75.1433
73.4924
72.0909
70.9162
69.9454
68.7941
134.071
132.871
131.53
130.091
128.373
126.291
123.839
121.045
117.988
114.745
111.398
108.074
104.838
101.731
98.7974
96.0847
93.6261
91.4504
89.5865
88.0621
86.9004
86.1276
85.7142
85.6243
85.2199
162.261
159.736
156.689
153.279
149.419
145.2
140.764
136.243
131.85
127.641
123.667
119.986
116.639
113.648
111.033
108.811
107
105.623
104.705
104.28
104.384
105.064
106.298
108.062
109.202
183.409
179.422
174.516
169.168
163.503
157.878
152.476
147.401
142.767
138.633
135.023
131.949
129.413
127.416
125.96
125.058
124.733
125.02
125.97
127.65
130.136
133.537
137.853
143.151
147.193
199.31
193.7
187.071
180.437
174
168.047
162.765
158.234
154.485
151.514
149.3
147.818
147.054
147.007
147.693
149.149
151.437
154.643
158.879
164.291
171.042
179.371
189.322
201.269
210.69
213.878
206.703
198.911
191.729
185.503
180.408
176.495
173.733
172.06
171.41
171.734
173.003
175.219
178.419
182.673
188.089
194.819
203.054
213.034
225.055
239.437
256.669
276.857
301.208
320.607
233.164
224.515
216.028
209.474
204.91
202.204
201.204
201.746
203.693
206.948
211.47
217.272
224.425
233.058
243.362
255.59
270.063
287.176
307.397
331.292
359.439
392.771
431.518
478.74
517.259
267.827
258.055
250.289
246.621
246.187
248.414
252.94
259.473
267.821
277.901
289.74
303.469
319.313
337.598
358.747
383.285
411.848
445.192
484.179
529.836
583.142
645.682
718.581
807.459
886.695
302.956
300.79
294.01
287.248
282.45
280.158
280.035
281.654
284.685
288.891
294.119
300.302
307.44
315.593
324.878
335.458
347.551
361.435
377.465
396.053
417.792
443.352
473.891
510.323
562.508
)
;

boundaryField
{
    inlet
    {
        type            fixedValue;
        value           uniform 14.855;
    }
    outlet
    {
        type            zeroGradient;
    }
    upperWall
    {
        type            zeroGradient;
    }
    lowerWall
    {
        type            zeroGradient;
    }
    frontAndBack
    {
        type            empty;
    }
}


// ************************************************************************* //
