/*--------------------------------*- C++ -*----------------------------------*\
| =========                 |                                                 |
| \\      /  F ield         | OpenFOAM: The Open Source CFD Toolbox           |
|  \\    /   O peration     | Version:  dev                                   |
|   \\  /    A nd           | Web:      www.OpenFOAM.org                      |
|    \\/     M anipulation  |                                                 |
\*---------------------------------------------------------------------------*/
FoamFile
{
    version     2.0;
    format      ascii;
    class       vectorField;
    location    "constant/polyMesh";
    object      points;
}
// * * * * * * * * * * * * * * * * * * * * * * * * * * * * * * * * * * * * * //


3952
(
(0 0 0)
(0.006 0 0)
(0.012 0 0)
(0.018 0 0)
(0.024 0 0)
(0.03 0 0)
(0.036 0 0)
(0.042 0 0)
(0.048 0 0)
(0.054 0 0)
(0.06 0 0)
(0.066 0 0)
(0.072 0 0)
(0.078 0 0)
(0.084 0 0)
(0.09 0 0)
(0.096 0 0)
(0.102 0 0)
(0.108 0 0)
(0.114 0 0)
(0.12 0 0)
(0.126 0 0)
(0.132 0 0)
(0.138 0 0)
(0.144 0 0)
(0.15 0 0)
(0 0.01333333333 0)
(0.006 0.01333333333 0)
(0.012 0.01333333333 0)
(0.018 0.01333333333 0)
(0.024 0.01333333333 0)
(0.03 0.01333333333 0)
(0.036 0.01333333333 0)
(0.042 0.01333333333 0)
(0.048 0.01333333333 0)
(0.054 0.01333333333 0)
(0.06 0.01333333333 0)
(0.066 0.01333333333 0)
(0.072 0.01333333333 0)
(0.078 0.01333333333 0)
(0.084 0.01333333333 0)
(0.09 0.01333333333 0)
(0.096 0.01333333333 0)
(0.102 0.01333333333 0)
(0.108 0.01333333333 0)
(0.114 0.01333333333 0)
(0.12 0.01333333333 0)
(0.126 0.01333333333 0)
(0.132 0.01333333333 0)
(0.138 0.01333333333 0)
(0.144 0.01333333333 0)
(0.15 0.01333333333 0)
(0 0.02666666667 0)
(0.006 0.02666666667 0)
(0.012 0.02666666667 0)
(0.018 0.02666666667 0)
(0.024 0.02666666667 0)
(0.03 0.02666666667 0)
(0.036 0.02666666667 0)
(0.042 0.02666666667 0)
(0.048 0.02666666667 0)
(0.054 0.02666666667 0)
(0.06 0.02666666667 0)
(0.066 0.02666666667 0)
(0.072 0.02666666667 0)
(0.078 0.02666666667 0)
(0.084 0.02666666667 0)
(0.09 0.02666666667 0)
(0.096 0.02666666667 0)
(0.102 0.02666666667 0)
(0.108 0.02666666667 0)
(0.114 0.02666666667 0)
(0.12 0.02666666667 0)
(0.126 0.02666666667 0)
(0.132 0.02666666667 0)
(0.138 0.02666666667 0)
(0.144 0.02666666667 0)
(0.15 0.02666666667 0)
(0 0.04 0)
(0.006 0.04 0)
(0.012 0.04 0)
(0.018 0.04 0)
(0.024 0.04 0)
(0.03 0.04 0)
(0.036 0.04 0)
(0.042 0.04 0)
(0.048 0.04 0)
(0.054 0.04 0)
(0.06 0.04 0)
(0.066 0.04 0)
(0.072 0.04 0)
(0.078 0.04 0)
(0.084 0.04 0)
(0.09 0.04 0)
(0.096 0.04 0)
(0.102 0.04 0)
(0.108 0.04 0)
(0.114 0.04 0)
(0.12 0.04 0)
(0.126 0.04 0)
(0.132 0.04 0)
(0.138 0.04 0)
(0.144 0.04 0)
(0.15 0.04 0)
(0 0.05333333333 0)
(0.006 0.05333333333 0)
(0.012 0.05333333333 0)
(0.018 0.05333333333 0)
(0.024 0.05333333333 0)
(0.03 0.05333333333 0)
(0.036 0.05333333333 0)
(0.042 0.05333333333 0)
(0.048 0.05333333333 0)
(0.054 0.05333333333 0)
(0.06 0.05333333333 0)
(0.066 0.05333333333 0)
(0.072 0.05333333333 0)
(0.078 0.05333333333 0)
(0.084 0.05333333333 0)
(0.09 0.05333333333 0)
(0.096 0.05333333333 0)
(0.102 0.05333333333 0)
(0.108 0.05333333333 0)
(0.114 0.05333333333 0)
(0.12 0.05333333333 0)
(0.126 0.05333333333 0)
(0.132 0.05333333333 0)
(0.138 0.05333333333 0)
(0.144 0.05333333333 0)
(0.15 0.05333333333 0)
(0 0.06666666667 0)
(0.006 0.06666666667 0)
(0.012 0.06666666667 0)
(0.018 0.06666666667 0)
(0.024 0.06666666667 0)
(0.03 0.06666666667 0)
(0.036 0.06666666667 0)
(0.042 0.06666666667 0)
(0.048 0.06666666667 0)
(0.054 0.06666666667 0)
(0.06 0.06666666667 0)
(0.066 0.06666666667 0)
(0.072 0.06666666667 0)
(0.078 0.06666666667 0)
(0.084 0.06666666667 0)
(0.09 0.06666666667 0)
(0.096 0.06666666667 0)
(0.102 0.06666666667 0)
(0.108 0.06666666667 0)
(0.114 0.06666666667 0)
(0.12 0.06666666667 0)
(0.126 0.06666666667 0)
(0.132 0.06666666667 0)
(0.138 0.06666666667 0)
(0.144 0.06666666667 0)
(0.15 0.06666666667 0)
(0 0.08 0)
(0.006 0.08 0)
(0.012 0.08 0)
(0.018 0.08 0)
(0.024 0.08 0)
(0.03 0.08 0)
(0.036 0.08 0)
(0.042 0.08 0)
(0.048 0.08 0)
(0.054 0.08 0)
(0.06 0.08 0)
(0.066 0.08 0)
(0.072 0.08 0)
(0.078 0.08 0)
(0.084 0.08 0)
(0.09 0.08 0)
(0.096 0.08 0)
(0.102 0.08 0)
(0.108 0.08 0)
(0.114 0.08 0)
(0.12 0.08 0)
(0.126 0.08 0)
(0.132 0.08 0)
(0.138 0.08 0)
(0.144 0.08 0)
(0.15 0.08 0)
(0 0.09333333333 0)
(0.006 0.09333333333 0)
(0.012 0.09333333333 0)
(0.018 0.09333333333 0)
(0.024 0.09333333333 0)
(0.03 0.09333333333 0)
(0.036 0.09333333333 0)
(0.042 0.09333333333 0)
(0.048 0.09333333333 0)
(0.054 0.09333333333 0)
(0.06 0.09333333333 0)
(0.066 0.09333333333 0)
(0.072 0.09333333333 0)
(0.078 0.09333333333 0)
(0.084 0.09333333333 0)
(0.09 0.09333333333 0)
(0.096 0.09333333333 0)
(0.102 0.09333333333 0)
(0.108 0.09333333333 0)
(0.114 0.09333333333 0)
(0.12 0.09333333333 0)
(0.126 0.09333333333 0)
(0.132 0.09333333333 0)
(0.138 0.09333333333 0)
(0.144 0.09333333333 0)
(0.15 0.09333333333 0)
(0 0.1066666667 0)
(0.006 0.1066666667 0)
(0.012 0.1066666667 0)
(0.018 0.1066666667 0)
(0.024 0.1066666667 0)
(0.03 0.1066666667 0)
(0.036 0.1066666667 0)
(0.042 0.1066666667 0)
(0.048 0.1066666667 0)
(0.054 0.1066666667 0)
(0.06 0.1066666667 0)
(0.066 0.1066666667 0)
(0.072 0.1066666667 0)
(0.078 0.1066666667 0)
(0.084 0.1066666667 0)
(0.09 0.1066666667 0)
(0.096 0.1066666667 0)
(0.102 0.1066666667 0)
(0.108 0.1066666667 0)
(0.114 0.1066666667 0)
(0.12 0.1066666667 0)
(0.126 0.1066666667 0)
(0.132 0.1066666667 0)
(0.138 0.1066666667 0)
(0.144 0.1066666667 0)
(0.15 0.1066666667 0)
(0 0.12 0)
(0.006 0.12 0)
(0.012 0.12 0)
(0.018 0.12 0)
(0.024 0.12 0)
(0.03 0.12 0)
(0.036 0.12 0)
(0.042 0.12 0)
(0.048 0.12 0)
(0.054 0.12 0)
(0.06 0.12 0)
(0.066 0.12 0)
(0.072 0.12 0)
(0.078 0.12 0)
(0.084 0.12 0)
(0.09 0.12 0)
(0.096 0.12 0)
(0.102 0.12 0)
(0.108 0.12 0)
(0.114 0.12 0)
(0.12 0.12 0)
(0.126 0.12 0)
(0.132 0.12 0)
(0.138 0.12 0)
(0.144 0.12 0)
(0.15 0.12 0)
(0 0.1333333333 0)
(0.006 0.1333333333 0)
(0.012 0.1333333333 0)
(0.018 0.1333333333 0)
(0.024 0.1333333333 0)
(0.03 0.1333333333 0)
(0.036 0.1333333333 0)
(0.042 0.1333333333 0)
(0.048 0.1333333333 0)
(0.054 0.1333333333 0)
(0.06 0.1333333333 0)
(0.066 0.1333333333 0)
(0.072 0.1333333333 0)
(0.078 0.1333333333 0)
(0.084 0.1333333333 0)
(0.09 0.1333333333 0)
(0.096 0.1333333333 0)
(0.102 0.1333333333 0)
(0.108 0.1333333333 0)
(0.114 0.1333333333 0)
(0.12 0.1333333333 0)
(0.126 0.1333333333 0)
(0.132 0.1333333333 0)
(0.138 0.1333333333 0)
(0.144 0.1333333333 0)
(0.15 0.1333333333 0)
(0 0.1466666667 0)
(0.006 0.1466666667 0)
(0.012 0.1466666667 0)
(0.018 0.1466666667 0)
(0.024 0.1466666667 0)
(0.03 0.1466666667 0)
(0.036 0.1466666667 0)
(0.042 0.1466666667 0)
(0.048 0.1466666667 0)
(0.054 0.1466666667 0)
(0.06 0.1466666667 0)
(0.066 0.1466666667 0)
(0.072 0.1466666667 0)
(0.078 0.1466666667 0)
(0.084 0.1466666667 0)
(0.09 0.1466666667 0)
(0.096 0.1466666667 0)
(0.102 0.1466666667 0)
(0.108 0.1466666667 0)
(0.114 0.1466666667 0)
(0.12 0.1466666667 0)
(0.126 0.1466666667 0)
(0.132 0.1466666667 0)
(0.138 0.1466666667 0)
(0.144 0.1466666667 0)
(0.15 0.1466666667 0)
(0 0.16 0)
(0.006 0.16 0)
(0.012 0.16 0)
(0.018 0.16 0)
(0.024 0.16 0)
(0.03 0.16 0)
(0.036 0.16 0)
(0.042 0.16 0)
(0.048 0.16 0)
(0.054 0.16 0)
(0.06 0.16 0)
(0.066 0.16 0)
(0.072 0.16 0)
(0.078 0.16 0)
(0.084 0.16 0)
(0.09 0.16 0)
(0.096 0.16 0)
(0.102 0.16 0)
(0.108 0.16 0)
(0.114 0.16 0)
(0.12 0.16 0)
(0.126 0.16 0)
(0.132 0.16 0)
(0.138 0.16 0)
(0.144 0.16 0)
(0.15 0.16 0)
(0 0.1733333333 0)
(0.006 0.1733333333 0)
(0.012 0.1733333333 0)
(0.018 0.1733333333 0)
(0.024 0.1733333333 0)
(0.03 0.1733333333 0)
(0.036 0.1733333333 0)
(0.042 0.1733333333 0)
(0.048 0.1733333333 0)
(0.054 0.1733333333 0)
(0.06 0.1733333333 0)
(0.066 0.1733333333 0)
(0.072 0.1733333333 0)
(0.078 0.1733333333 0)
(0.084 0.1733333333 0)
(0.09 0.1733333333 0)
(0.096 0.1733333333 0)
(0.102 0.1733333333 0)
(0.108 0.1733333333 0)
(0.114 0.1733333333 0)
(0.12 0.1733333333 0)
(0.126 0.1733333333 0)
(0.132 0.1733333333 0)
(0.138 0.1733333333 0)
(0.144 0.1733333333 0)
(0.15 0.1733333333 0)
(0 0.1866666667 0)
(0.006 0.1866666667 0)
(0.012 0.1866666667 0)
(0.018 0.1866666667 0)
(0.024 0.1866666667 0)
(0.03 0.1866666667 0)
(0.036 0.1866666667 0)
(0.042 0.1866666667 0)
(0.048 0.1866666667 0)
(0.054 0.1866666667 0)
(0.06 0.1866666667 0)
(0.066 0.1866666667 0)
(0.072 0.1866666667 0)
(0.078 0.1866666667 0)
(0.084 0.1866666667 0)
(0.09 0.1866666667 0)
(0.096 0.1866666667 0)
(0.102 0.1866666667 0)
(0.108 0.1866666667 0)
(0.114 0.1866666667 0)
(0.12 0.1866666667 0)
(0.126 0.1866666667 0)
(0.132 0.1866666667 0)
(0.138 0.1866666667 0)
(0.144 0.1866666667 0)
(0.15 0.1866666667 0)
(0 0.2 0)
(0.006 0.2 0)
(0.012 0.2 0)
(0.018 0.2 0)
(0.024 0.2 0)
(0.03 0.2 0)
(0.036 0.2 0)
(0.042 0.2 0)
(0.048 0.2 0)
(0.054 0.2 0)
(0.06 0.2 0)
(0.066 0.2 0)
(0.072 0.2 0)
(0.078 0.2 0)
(0.084 0.2 0)
(0.09 0.2 0)
(0.096 0.2 0)
(0.102 0.2 0)
(0.108 0.2 0)
(0.114 0.2 0)
(0.12 0.2 0)
(0.126 0.2 0)
(0.132 0.2 0)
(0.138 0.2 0)
(0.144 0.2 0)
(0.15 0.2 0)
(0 0.2133333333 0)
(0.006 0.2133333333 0)
(0.012 0.2133333333 0)
(0.018 0.2133333333 0)
(0.024 0.2133333333 0)
(0.03 0.2133333333 0)
(0.036 0.2133333333 0)
(0.042 0.2133333333 0)
(0.048 0.2133333333 0)
(0.054 0.2133333333 0)
(0.06 0.2133333333 0)
(0.066 0.2133333333 0)
(0.072 0.2133333333 0)
(0.078 0.2133333333 0)
(0.084 0.2133333333 0)
(0.09 0.2133333333 0)
(0.096 0.2133333333 0)
(0.102 0.2133333333 0)
(0.108 0.2133333333 0)
(0.114 0.2133333333 0)
(0.12 0.2133333333 0)
(0.126 0.2133333333 0)
(0.132 0.2133333333 0)
(0.138 0.2133333333 0)
(0.144 0.2133333333 0)
(0.15 0.2133333333 0)
(0 0.2266666667 0)
(0.006 0.2266666667 0)
(0.012 0.2266666667 0)
(0.018 0.2266666667 0)
(0.024 0.2266666667 0)
(0.03 0.2266666667 0)
(0.036 0.2266666667 0)
(0.042 0.2266666667 0)
(0.048 0.2266666667 0)
(0.054 0.2266666667 0)
(0.06 0.2266666667 0)
(0.066 0.2266666667 0)
(0.072 0.2266666667 0)
(0.078 0.2266666667 0)
(0.084 0.2266666667 0)
(0.09 0.2266666667 0)
(0.096 0.2266666667 0)
(0.102 0.2266666667 0)
(0.108 0.2266666667 0)
(0.114 0.2266666667 0)
(0.12 0.2266666667 0)
(0.126 0.2266666667 0)
(0.132 0.2266666667 0)
(0.138 0.2266666667 0)
(0.144 0.2266666667 0)
(0.15 0.2266666667 0)
(0 0.24 0)
(0.006 0.24 0)
(0.012 0.24 0)
(0.018 0.24 0)
(0.024 0.24 0)
(0.03 0.24 0)
(0.036 0.24 0)
(0.042 0.24 0)
(0.048 0.24 0)
(0.054 0.24 0)
(0.06 0.24 0)
(0.066 0.24 0)
(0.072 0.24 0)
(0.078 0.24 0)
(0.084 0.24 0)
(0.09 0.24 0)
(0.096 0.24 0)
(0.102 0.24 0)
(0.108 0.24 0)
(0.114 0.24 0)
(0.12 0.24 0)
(0.126 0.24 0)
(0.132 0.24 0)
(0.138 0.24 0)
(0.144 0.24 0)
(0.15 0.24 0)
(0 0.2533333333 0)
(0.006 0.2533333333 0)
(0.012 0.2533333333 0)
(0.018 0.2533333333 0)
(0.024 0.2533333333 0)
(0.03 0.2533333333 0)
(0.036 0.2533333333 0)
(0.042 0.2533333333 0)
(0.048 0.2533333333 0)
(0.054 0.2533333333 0)
(0.06 0.2533333333 0)
(0.066 0.2533333333 0)
(0.072 0.2533333333 0)
(0.078 0.2533333333 0)
(0.084 0.2533333333 0)
(0.09 0.2533333333 0)
(0.096 0.2533333333 0)
(0.102 0.2533333333 0)
(0.108 0.2533333333 0)
(0.114 0.2533333333 0)
(0.12 0.2533333333 0)
(0.126 0.2533333333 0)
(0.132 0.2533333333 0)
(0.138 0.2533333333 0)
(0.144 0.2533333333 0)
(0.15 0.2533333333 0)
(0 0.2666666667 0)
(0.006 0.2666666667 0)
(0.012 0.2666666667 0)
(0.018 0.2666666667 0)
(0.024 0.2666666667 0)
(0.03 0.2666666667 0)
(0.036 0.2666666667 0)
(0.042 0.2666666667 0)
(0.048 0.2666666667 0)
(0.054 0.2666666667 0)
(0.06 0.2666666667 0)
(0.066 0.2666666667 0)
(0.072 0.2666666667 0)
(0.078 0.2666666667 0)
(0.084 0.2666666667 0)
(0.09 0.2666666667 0)
(0.096 0.2666666667 0)
(0.102 0.2666666667 0)
(0.108 0.2666666667 0)
(0.114 0.2666666667 0)
(0.12 0.2666666667 0)
(0.126 0.2666666667 0)
(0.132 0.2666666667 0)
(0.138 0.2666666667 0)
(0.144 0.2666666667 0)
(0.15 0.2666666667 0)
(0 0.28 0)
(0.006 0.28 0)
(0.012 0.28 0)
(0.018 0.28 0)
(0.024 0.28 0)
(0.03 0.28 0)
(0.036 0.28 0)
(0.042 0.28 0)
(0.048 0.28 0)
(0.054 0.28 0)
(0.06 0.28 0)
(0.066 0.28 0)
(0.072 0.28 0)
(0.078 0.28 0)
(0.084 0.28 0)
(0.09 0.28 0)
(0.096 0.28 0)
(0.102 0.28 0)
(0.108 0.28 0)
(0.114 0.28 0)
(0.12 0.28 0)
(0.126 0.28 0)
(0.132 0.28 0)
(0.138 0.28 0)
(0.144 0.28 0)
(0.15 0.28 0)
(0 0.2933333333 0)
(0.006 0.2933333333 0)
(0.012 0.2933333333 0)
(0.018 0.2933333333 0)
(0.024 0.2933333333 0)
(0.03 0.2933333333 0)
(0.036 0.2933333333 0)
(0.042 0.2933333333 0)
(0.048 0.2933333333 0)
(0.054 0.2933333333 0)
(0.06 0.2933333333 0)
(0.066 0.2933333333 0)
(0.072 0.2933333333 0)
(0.078 0.2933333333 0)
(0.084 0.2933333333 0)
(0.09 0.2933333333 0)
(0.096 0.2933333333 0)
(0.102 0.2933333333 0)
(0.108 0.2933333333 0)
(0.114 0.2933333333 0)
(0.12 0.2933333333 0)
(0.126 0.2933333333 0)
(0.132 0.2933333333 0)
(0.138 0.2933333333 0)
(0.144 0.2933333333 0)
(0.15 0.2933333333 0)
(0 0.3066666667 0)
(0.006 0.3066666667 0)
(0.012 0.3066666667 0)
(0.018 0.3066666667 0)
(0.024 0.3066666667 0)
(0.03 0.3066666667 0)
(0.036 0.3066666667 0)
(0.042 0.3066666667 0)
(0.048 0.3066666667 0)
(0.054 0.3066666667 0)
(0.06 0.3066666667 0)
(0.066 0.3066666667 0)
(0.072 0.3066666667 0)
(0.078 0.3066666667 0)
(0.084 0.3066666667 0)
(0.09 0.3066666667 0)
(0.096 0.3066666667 0)
(0.102 0.3066666667 0)
(0.108 0.3066666667 0)
(0.114 0.3066666667 0)
(0.12 0.3066666667 0)
(0.126 0.3066666667 0)
(0.132 0.3066666667 0)
(0.138 0.3066666667 0)
(0.144 0.3066666667 0)
(0.15 0.3066666667 0)
(0 0.32 0)
(0.006 0.32 0)
(0.012 0.32 0)
(0.018 0.32 0)
(0.024 0.32 0)
(0.03 0.32 0)
(0.036 0.32 0)
(0.042 0.32 0)
(0.048 0.32 0)
(0.054 0.32 0)
(0.06 0.32 0)
(0.066 0.32 0)
(0.072 0.32 0)
(0.078 0.32 0)
(0.084 0.32 0)
(0.09 0.32 0)
(0.096 0.32 0)
(0.102 0.32 0)
(0.108 0.32 0)
(0.114 0.32 0)
(0.12 0.32 0)
(0.126 0.32 0)
(0.132 0.32 0)
(0.138 0.32 0)
(0.144 0.32 0)
(0.15 0.32 0)
(0 0.3333333333 0)
(0.006 0.3333333333 0)
(0.012 0.3333333333 0)
(0.018 0.3333333333 0)
(0.024 0.3333333333 0)
(0.03 0.3333333333 0)
(0.036 0.3333333333 0)
(0.042 0.3333333333 0)
(0.048 0.3333333333 0)
(0.054 0.3333333333 0)
(0.06 0.3333333333 0)
(0.066 0.3333333333 0)
(0.072 0.3333333333 0)
(0.078 0.3333333333 0)
(0.084 0.3333333333 0)
(0.09 0.3333333333 0)
(0.096 0.3333333333 0)
(0.102 0.3333333333 0)
(0.108 0.3333333333 0)
(0.114 0.3333333333 0)
(0.12 0.3333333333 0)
(0.126 0.3333333333 0)
(0.132 0.3333333333 0)
(0.138 0.3333333333 0)
(0.144 0.3333333333 0)
(0.15 0.3333333333 0)
(0 0.3466666667 0)
(0.006 0.3466666667 0)
(0.012 0.3466666667 0)
(0.018 0.3466666667 0)
(0.024 0.3466666667 0)
(0.03 0.3466666667 0)
(0.036 0.3466666667 0)
(0.042 0.3466666667 0)
(0.048 0.3466666667 0)
(0.054 0.3466666667 0)
(0.06 0.3466666667 0)
(0.066 0.3466666667 0)
(0.072 0.3466666667 0)
(0.078 0.3466666667 0)
(0.084 0.3466666667 0)
(0.09 0.3466666667 0)
(0.096 0.3466666667 0)
(0.102 0.3466666667 0)
(0.108 0.3466666667 0)
(0.114 0.3466666667 0)
(0.12 0.3466666667 0)
(0.126 0.3466666667 0)
(0.132 0.3466666667 0)
(0.138 0.3466666667 0)
(0.144 0.3466666667 0)
(0.15 0.3466666667 0)
(0 0.36 0)
(0.006 0.36 0)
(0.012 0.36 0)
(0.018 0.36 0)
(0.024 0.36 0)
(0.03 0.36 0)
(0.036 0.36 0)
(0.042 0.36 0)
(0.048 0.36 0)
(0.054 0.36 0)
(0.06 0.36 0)
(0.066 0.36 0)
(0.072 0.36 0)
(0.078 0.36 0)
(0.084 0.36 0)
(0.09 0.36 0)
(0.096 0.36 0)
(0.102 0.36 0)
(0.108 0.36 0)
(0.114 0.36 0)
(0.12 0.36 0)
(0.126 0.36 0)
(0.132 0.36 0)
(0.138 0.36 0)
(0.144 0.36 0)
(0.15 0.36 0)
(0 0.3733333333 0)
(0.006 0.3733333333 0)
(0.012 0.3733333333 0)
(0.018 0.3733333333 0)
(0.024 0.3733333333 0)
(0.03 0.3733333333 0)
(0.036 0.3733333333 0)
(0.042 0.3733333333 0)
(0.048 0.3733333333 0)
(0.054 0.3733333333 0)
(0.06 0.3733333333 0)
(0.066 0.3733333333 0)
(0.072 0.3733333333 0)
(0.078 0.3733333333 0)
(0.084 0.3733333333 0)
(0.09 0.3733333333 0)
(0.096 0.3733333333 0)
(0.102 0.3733333333 0)
(0.108 0.3733333333 0)
(0.114 0.3733333333 0)
(0.12 0.3733333333 0)
(0.126 0.3733333333 0)
(0.132 0.3733333333 0)
(0.138 0.3733333333 0)
(0.144 0.3733333333 0)
(0.15 0.3733333333 0)
(0 0.3866666667 0)
(0.006 0.3866666667 0)
(0.012 0.3866666667 0)
(0.018 0.3866666667 0)
(0.024 0.3866666667 0)
(0.03 0.3866666667 0)
(0.036 0.3866666667 0)
(0.042 0.3866666667 0)
(0.048 0.3866666667 0)
(0.054 0.3866666667 0)
(0.06 0.3866666667 0)
(0.066 0.3866666667 0)
(0.072 0.3866666667 0)
(0.078 0.3866666667 0)
(0.084 0.3866666667 0)
(0.09 0.3866666667 0)
(0.096 0.3866666667 0)
(0.102 0.3866666667 0)
(0.108 0.3866666667 0)
(0.114 0.3866666667 0)
(0.12 0.3866666667 0)
(0.126 0.3866666667 0)
(0.132 0.3866666667 0)
(0.138 0.3866666667 0)
(0.144 0.3866666667 0)
(0.15 0.3866666667 0)
(0 0.4 0)
(0.006 0.4 0)
(0.012 0.4 0)
(0.018 0.4 0)
(0.024 0.4 0)
(0.03 0.4 0)
(0.036 0.4 0)
(0.042 0.4 0)
(0.048 0.4 0)
(0.054 0.4 0)
(0.06 0.4 0)
(0.066 0.4 0)
(0.072 0.4 0)
(0.078 0.4 0)
(0.084 0.4 0)
(0.09 0.4 0)
(0.096 0.4 0)
(0.102 0.4 0)
(0.108 0.4 0)
(0.114 0.4 0)
(0.12 0.4 0)
(0.126 0.4 0)
(0.132 0.4 0)
(0.138 0.4 0)
(0.144 0.4 0)
(0.15 0.4 0)
(0 0.4133333333 0)
(0.006 0.4133333333 0)
(0.012 0.4133333333 0)
(0.018 0.4133333333 0)
(0.024 0.4133333333 0)
(0.03 0.4133333333 0)
(0.036 0.4133333333 0)
(0.042 0.4133333333 0)
(0.048 0.4133333333 0)
(0.054 0.4133333333 0)
(0.06 0.4133333333 0)
(0.066 0.4133333333 0)
(0.072 0.4133333333 0)
(0.078 0.4133333333 0)
(0.084 0.4133333333 0)
(0.09 0.4133333333 0)
(0.096 0.4133333333 0)
(0.102 0.4133333333 0)
(0.108 0.4133333333 0)
(0.114 0.4133333333 0)
(0.12 0.4133333333 0)
(0.126 0.4133333333 0)
(0.132 0.4133333333 0)
(0.138 0.4133333333 0)
(0.144 0.4133333333 0)
(0.15 0.4133333333 0)
(0 0.4266666667 0)
(0.006 0.4266666667 0)
(0.012 0.4266666667 0)
(0.018 0.4266666667 0)
(0.024 0.4266666667 0)
(0.03 0.4266666667 0)
(0.036 0.4266666667 0)
(0.042 0.4266666667 0)
(0.048 0.4266666667 0)
(0.054 0.4266666667 0)
(0.06 0.4266666667 0)
(0.066 0.4266666667 0)
(0.072 0.4266666667 0)
(0.078 0.4266666667 0)
(0.084 0.4266666667 0)
(0.09 0.4266666667 0)
(0.096 0.4266666667 0)
(0.102 0.4266666667 0)
(0.108 0.4266666667 0)
(0.114 0.4266666667 0)
(0.12 0.4266666667 0)
(0.126 0.4266666667 0)
(0.132 0.4266666667 0)
(0.138 0.4266666667 0)
(0.144 0.4266666667 0)
(0.15 0.4266666667 0)
(0 0.44 0)
(0.006 0.44 0)
(0.012 0.44 0)
(0.018 0.44 0)
(0.024 0.44 0)
(0.03 0.44 0)
(0.036 0.44 0)
(0.042 0.44 0)
(0.048 0.44 0)
(0.054 0.44 0)
(0.06 0.44 0)
(0.066 0.44 0)
(0.072 0.44 0)
(0.078 0.44 0)
(0.084 0.44 0)
(0.09 0.44 0)
(0.096 0.44 0)
(0.102 0.44 0)
(0.108 0.44 0)
(0.114 0.44 0)
(0.12 0.44 0)
(0.126 0.44 0)
(0.132 0.44 0)
(0.138 0.44 0)
(0.144 0.44 0)
(0.15 0.44 0)
(0 0.4533333333 0)
(0.006 0.4533333333 0)
(0.012 0.4533333333 0)
(0.018 0.4533333333 0)
(0.024 0.4533333333 0)
(0.03 0.4533333333 0)
(0.036 0.4533333333 0)
(0.042 0.4533333333 0)
(0.048 0.4533333333 0)
(0.054 0.4533333333 0)
(0.06 0.4533333333 0)
(0.066 0.4533333333 0)
(0.072 0.4533333333 0)
(0.078 0.4533333333 0)
(0.084 0.4533333333 0)
(0.09 0.4533333333 0)
(0.096 0.4533333333 0)
(0.102 0.4533333333 0)
(0.108 0.4533333333 0)
(0.114 0.4533333333 0)
(0.12 0.4533333333 0)
(0.126 0.4533333333 0)
(0.132 0.4533333333 0)
(0.138 0.4533333333 0)
(0.144 0.4533333333 0)
(0.15 0.4533333333 0)
(0 0.4666666667 0)
(0.006 0.4666666667 0)
(0.012 0.4666666667 0)
(0.018 0.4666666667 0)
(0.024 0.4666666667 0)
(0.03 0.4666666667 0)
(0.036 0.4666666667 0)
(0.042 0.4666666667 0)
(0.048 0.4666666667 0)
(0.054 0.4666666667 0)
(0.06 0.4666666667 0)
(0.066 0.4666666667 0)
(0.072 0.4666666667 0)
(0.078 0.4666666667 0)
(0.084 0.4666666667 0)
(0.09 0.4666666667 0)
(0.096 0.4666666667 0)
(0.102 0.4666666667 0)
(0.108 0.4666666667 0)
(0.114 0.4666666667 0)
(0.12 0.4666666667 0)
(0.126 0.4666666667 0)
(0.132 0.4666666667 0)
(0.138 0.4666666667 0)
(0.144 0.4666666667 0)
(0.15 0.4666666667 0)
(0 0.48 0)
(0.006 0.48 0)
(0.012 0.48 0)
(0.018 0.48 0)
(0.024 0.48 0)
(0.03 0.48 0)
(0.036 0.48 0)
(0.042 0.48 0)
(0.048 0.48 0)
(0.054 0.48 0)
(0.06 0.48 0)
(0.066 0.48 0)
(0.072 0.48 0)
(0.078 0.48 0)
(0.084 0.48 0)
(0.09 0.48 0)
(0.096 0.48 0)
(0.102 0.48 0)
(0.108 0.48 0)
(0.114 0.48 0)
(0.12 0.48 0)
(0.126 0.48 0)
(0.132 0.48 0)
(0.138 0.48 0)
(0.144 0.48 0)
(0.15 0.48 0)
(0 0.4933333333 0)
(0.006 0.4933333333 0)
(0.012 0.4933333333 0)
(0.018 0.4933333333 0)
(0.024 0.4933333333 0)
(0.03 0.4933333333 0)
(0.036 0.4933333333 0)
(0.042 0.4933333333 0)
(0.048 0.4933333333 0)
(0.054 0.4933333333 0)
(0.06 0.4933333333 0)
(0.066 0.4933333333 0)
(0.072 0.4933333333 0)
(0.078 0.4933333333 0)
(0.084 0.4933333333 0)
(0.09 0.4933333333 0)
(0.096 0.4933333333 0)
(0.102 0.4933333333 0)
(0.108 0.4933333333 0)
(0.114 0.4933333333 0)
(0.12 0.4933333333 0)
(0.126 0.4933333333 0)
(0.132 0.4933333333 0)
(0.138 0.4933333333 0)
(0.144 0.4933333333 0)
(0.15 0.4933333333 0)
(0 0.5066666667 0)
(0.006 0.5066666667 0)
(0.012 0.5066666667 0)
(0.018 0.5066666667 0)
(0.024 0.5066666667 0)
(0.03 0.5066666667 0)
(0.036 0.5066666667 0)
(0.042 0.5066666667 0)
(0.048 0.5066666667 0)
(0.054 0.5066666667 0)
(0.06 0.5066666667 0)
(0.066 0.5066666667 0)
(0.072 0.5066666667 0)
(0.078 0.5066666667 0)
(0.084 0.5066666667 0)
(0.09 0.5066666667 0)
(0.096 0.5066666667 0)
(0.102 0.5066666667 0)
(0.108 0.5066666667 0)
(0.114 0.5066666667 0)
(0.12 0.5066666667 0)
(0.126 0.5066666667 0)
(0.132 0.5066666667 0)
(0.138 0.5066666667 0)
(0.144 0.5066666667 0)
(0.15 0.5066666667 0)
(0 0.52 0)
(0.006 0.52 0)
(0.012 0.52 0)
(0.018 0.52 0)
(0.024 0.52 0)
(0.03 0.52 0)
(0.036 0.52 0)
(0.042 0.52 0)
(0.048 0.52 0)
(0.054 0.52 0)
(0.06 0.52 0)
(0.066 0.52 0)
(0.072 0.52 0)
(0.078 0.52 0)
(0.084 0.52 0)
(0.09 0.52 0)
(0.096 0.52 0)
(0.102 0.52 0)
(0.108 0.52 0)
(0.114 0.52 0)
(0.12 0.52 0)
(0.126 0.52 0)
(0.132 0.52 0)
(0.138 0.52 0)
(0.144 0.52 0)
(0.15 0.52 0)
(0 0.5333333333 0)
(0.006 0.5333333333 0)
(0.012 0.5333333333 0)
(0.018 0.5333333333 0)
(0.024 0.5333333333 0)
(0.03 0.5333333333 0)
(0.036 0.5333333333 0)
(0.042 0.5333333333 0)
(0.048 0.5333333333 0)
(0.054 0.5333333333 0)
(0.06 0.5333333333 0)
(0.066 0.5333333333 0)
(0.072 0.5333333333 0)
(0.078 0.5333333333 0)
(0.084 0.5333333333 0)
(0.09 0.5333333333 0)
(0.096 0.5333333333 0)
(0.102 0.5333333333 0)
(0.108 0.5333333333 0)
(0.114 0.5333333333 0)
(0.12 0.5333333333 0)
(0.126 0.5333333333 0)
(0.132 0.5333333333 0)
(0.138 0.5333333333 0)
(0.144 0.5333333333 0)
(0.15 0.5333333333 0)
(0 0.5466666667 0)
(0.006 0.5466666667 0)
(0.012 0.5466666667 0)
(0.018 0.5466666667 0)
(0.024 0.5466666667 0)
(0.03 0.5466666667 0)
(0.036 0.5466666667 0)
(0.042 0.5466666667 0)
(0.048 0.5466666667 0)
(0.054 0.5466666667 0)
(0.06 0.5466666667 0)
(0.066 0.5466666667 0)
(0.072 0.5466666667 0)
(0.078 0.5466666667 0)
(0.084 0.5466666667 0)
(0.09 0.5466666667 0)
(0.096 0.5466666667 0)
(0.102 0.5466666667 0)
(0.108 0.5466666667 0)
(0.114 0.5466666667 0)
(0.12 0.5466666667 0)
(0.126 0.5466666667 0)
(0.132 0.5466666667 0)
(0.138 0.5466666667 0)
(0.144 0.5466666667 0)
(0.15 0.5466666667 0)
(0 0.56 0)
(0.006 0.56 0)
(0.012 0.56 0)
(0.018 0.56 0)
(0.024 0.56 0)
(0.03 0.56 0)
(0.036 0.56 0)
(0.042 0.56 0)
(0.048 0.56 0)
(0.054 0.56 0)
(0.06 0.56 0)
(0.066 0.56 0)
(0.072 0.56 0)
(0.078 0.56 0)
(0.084 0.56 0)
(0.09 0.56 0)
(0.096 0.56 0)
(0.102 0.56 0)
(0.108 0.56 0)
(0.114 0.56 0)
(0.12 0.56 0)
(0.126 0.56 0)
(0.132 0.56 0)
(0.138 0.56 0)
(0.144 0.56 0)
(0.15 0.56 0)
(0 0.5733333333 0)
(0.006 0.5733333333 0)
(0.012 0.5733333333 0)
(0.018 0.5733333333 0)
(0.024 0.5733333333 0)
(0.03 0.5733333333 0)
(0.036 0.5733333333 0)
(0.042 0.5733333333 0)
(0.048 0.5733333333 0)
(0.054 0.5733333333 0)
(0.06 0.5733333333 0)
(0.066 0.5733333333 0)
(0.072 0.5733333333 0)
(0.078 0.5733333333 0)
(0.084 0.5733333333 0)
(0.09 0.5733333333 0)
(0.096 0.5733333333 0)
(0.102 0.5733333333 0)
(0.108 0.5733333333 0)
(0.114 0.5733333333 0)
(0.12 0.5733333333 0)
(0.126 0.5733333333 0)
(0.132 0.5733333333 0)
(0.138 0.5733333333 0)
(0.144 0.5733333333 0)
(0.15 0.5733333333 0)
(0 0.5866666667 0)
(0.006 0.5866666667 0)
(0.012 0.5866666667 0)
(0.018 0.5866666667 0)
(0.024 0.5866666667 0)
(0.03 0.5866666667 0)
(0.036 0.5866666667 0)
(0.042 0.5866666667 0)
(0.048 0.5866666667 0)
(0.054 0.5866666667 0)
(0.06 0.5866666667 0)
(0.066 0.5866666667 0)
(0.072 0.5866666667 0)
(0.078 0.5866666667 0)
(0.084 0.5866666667 0)
(0.09 0.5866666667 0)
(0.096 0.5866666667 0)
(0.102 0.5866666667 0)
(0.108 0.5866666667 0)
(0.114 0.5866666667 0)
(0.12 0.5866666667 0)
(0.126 0.5866666667 0)
(0.132 0.5866666667 0)
(0.138 0.5866666667 0)
(0.144 0.5866666667 0)
(0.15 0.5866666667 0)
(0 0.6 0)
(0.006 0.6 0)
(0.012 0.6 0)
(0.018 0.6 0)
(0.024 0.6 0)
(0.03 0.6 0)
(0.036 0.6 0)
(0.042 0.6 0)
(0.048 0.6 0)
(0.054 0.6 0)
(0.06 0.6 0)
(0.066 0.6 0)
(0.072 0.6 0)
(0.078 0.6 0)
(0.084 0.6 0)
(0.09 0.6 0)
(0.096 0.6 0)
(0.102 0.6 0)
(0.108 0.6 0)
(0.114 0.6 0)
(0.12 0.6 0)
(0.126 0.6 0)
(0.132 0.6 0)
(0.138 0.6 0)
(0.144 0.6 0)
(0.15 0.6 0)
(0 0.6133333333 0)
(0.006 0.6133333333 0)
(0.012 0.6133333333 0)
(0.018 0.6133333333 0)
(0.024 0.6133333333 0)
(0.03 0.6133333333 0)
(0.036 0.6133333333 0)
(0.042 0.6133333333 0)
(0.048 0.6133333333 0)
(0.054 0.6133333333 0)
(0.06 0.6133333333 0)
(0.066 0.6133333333 0)
(0.072 0.6133333333 0)
(0.078 0.6133333333 0)
(0.084 0.6133333333 0)
(0.09 0.6133333333 0)
(0.096 0.6133333333 0)
(0.102 0.6133333333 0)
(0.108 0.6133333333 0)
(0.114 0.6133333333 0)
(0.12 0.6133333333 0)
(0.126 0.6133333333 0)
(0.132 0.6133333333 0)
(0.138 0.6133333333 0)
(0.144 0.6133333333 0)
(0.15 0.6133333333 0)
(0 0.6266666667 0)
(0.006 0.6266666667 0)
(0.012 0.6266666667 0)
(0.018 0.6266666667 0)
(0.024 0.6266666667 0)
(0.03 0.6266666667 0)
(0.036 0.6266666667 0)
(0.042 0.6266666667 0)
(0.048 0.6266666667 0)
(0.054 0.6266666667 0)
(0.06 0.6266666667 0)
(0.066 0.6266666667 0)
(0.072 0.6266666667 0)
(0.078 0.6266666667 0)
(0.084 0.6266666667 0)
(0.09 0.6266666667 0)
(0.096 0.6266666667 0)
(0.102 0.6266666667 0)
(0.108 0.6266666667 0)
(0.114 0.6266666667 0)
(0.12 0.6266666667 0)
(0.126 0.6266666667 0)
(0.132 0.6266666667 0)
(0.138 0.6266666667 0)
(0.144 0.6266666667 0)
(0.15 0.6266666667 0)
(0 0.64 0)
(0.006 0.64 0)
(0.012 0.64 0)
(0.018 0.64 0)
(0.024 0.64 0)
(0.03 0.64 0)
(0.036 0.64 0)
(0.042 0.64 0)
(0.048 0.64 0)
(0.054 0.64 0)
(0.06 0.64 0)
(0.066 0.64 0)
(0.072 0.64 0)
(0.078 0.64 0)
(0.084 0.64 0)
(0.09 0.64 0)
(0.096 0.64 0)
(0.102 0.64 0)
(0.108 0.64 0)
(0.114 0.64 0)
(0.12 0.64 0)
(0.126 0.64 0)
(0.132 0.64 0)
(0.138 0.64 0)
(0.144 0.64 0)
(0.15 0.64 0)
(0 0.6533333333 0)
(0.006 0.6533333333 0)
(0.012 0.6533333333 0)
(0.018 0.6533333333 0)
(0.024 0.6533333333 0)
(0.03 0.6533333333 0)
(0.036 0.6533333333 0)
(0.042 0.6533333333 0)
(0.048 0.6533333333 0)
(0.054 0.6533333333 0)
(0.06 0.6533333333 0)
(0.066 0.6533333333 0)
(0.072 0.6533333333 0)
(0.078 0.6533333333 0)
(0.084 0.6533333333 0)
(0.09 0.6533333333 0)
(0.096 0.6533333333 0)
(0.102 0.6533333333 0)
(0.108 0.6533333333 0)
(0.114 0.6533333333 0)
(0.12 0.6533333333 0)
(0.126 0.6533333333 0)
(0.132 0.6533333333 0)
(0.138 0.6533333333 0)
(0.144 0.6533333333 0)
(0.15 0.6533333333 0)
(0 0.6666666667 0)
(0.006 0.6666666667 0)
(0.012 0.6666666667 0)
(0.018 0.6666666667 0)
(0.024 0.6666666667 0)
(0.03 0.6666666667 0)
(0.036 0.6666666667 0)
(0.042 0.6666666667 0)
(0.048 0.6666666667 0)
(0.054 0.6666666667 0)
(0.06 0.6666666667 0)
(0.066 0.6666666667 0)
(0.072 0.6666666667 0)
(0.078 0.6666666667 0)
(0.084 0.6666666667 0)
(0.09 0.6666666667 0)
(0.096 0.6666666667 0)
(0.102 0.6666666667 0)
(0.108 0.6666666667 0)
(0.114 0.6666666667 0)
(0.12 0.6666666667 0)
(0.126 0.6666666667 0)
(0.132 0.6666666667 0)
(0.138 0.6666666667 0)
(0.144 0.6666666667 0)
(0.15 0.6666666667 0)
(0 0.68 0)
(0.006 0.68 0)
(0.012 0.68 0)
(0.018 0.68 0)
(0.024 0.68 0)
(0.03 0.68 0)
(0.036 0.68 0)
(0.042 0.68 0)
(0.048 0.68 0)
(0.054 0.68 0)
(0.06 0.68 0)
(0.066 0.68 0)
(0.072 0.68 0)
(0.078 0.68 0)
(0.084 0.68 0)
(0.09 0.68 0)
(0.096 0.68 0)
(0.102 0.68 0)
(0.108 0.68 0)
(0.114 0.68 0)
(0.12 0.68 0)
(0.126 0.68 0)
(0.132 0.68 0)
(0.138 0.68 0)
(0.144 0.68 0)
(0.15 0.68 0)
(0 0.6933333333 0)
(0.006 0.6933333333 0)
(0.012 0.6933333333 0)
(0.018 0.6933333333 0)
(0.024 0.6933333333 0)
(0.03 0.6933333333 0)
(0.036 0.6933333333 0)
(0.042 0.6933333333 0)
(0.048 0.6933333333 0)
(0.054 0.6933333333 0)
(0.06 0.6933333333 0)
(0.066 0.6933333333 0)
(0.072 0.6933333333 0)
(0.078 0.6933333333 0)
(0.084 0.6933333333 0)
(0.09 0.6933333333 0)
(0.096 0.6933333333 0)
(0.102 0.6933333333 0)
(0.108 0.6933333333 0)
(0.114 0.6933333333 0)
(0.12 0.6933333333 0)
(0.126 0.6933333333 0)
(0.132 0.6933333333 0)
(0.138 0.6933333333 0)
(0.144 0.6933333333 0)
(0.15 0.6933333333 0)
(0 0.7066666667 0)
(0.006 0.7066666667 0)
(0.012 0.7066666667 0)
(0.018 0.7066666667 0)
(0.024 0.7066666667 0)
(0.03 0.7066666667 0)
(0.036 0.7066666667 0)
(0.042 0.7066666667 0)
(0.048 0.7066666667 0)
(0.054 0.7066666667 0)
(0.06 0.7066666667 0)
(0.066 0.7066666667 0)
(0.072 0.7066666667 0)
(0.078 0.7066666667 0)
(0.084 0.7066666667 0)
(0.09 0.7066666667 0)
(0.096 0.7066666667 0)
(0.102 0.7066666667 0)
(0.108 0.7066666667 0)
(0.114 0.7066666667 0)
(0.12 0.7066666667 0)
(0.126 0.7066666667 0)
(0.132 0.7066666667 0)
(0.138 0.7066666667 0)
(0.144 0.7066666667 0)
(0.15 0.7066666667 0)
(0 0.72 0)
(0.006 0.72 0)
(0.012 0.72 0)
(0.018 0.72 0)
(0.024 0.72 0)
(0.03 0.72 0)
(0.036 0.72 0)
(0.042 0.72 0)
(0.048 0.72 0)
(0.054 0.72 0)
(0.06 0.72 0)
(0.066 0.72 0)
(0.072 0.72 0)
(0.078 0.72 0)
(0.084 0.72 0)
(0.09 0.72 0)
(0.096 0.72 0)
(0.102 0.72 0)
(0.108 0.72 0)
(0.114 0.72 0)
(0.12 0.72 0)
(0.126 0.72 0)
(0.132 0.72 0)
(0.138 0.72 0)
(0.144 0.72 0)
(0.15 0.72 0)
(0 0.7333333333 0)
(0.006 0.7333333333 0)
(0.012 0.7333333333 0)
(0.018 0.7333333333 0)
(0.024 0.7333333333 0)
(0.03 0.7333333333 0)
(0.036 0.7333333333 0)
(0.042 0.7333333333 0)
(0.048 0.7333333333 0)
(0.054 0.7333333333 0)
(0.06 0.7333333333 0)
(0.066 0.7333333333 0)
(0.072 0.7333333333 0)
(0.078 0.7333333333 0)
(0.084 0.7333333333 0)
(0.09 0.7333333333 0)
(0.096 0.7333333333 0)
(0.102 0.7333333333 0)
(0.108 0.7333333333 0)
(0.114 0.7333333333 0)
(0.12 0.7333333333 0)
(0.126 0.7333333333 0)
(0.132 0.7333333333 0)
(0.138 0.7333333333 0)
(0.144 0.7333333333 0)
(0.15 0.7333333333 0)
(0 0.7466666667 0)
(0.006 0.7466666667 0)
(0.012 0.7466666667 0)
(0.018 0.7466666667 0)
(0.024 0.7466666667 0)
(0.03 0.7466666667 0)
(0.036 0.7466666667 0)
(0.042 0.7466666667 0)
(0.048 0.7466666667 0)
(0.054 0.7466666667 0)
(0.06 0.7466666667 0)
(0.066 0.7466666667 0)
(0.072 0.7466666667 0)
(0.078 0.7466666667 0)
(0.084 0.7466666667 0)
(0.09 0.7466666667 0)
(0.096 0.7466666667 0)
(0.102 0.7466666667 0)
(0.108 0.7466666667 0)
(0.114 0.7466666667 0)
(0.12 0.7466666667 0)
(0.126 0.7466666667 0)
(0.132 0.7466666667 0)
(0.138 0.7466666667 0)
(0.144 0.7466666667 0)
(0.15 0.7466666667 0)
(0 0.76 0)
(0.006 0.76 0)
(0.012 0.76 0)
(0.018 0.76 0)
(0.024 0.76 0)
(0.03 0.76 0)
(0.036 0.76 0)
(0.042 0.76 0)
(0.048 0.76 0)
(0.054 0.76 0)
(0.06 0.76 0)
(0.066 0.76 0)
(0.072 0.76 0)
(0.078 0.76 0)
(0.084 0.76 0)
(0.09 0.76 0)
(0.096 0.76 0)
(0.102 0.76 0)
(0.108 0.76 0)
(0.114 0.76 0)
(0.12 0.76 0)
(0.126 0.76 0)
(0.132 0.76 0)
(0.138 0.76 0)
(0.144 0.76 0)
(0.15 0.76 0)
(0 0.7733333333 0)
(0.006 0.7733333333 0)
(0.012 0.7733333333 0)
(0.018 0.7733333333 0)
(0.024 0.7733333333 0)
(0.03 0.7733333333 0)
(0.036 0.7733333333 0)
(0.042 0.7733333333 0)
(0.048 0.7733333333 0)
(0.054 0.7733333333 0)
(0.06 0.7733333333 0)
(0.066 0.7733333333 0)
(0.072 0.7733333333 0)
(0.078 0.7733333333 0)
(0.084 0.7733333333 0)
(0.09 0.7733333333 0)
(0.096 0.7733333333 0)
(0.102 0.7733333333 0)
(0.108 0.7733333333 0)
(0.114 0.7733333333 0)
(0.12 0.7733333333 0)
(0.126 0.7733333333 0)
(0.132 0.7733333333 0)
(0.138 0.7733333333 0)
(0.144 0.7733333333 0)
(0.15 0.7733333333 0)
(0 0.7866666667 0)
(0.006 0.7866666667 0)
(0.012 0.7866666667 0)
(0.018 0.7866666667 0)
(0.024 0.7866666667 0)
(0.03 0.7866666667 0)
(0.036 0.7866666667 0)
(0.042 0.7866666667 0)
(0.048 0.7866666667 0)
(0.054 0.7866666667 0)
(0.06 0.7866666667 0)
(0.066 0.7866666667 0)
(0.072 0.7866666667 0)
(0.078 0.7866666667 0)
(0.084 0.7866666667 0)
(0.09 0.7866666667 0)
(0.096 0.7866666667 0)
(0.102 0.7866666667 0)
(0.108 0.7866666667 0)
(0.114 0.7866666667 0)
(0.12 0.7866666667 0)
(0.126 0.7866666667 0)
(0.132 0.7866666667 0)
(0.138 0.7866666667 0)
(0.144 0.7866666667 0)
(0.15 0.7866666667 0)
(0 0.8 0)
(0.006 0.8 0)
(0.012 0.8 0)
(0.018 0.8 0)
(0.024 0.8 0)
(0.03 0.8 0)
(0.036 0.8 0)
(0.042 0.8 0)
(0.048 0.8 0)
(0.054 0.8 0)
(0.06 0.8 0)
(0.066 0.8 0)
(0.072 0.8 0)
(0.078 0.8 0)
(0.084 0.8 0)
(0.09 0.8 0)
(0.096 0.8 0)
(0.102 0.8 0)
(0.108 0.8 0)
(0.114 0.8 0)
(0.12 0.8 0)
(0.126 0.8 0)
(0.132 0.8 0)
(0.138 0.8 0)
(0.144 0.8 0)
(0.15 0.8 0)
(0 0.8133333333 0)
(0.006 0.8133333333 0)
(0.012 0.8133333333 0)
(0.018 0.8133333333 0)
(0.024 0.8133333333 0)
(0.03 0.8133333333 0)
(0.036 0.8133333333 0)
(0.042 0.8133333333 0)
(0.048 0.8133333333 0)
(0.054 0.8133333333 0)
(0.06 0.8133333333 0)
(0.066 0.8133333333 0)
(0.072 0.8133333333 0)
(0.078 0.8133333333 0)
(0.084 0.8133333333 0)
(0.09 0.8133333333 0)
(0.096 0.8133333333 0)
(0.102 0.8133333333 0)
(0.108 0.8133333333 0)
(0.114 0.8133333333 0)
(0.12 0.8133333333 0)
(0.126 0.8133333333 0)
(0.132 0.8133333333 0)
(0.138 0.8133333333 0)
(0.144 0.8133333333 0)
(0.15 0.8133333333 0)
(0 0.8266666667 0)
(0.006 0.8266666667 0)
(0.012 0.8266666667 0)
(0.018 0.8266666667 0)
(0.024 0.8266666667 0)
(0.03 0.8266666667 0)
(0.036 0.8266666667 0)
(0.042 0.8266666667 0)
(0.048 0.8266666667 0)
(0.054 0.8266666667 0)
(0.06 0.8266666667 0)
(0.066 0.8266666667 0)
(0.072 0.8266666667 0)
(0.078 0.8266666667 0)
(0.084 0.8266666667 0)
(0.09 0.8266666667 0)
(0.096 0.8266666667 0)
(0.102 0.8266666667 0)
(0.108 0.8266666667 0)
(0.114 0.8266666667 0)
(0.12 0.8266666667 0)
(0.126 0.8266666667 0)
(0.132 0.8266666667 0)
(0.138 0.8266666667 0)
(0.144 0.8266666667 0)
(0.15 0.8266666667 0)
(0 0.84 0)
(0.006 0.84 0)
(0.012 0.84 0)
(0.018 0.84 0)
(0.024 0.84 0)
(0.03 0.84 0)
(0.036 0.84 0)
(0.042 0.84 0)
(0.048 0.84 0)
(0.054 0.84 0)
(0.06 0.84 0)
(0.066 0.84 0)
(0.072 0.84 0)
(0.078 0.84 0)
(0.084 0.84 0)
(0.09 0.84 0)
(0.096 0.84 0)
(0.102 0.84 0)
(0.108 0.84 0)
(0.114 0.84 0)
(0.12 0.84 0)
(0.126 0.84 0)
(0.132 0.84 0)
(0.138 0.84 0)
(0.144 0.84 0)
(0.15 0.84 0)
(0 0.8533333333 0)
(0.006 0.8533333333 0)
(0.012 0.8533333333 0)
(0.018 0.8533333333 0)
(0.024 0.8533333333 0)
(0.03 0.8533333333 0)
(0.036 0.8533333333 0)
(0.042 0.8533333333 0)
(0.048 0.8533333333 0)
(0.054 0.8533333333 0)
(0.06 0.8533333333 0)
(0.066 0.8533333333 0)
(0.072 0.8533333333 0)
(0.078 0.8533333333 0)
(0.084 0.8533333333 0)
(0.09 0.8533333333 0)
(0.096 0.8533333333 0)
(0.102 0.8533333333 0)
(0.108 0.8533333333 0)
(0.114 0.8533333333 0)
(0.12 0.8533333333 0)
(0.126 0.8533333333 0)
(0.132 0.8533333333 0)
(0.138 0.8533333333 0)
(0.144 0.8533333333 0)
(0.15 0.8533333333 0)
(0 0.8666666667 0)
(0.006 0.8666666667 0)
(0.012 0.8666666667 0)
(0.018 0.8666666667 0)
(0.024 0.8666666667 0)
(0.03 0.8666666667 0)
(0.036 0.8666666667 0)
(0.042 0.8666666667 0)
(0.048 0.8666666667 0)
(0.054 0.8666666667 0)
(0.06 0.8666666667 0)
(0.066 0.8666666667 0)
(0.072 0.8666666667 0)
(0.078 0.8666666667 0)
(0.084 0.8666666667 0)
(0.09 0.8666666667 0)
(0.096 0.8666666667 0)
(0.102 0.8666666667 0)
(0.108 0.8666666667 0)
(0.114 0.8666666667 0)
(0.12 0.8666666667 0)
(0.126 0.8666666667 0)
(0.132 0.8666666667 0)
(0.138 0.8666666667 0)
(0.144 0.8666666667 0)
(0.15 0.8666666667 0)
(0 0.88 0)
(0.006 0.88 0)
(0.012 0.88 0)
(0.018 0.88 0)
(0.024 0.88 0)
(0.03 0.88 0)
(0.036 0.88 0)
(0.042 0.88 0)
(0.048 0.88 0)
(0.054 0.88 0)
(0.06 0.88 0)
(0.066 0.88 0)
(0.072 0.88 0)
(0.078 0.88 0)
(0.084 0.88 0)
(0.09 0.88 0)
(0.096 0.88 0)
(0.102 0.88 0)
(0.108 0.88 0)
(0.114 0.88 0)
(0.12 0.88 0)
(0.126 0.88 0)
(0.132 0.88 0)
(0.138 0.88 0)
(0.144 0.88 0)
(0.15 0.88 0)
(0 0.8933333333 0)
(0.006 0.8933333333 0)
(0.012 0.8933333333 0)
(0.018 0.8933333333 0)
(0.024 0.8933333333 0)
(0.03 0.8933333333 0)
(0.036 0.8933333333 0)
(0.042 0.8933333333 0)
(0.048 0.8933333333 0)
(0.054 0.8933333333 0)
(0.06 0.8933333333 0)
(0.066 0.8933333333 0)
(0.072 0.8933333333 0)
(0.078 0.8933333333 0)
(0.084 0.8933333333 0)
(0.09 0.8933333333 0)
(0.096 0.8933333333 0)
(0.102 0.8933333333 0)
(0.108 0.8933333333 0)
(0.114 0.8933333333 0)
(0.12 0.8933333333 0)
(0.126 0.8933333333 0)
(0.132 0.8933333333 0)
(0.138 0.8933333333 0)
(0.144 0.8933333333 0)
(0.15 0.8933333333 0)
(0 0.9066666667 0)
(0.006 0.9066666667 0)
(0.012 0.9066666667 0)
(0.018 0.9066666667 0)
(0.024 0.9066666667 0)
(0.03 0.9066666667 0)
(0.036 0.9066666667 0)
(0.042 0.9066666667 0)
(0.048 0.9066666667 0)
(0.054 0.9066666667 0)
(0.06 0.9066666667 0)
(0.066 0.9066666667 0)
(0.072 0.9066666667 0)
(0.078 0.9066666667 0)
(0.084 0.9066666667 0)
(0.09 0.9066666667 0)
(0.096 0.9066666667 0)
(0.102 0.9066666667 0)
(0.108 0.9066666667 0)
(0.114 0.9066666667 0)
(0.12 0.9066666667 0)
(0.126 0.9066666667 0)
(0.132 0.9066666667 0)
(0.138 0.9066666667 0)
(0.144 0.9066666667 0)
(0.15 0.9066666667 0)
(0 0.92 0)
(0.006 0.92 0)
(0.012 0.92 0)
(0.018 0.92 0)
(0.024 0.92 0)
(0.03 0.92 0)
(0.036 0.92 0)
(0.042 0.92 0)
(0.048 0.92 0)
(0.054 0.92 0)
(0.06 0.92 0)
(0.066 0.92 0)
(0.072 0.92 0)
(0.078 0.92 0)
(0.084 0.92 0)
(0.09 0.92 0)
(0.096 0.92 0)
(0.102 0.92 0)
(0.108 0.92 0)
(0.114 0.92 0)
(0.12 0.92 0)
(0.126 0.92 0)
(0.132 0.92 0)
(0.138 0.92 0)
(0.144 0.92 0)
(0.15 0.92 0)
(0 0.9333333333 0)
(0.006 0.9333333333 0)
(0.012 0.9333333333 0)
(0.018 0.9333333333 0)
(0.024 0.9333333333 0)
(0.03 0.9333333333 0)
(0.036 0.9333333333 0)
(0.042 0.9333333333 0)
(0.048 0.9333333333 0)
(0.054 0.9333333333 0)
(0.06 0.9333333333 0)
(0.066 0.9333333333 0)
(0.072 0.9333333333 0)
(0.078 0.9333333333 0)
(0.084 0.9333333333 0)
(0.09 0.9333333333 0)
(0.096 0.9333333333 0)
(0.102 0.9333333333 0)
(0.108 0.9333333333 0)
(0.114 0.9333333333 0)
(0.12 0.9333333333 0)
(0.126 0.9333333333 0)
(0.132 0.9333333333 0)
(0.138 0.9333333333 0)
(0.144 0.9333333333 0)
(0.15 0.9333333333 0)
(0 0.9466666667 0)
(0.006 0.9466666667 0)
(0.012 0.9466666667 0)
(0.018 0.9466666667 0)
(0.024 0.9466666667 0)
(0.03 0.9466666667 0)
(0.036 0.9466666667 0)
(0.042 0.9466666667 0)
(0.048 0.9466666667 0)
(0.054 0.9466666667 0)
(0.06 0.9466666667 0)
(0.066 0.9466666667 0)
(0.072 0.9466666667 0)
(0.078 0.9466666667 0)
(0.084 0.9466666667 0)
(0.09 0.9466666667 0)
(0.096 0.9466666667 0)
(0.102 0.9466666667 0)
(0.108 0.9466666667 0)
(0.114 0.9466666667 0)
(0.12 0.9466666667 0)
(0.126 0.9466666667 0)
(0.132 0.9466666667 0)
(0.138 0.9466666667 0)
(0.144 0.9466666667 0)
(0.15 0.9466666667 0)
(0 0.96 0)
(0.006 0.96 0)
(0.012 0.96 0)
(0.018 0.96 0)
(0.024 0.96 0)
(0.03 0.96 0)
(0.036 0.96 0)
(0.042 0.96 0)
(0.048 0.96 0)
(0.054 0.96 0)
(0.06 0.96 0)
(0.066 0.96 0)
(0.072 0.96 0)
(0.078 0.96 0)
(0.084 0.96 0)
(0.09 0.96 0)
(0.096 0.96 0)
(0.102 0.96 0)
(0.108 0.96 0)
(0.114 0.96 0)
(0.12 0.96 0)
(0.126 0.96 0)
(0.132 0.96 0)
(0.138 0.96 0)
(0.144 0.96 0)
(0.15 0.96 0)
(0 0.9733333333 0)
(0.006 0.9733333333 0)
(0.012 0.9733333333 0)
(0.018 0.9733333333 0)
(0.024 0.9733333333 0)
(0.03 0.9733333333 0)
(0.036 0.9733333333 0)
(0.042 0.9733333333 0)
(0.048 0.9733333333 0)
(0.054 0.9733333333 0)
(0.06 0.9733333333 0)
(0.066 0.9733333333 0)
(0.072 0.9733333333 0)
(0.078 0.9733333333 0)
(0.084 0.9733333333 0)
(0.09 0.9733333333 0)
(0.096 0.9733333333 0)
(0.102 0.9733333333 0)
(0.108 0.9733333333 0)
(0.114 0.9733333333 0)
(0.12 0.9733333333 0)
(0.126 0.9733333333 0)
(0.132 0.9733333333 0)
(0.138 0.9733333333 0)
(0.144 0.9733333333 0)
(0.15 0.9733333333 0)
(0 0.9866666667 0)
(0.006 0.9866666667 0)
(0.012 0.9866666667 0)
(0.018 0.9866666667 0)
(0.024 0.9866666667 0)
(0.03 0.9866666667 0)
(0.036 0.9866666667 0)
(0.042 0.9866666667 0)
(0.048 0.9866666667 0)
(0.054 0.9866666667 0)
(0.06 0.9866666667 0)
(0.066 0.9866666667 0)
(0.072 0.9866666667 0)
(0.078 0.9866666667 0)
(0.084 0.9866666667 0)
(0.09 0.9866666667 0)
(0.096 0.9866666667 0)
(0.102 0.9866666667 0)
(0.108 0.9866666667 0)
(0.114 0.9866666667 0)
(0.12 0.9866666667 0)
(0.126 0.9866666667 0)
(0.132 0.9866666667 0)
(0.138 0.9866666667 0)
(0.144 0.9866666667 0)
(0.15 0.9866666667 0)
(0 1 0)
(0.006 1 0)
(0.012 1 0)
(0.018 1 0)
(0.024 1 0)
(0.03 1 0)
(0.036 1 0)
(0.042 1 0)
(0.048 1 0)
(0.054 1 0)
(0.06 1 0)
(0.066 1 0)
(0.072 1 0)
(0.078 1 0)
(0.084 1 0)
(0.09 1 0)
(0.096 1 0)
(0.102 1 0)
(0.108 1 0)
(0.114 1 0)
(0.12 1 0)
(0.126 1 0)
(0.132 1 0)
(0.138 1 0)
(0.144 1 0)
(0.15 1 0)
(0 0 0.1)
(0.006 0 0.1)
(0.012 0 0.1)
(0.018 0 0.1)
(0.024 0 0.1)
(0.03 0 0.1)
(0.036 0 0.1)
(0.042 0 0.1)
(0.048 0 0.1)
(0.054 0 0.1)
(0.06 0 0.1)
(0.066 0 0.1)
(0.072 0 0.1)
(0.078 0 0.1)
(0.084 0 0.1)
(0.09 0 0.1)
(0.096 0 0.1)
(0.102 0 0.1)
(0.108 0 0.1)
(0.114 0 0.1)
(0.12 0 0.1)
(0.126 0 0.1)
(0.132 0 0.1)
(0.138 0 0.1)
(0.144 0 0.1)
(0.15 0 0.1)
(0 0.01333333333 0.1)
(0.006 0.01333333333 0.1)
(0.012 0.01333333333 0.1)
(0.018 0.01333333333 0.1)
(0.024 0.01333333333 0.1)
(0.03 0.01333333333 0.1)
(0.036 0.01333333333 0.1)
(0.042 0.01333333333 0.1)
(0.048 0.01333333333 0.1)
(0.054 0.01333333333 0.1)
(0.06 0.01333333333 0.1)
(0.066 0.01333333333 0.1)
(0.072 0.01333333333 0.1)
(0.078 0.01333333333 0.1)
(0.084 0.01333333333 0.1)
(0.09 0.01333333333 0.1)
(0.096 0.01333333333 0.1)
(0.102 0.01333333333 0.1)
(0.108 0.01333333333 0.1)
(0.114 0.01333333333 0.1)
(0.12 0.01333333333 0.1)
(0.126 0.01333333333 0.1)
(0.132 0.01333333333 0.1)
(0.138 0.01333333333 0.1)
(0.144 0.01333333333 0.1)
(0.15 0.01333333333 0.1)
(0 0.02666666667 0.1)
(0.006 0.02666666667 0.1)
(0.012 0.02666666667 0.1)
(0.018 0.02666666667 0.1)
(0.024 0.02666666667 0.1)
(0.03 0.02666666667 0.1)
(0.036 0.02666666667 0.1)
(0.042 0.02666666667 0.1)
(0.048 0.02666666667 0.1)
(0.054 0.02666666667 0.1)
(0.06 0.02666666667 0.1)
(0.066 0.02666666667 0.1)
(0.072 0.02666666667 0.1)
(0.078 0.02666666667 0.1)
(0.084 0.02666666667 0.1)
(0.09 0.02666666667 0.1)
(0.096 0.02666666667 0.1)
(0.102 0.02666666667 0.1)
(0.108 0.02666666667 0.1)
(0.114 0.02666666667 0.1)
(0.12 0.02666666667 0.1)
(0.126 0.02666666667 0.1)
(0.132 0.02666666667 0.1)
(0.138 0.02666666667 0.1)
(0.144 0.02666666667 0.1)
(0.15 0.02666666667 0.1)
(0 0.04 0.1)
(0.006 0.04 0.1)
(0.012 0.04 0.1)
(0.018 0.04 0.1)
(0.024 0.04 0.1)
(0.03 0.04 0.1)
(0.036 0.04 0.1)
(0.042 0.04 0.1)
(0.048 0.04 0.1)
(0.054 0.04 0.1)
(0.06 0.04 0.1)
(0.066 0.04 0.1)
(0.072 0.04 0.1)
(0.078 0.04 0.1)
(0.084 0.04 0.1)
(0.09 0.04 0.1)
(0.096 0.04 0.1)
(0.102 0.04 0.1)
(0.108 0.04 0.1)
(0.114 0.04 0.1)
(0.12 0.04 0.1)
(0.126 0.04 0.1)
(0.132 0.04 0.1)
(0.138 0.04 0.1)
(0.144 0.04 0.1)
(0.15 0.04 0.1)
(0 0.05333333333 0.1)
(0.006 0.05333333333 0.1)
(0.012 0.05333333333 0.1)
(0.018 0.05333333333 0.1)
(0.024 0.05333333333 0.1)
(0.03 0.05333333333 0.1)
(0.036 0.05333333333 0.1)
(0.042 0.05333333333 0.1)
(0.048 0.05333333333 0.1)
(0.054 0.05333333333 0.1)
(0.06 0.05333333333 0.1)
(0.066 0.05333333333 0.1)
(0.072 0.05333333333 0.1)
(0.078 0.05333333333 0.1)
(0.084 0.05333333333 0.1)
(0.09 0.05333333333 0.1)
(0.096 0.05333333333 0.1)
(0.102 0.05333333333 0.1)
(0.108 0.05333333333 0.1)
(0.114 0.05333333333 0.1)
(0.12 0.05333333333 0.1)
(0.126 0.05333333333 0.1)
(0.132 0.05333333333 0.1)
(0.138 0.05333333333 0.1)
(0.144 0.05333333333 0.1)
(0.15 0.05333333333 0.1)
(0 0.06666666667 0.1)
(0.006 0.06666666667 0.1)
(0.012 0.06666666667 0.1)
(0.018 0.06666666667 0.1)
(0.024 0.06666666667 0.1)
(0.03 0.06666666667 0.1)
(0.036 0.06666666667 0.1)
(0.042 0.06666666667 0.1)
(0.048 0.06666666667 0.1)
(0.054 0.06666666667 0.1)
(0.06 0.06666666667 0.1)
(0.066 0.06666666667 0.1)
(0.072 0.06666666667 0.1)
(0.078 0.06666666667 0.1)
(0.084 0.06666666667 0.1)
(0.09 0.06666666667 0.1)
(0.096 0.06666666667 0.1)
(0.102 0.06666666667 0.1)
(0.108 0.06666666667 0.1)
(0.114 0.06666666667 0.1)
(0.12 0.06666666667 0.1)
(0.126 0.06666666667 0.1)
(0.132 0.06666666667 0.1)
(0.138 0.06666666667 0.1)
(0.144 0.06666666667 0.1)
(0.15 0.06666666667 0.1)
(0 0.08 0.1)
(0.006 0.08 0.1)
(0.012 0.08 0.1)
(0.018 0.08 0.1)
(0.024 0.08 0.1)
(0.03 0.08 0.1)
(0.036 0.08 0.1)
(0.042 0.08 0.1)
(0.048 0.08 0.1)
(0.054 0.08 0.1)
(0.06 0.08 0.1)
(0.066 0.08 0.1)
(0.072 0.08 0.1)
(0.078 0.08 0.1)
(0.084 0.08 0.1)
(0.09 0.08 0.1)
(0.096 0.08 0.1)
(0.102 0.08 0.1)
(0.108 0.08 0.1)
(0.114 0.08 0.1)
(0.12 0.08 0.1)
(0.126 0.08 0.1)
(0.132 0.08 0.1)
(0.138 0.08 0.1)
(0.144 0.08 0.1)
(0.15 0.08 0.1)
(0 0.09333333333 0.1)
(0.006 0.09333333333 0.1)
(0.012 0.09333333333 0.1)
(0.018 0.09333333333 0.1)
(0.024 0.09333333333 0.1)
(0.03 0.09333333333 0.1)
(0.036 0.09333333333 0.1)
(0.042 0.09333333333 0.1)
(0.048 0.09333333333 0.1)
(0.054 0.09333333333 0.1)
(0.06 0.09333333333 0.1)
(0.066 0.09333333333 0.1)
(0.072 0.09333333333 0.1)
(0.078 0.09333333333 0.1)
(0.084 0.09333333333 0.1)
(0.09 0.09333333333 0.1)
(0.096 0.09333333333 0.1)
(0.102 0.09333333333 0.1)
(0.108 0.09333333333 0.1)
(0.114 0.09333333333 0.1)
(0.12 0.09333333333 0.1)
(0.126 0.09333333333 0.1)
(0.132 0.09333333333 0.1)
(0.138 0.09333333333 0.1)
(0.144 0.09333333333 0.1)
(0.15 0.09333333333 0.1)
(0 0.1066666667 0.1)
(0.006 0.1066666667 0.1)
(0.012 0.1066666667 0.1)
(0.018 0.1066666667 0.1)
(0.024 0.1066666667 0.1)
(0.03 0.1066666667 0.1)
(0.036 0.1066666667 0.1)
(0.042 0.1066666667 0.1)
(0.048 0.1066666667 0.1)
(0.054 0.1066666667 0.1)
(0.06 0.1066666667 0.1)
(0.066 0.1066666667 0.1)
(0.072 0.1066666667 0.1)
(0.078 0.1066666667 0.1)
(0.084 0.1066666667 0.1)
(0.09 0.1066666667 0.1)
(0.096 0.1066666667 0.1)
(0.102 0.1066666667 0.1)
(0.108 0.1066666667 0.1)
(0.114 0.1066666667 0.1)
(0.12 0.1066666667 0.1)
(0.126 0.1066666667 0.1)
(0.132 0.1066666667 0.1)
(0.138 0.1066666667 0.1)
(0.144 0.1066666667 0.1)
(0.15 0.1066666667 0.1)
(0 0.12 0.1)
(0.006 0.12 0.1)
(0.012 0.12 0.1)
(0.018 0.12 0.1)
(0.024 0.12 0.1)
(0.03 0.12 0.1)
(0.036 0.12 0.1)
(0.042 0.12 0.1)
(0.048 0.12 0.1)
(0.054 0.12 0.1)
(0.06 0.12 0.1)
(0.066 0.12 0.1)
(0.072 0.12 0.1)
(0.078 0.12 0.1)
(0.084 0.12 0.1)
(0.09 0.12 0.1)
(0.096 0.12 0.1)
(0.102 0.12 0.1)
(0.108 0.12 0.1)
(0.114 0.12 0.1)
(0.12 0.12 0.1)
(0.126 0.12 0.1)
(0.132 0.12 0.1)
(0.138 0.12 0.1)
(0.144 0.12 0.1)
(0.15 0.12 0.1)
(0 0.1333333333 0.1)
(0.006 0.1333333333 0.1)
(0.012 0.1333333333 0.1)
(0.018 0.1333333333 0.1)
(0.024 0.1333333333 0.1)
(0.03 0.1333333333 0.1)
(0.036 0.1333333333 0.1)
(0.042 0.1333333333 0.1)
(0.048 0.1333333333 0.1)
(0.054 0.1333333333 0.1)
(0.06 0.1333333333 0.1)
(0.066 0.1333333333 0.1)
(0.072 0.1333333333 0.1)
(0.078 0.1333333333 0.1)
(0.084 0.1333333333 0.1)
(0.09 0.1333333333 0.1)
(0.096 0.1333333333 0.1)
(0.102 0.1333333333 0.1)
(0.108 0.1333333333 0.1)
(0.114 0.1333333333 0.1)
(0.12 0.1333333333 0.1)
(0.126 0.1333333333 0.1)
(0.132 0.1333333333 0.1)
(0.138 0.1333333333 0.1)
(0.144 0.1333333333 0.1)
(0.15 0.1333333333 0.1)
(0 0.1466666667 0.1)
(0.006 0.1466666667 0.1)
(0.012 0.1466666667 0.1)
(0.018 0.1466666667 0.1)
(0.024 0.1466666667 0.1)
(0.03 0.1466666667 0.1)
(0.036 0.1466666667 0.1)
(0.042 0.1466666667 0.1)
(0.048 0.1466666667 0.1)
(0.054 0.1466666667 0.1)
(0.06 0.1466666667 0.1)
(0.066 0.1466666667 0.1)
(0.072 0.1466666667 0.1)
(0.078 0.1466666667 0.1)
(0.084 0.1466666667 0.1)
(0.09 0.1466666667 0.1)
(0.096 0.1466666667 0.1)
(0.102 0.1466666667 0.1)
(0.108 0.1466666667 0.1)
(0.114 0.1466666667 0.1)
(0.12 0.1466666667 0.1)
(0.126 0.1466666667 0.1)
(0.132 0.1466666667 0.1)
(0.138 0.1466666667 0.1)
(0.144 0.1466666667 0.1)
(0.15 0.1466666667 0.1)
(0 0.16 0.1)
(0.006 0.16 0.1)
(0.012 0.16 0.1)
(0.018 0.16 0.1)
(0.024 0.16 0.1)
(0.03 0.16 0.1)
(0.036 0.16 0.1)
(0.042 0.16 0.1)
(0.048 0.16 0.1)
(0.054 0.16 0.1)
(0.06 0.16 0.1)
(0.066 0.16 0.1)
(0.072 0.16 0.1)
(0.078 0.16 0.1)
(0.084 0.16 0.1)
(0.09 0.16 0.1)
(0.096 0.16 0.1)
(0.102 0.16 0.1)
(0.108 0.16 0.1)
(0.114 0.16 0.1)
(0.12 0.16 0.1)
(0.126 0.16 0.1)
(0.132 0.16 0.1)
(0.138 0.16 0.1)
(0.144 0.16 0.1)
(0.15 0.16 0.1)
(0 0.1733333333 0.1)
(0.006 0.1733333333 0.1)
(0.012 0.1733333333 0.1)
(0.018 0.1733333333 0.1)
(0.024 0.1733333333 0.1)
(0.03 0.1733333333 0.1)
(0.036 0.1733333333 0.1)
(0.042 0.1733333333 0.1)
(0.048 0.1733333333 0.1)
(0.054 0.1733333333 0.1)
(0.06 0.1733333333 0.1)
(0.066 0.1733333333 0.1)
(0.072 0.1733333333 0.1)
(0.078 0.1733333333 0.1)
(0.084 0.1733333333 0.1)
(0.09 0.1733333333 0.1)
(0.096 0.1733333333 0.1)
(0.102 0.1733333333 0.1)
(0.108 0.1733333333 0.1)
(0.114 0.1733333333 0.1)
(0.12 0.1733333333 0.1)
(0.126 0.1733333333 0.1)
(0.132 0.1733333333 0.1)
(0.138 0.1733333333 0.1)
(0.144 0.1733333333 0.1)
(0.15 0.1733333333 0.1)
(0 0.1866666667 0.1)
(0.006 0.1866666667 0.1)
(0.012 0.1866666667 0.1)
(0.018 0.1866666667 0.1)
(0.024 0.1866666667 0.1)
(0.03 0.1866666667 0.1)
(0.036 0.1866666667 0.1)
(0.042 0.1866666667 0.1)
(0.048 0.1866666667 0.1)
(0.054 0.1866666667 0.1)
(0.06 0.1866666667 0.1)
(0.066 0.1866666667 0.1)
(0.072 0.1866666667 0.1)
(0.078 0.1866666667 0.1)
(0.084 0.1866666667 0.1)
(0.09 0.1866666667 0.1)
(0.096 0.1866666667 0.1)
(0.102 0.1866666667 0.1)
(0.108 0.1866666667 0.1)
(0.114 0.1866666667 0.1)
(0.12 0.1866666667 0.1)
(0.126 0.1866666667 0.1)
(0.132 0.1866666667 0.1)
(0.138 0.1866666667 0.1)
(0.144 0.1866666667 0.1)
(0.15 0.1866666667 0.1)
(0 0.2 0.1)
(0.006 0.2 0.1)
(0.012 0.2 0.1)
(0.018 0.2 0.1)
(0.024 0.2 0.1)
(0.03 0.2 0.1)
(0.036 0.2 0.1)
(0.042 0.2 0.1)
(0.048 0.2 0.1)
(0.054 0.2 0.1)
(0.06 0.2 0.1)
(0.066 0.2 0.1)
(0.072 0.2 0.1)
(0.078 0.2 0.1)
(0.084 0.2 0.1)
(0.09 0.2 0.1)
(0.096 0.2 0.1)
(0.102 0.2 0.1)
(0.108 0.2 0.1)
(0.114 0.2 0.1)
(0.12 0.2 0.1)
(0.126 0.2 0.1)
(0.132 0.2 0.1)
(0.138 0.2 0.1)
(0.144 0.2 0.1)
(0.15 0.2 0.1)
(0 0.2133333333 0.1)
(0.006 0.2133333333 0.1)
(0.012 0.2133333333 0.1)
(0.018 0.2133333333 0.1)
(0.024 0.2133333333 0.1)
(0.03 0.2133333333 0.1)
(0.036 0.2133333333 0.1)
(0.042 0.2133333333 0.1)
(0.048 0.2133333333 0.1)
(0.054 0.2133333333 0.1)
(0.06 0.2133333333 0.1)
(0.066 0.2133333333 0.1)
(0.072 0.2133333333 0.1)
(0.078 0.2133333333 0.1)
(0.084 0.2133333333 0.1)
(0.09 0.2133333333 0.1)
(0.096 0.2133333333 0.1)
(0.102 0.2133333333 0.1)
(0.108 0.2133333333 0.1)
(0.114 0.2133333333 0.1)
(0.12 0.2133333333 0.1)
(0.126 0.2133333333 0.1)
(0.132 0.2133333333 0.1)
(0.138 0.2133333333 0.1)
(0.144 0.2133333333 0.1)
(0.15 0.2133333333 0.1)
(0 0.2266666667 0.1)
(0.006 0.2266666667 0.1)
(0.012 0.2266666667 0.1)
(0.018 0.2266666667 0.1)
(0.024 0.2266666667 0.1)
(0.03 0.2266666667 0.1)
(0.036 0.2266666667 0.1)
(0.042 0.2266666667 0.1)
(0.048 0.2266666667 0.1)
(0.054 0.2266666667 0.1)
(0.06 0.2266666667 0.1)
(0.066 0.2266666667 0.1)
(0.072 0.2266666667 0.1)
(0.078 0.2266666667 0.1)
(0.084 0.2266666667 0.1)
(0.09 0.2266666667 0.1)
(0.096 0.2266666667 0.1)
(0.102 0.2266666667 0.1)
(0.108 0.2266666667 0.1)
(0.114 0.2266666667 0.1)
(0.12 0.2266666667 0.1)
(0.126 0.2266666667 0.1)
(0.132 0.2266666667 0.1)
(0.138 0.2266666667 0.1)
(0.144 0.2266666667 0.1)
(0.15 0.2266666667 0.1)
(0 0.24 0.1)
(0.006 0.24 0.1)
(0.012 0.24 0.1)
(0.018 0.24 0.1)
(0.024 0.24 0.1)
(0.03 0.24 0.1)
(0.036 0.24 0.1)
(0.042 0.24 0.1)
(0.048 0.24 0.1)
(0.054 0.24 0.1)
(0.06 0.24 0.1)
(0.066 0.24 0.1)
(0.072 0.24 0.1)
(0.078 0.24 0.1)
(0.084 0.24 0.1)
(0.09 0.24 0.1)
(0.096 0.24 0.1)
(0.102 0.24 0.1)
(0.108 0.24 0.1)
(0.114 0.24 0.1)
(0.12 0.24 0.1)
(0.126 0.24 0.1)
(0.132 0.24 0.1)
(0.138 0.24 0.1)
(0.144 0.24 0.1)
(0.15 0.24 0.1)
(0 0.2533333333 0.1)
(0.006 0.2533333333 0.1)
(0.012 0.2533333333 0.1)
(0.018 0.2533333333 0.1)
(0.024 0.2533333333 0.1)
(0.03 0.2533333333 0.1)
(0.036 0.2533333333 0.1)
(0.042 0.2533333333 0.1)
(0.048 0.2533333333 0.1)
(0.054 0.2533333333 0.1)
(0.06 0.2533333333 0.1)
(0.066 0.2533333333 0.1)
(0.072 0.2533333333 0.1)
(0.078 0.2533333333 0.1)
(0.084 0.2533333333 0.1)
(0.09 0.2533333333 0.1)
(0.096 0.2533333333 0.1)
(0.102 0.2533333333 0.1)
(0.108 0.2533333333 0.1)
(0.114 0.2533333333 0.1)
(0.12 0.2533333333 0.1)
(0.126 0.2533333333 0.1)
(0.132 0.2533333333 0.1)
(0.138 0.2533333333 0.1)
(0.144 0.2533333333 0.1)
(0.15 0.2533333333 0.1)
(0 0.2666666667 0.1)
(0.006 0.2666666667 0.1)
(0.012 0.2666666667 0.1)
(0.018 0.2666666667 0.1)
(0.024 0.2666666667 0.1)
(0.03 0.2666666667 0.1)
(0.036 0.2666666667 0.1)
(0.042 0.2666666667 0.1)
(0.048 0.2666666667 0.1)
(0.054 0.2666666667 0.1)
(0.06 0.2666666667 0.1)
(0.066 0.2666666667 0.1)
(0.072 0.2666666667 0.1)
(0.078 0.2666666667 0.1)
(0.084 0.2666666667 0.1)
(0.09 0.2666666667 0.1)
(0.096 0.2666666667 0.1)
(0.102 0.2666666667 0.1)
(0.108 0.2666666667 0.1)
(0.114 0.2666666667 0.1)
(0.12 0.2666666667 0.1)
(0.126 0.2666666667 0.1)
(0.132 0.2666666667 0.1)
(0.138 0.2666666667 0.1)
(0.144 0.2666666667 0.1)
(0.15 0.2666666667 0.1)
(0 0.28 0.1)
(0.006 0.28 0.1)
(0.012 0.28 0.1)
(0.018 0.28 0.1)
(0.024 0.28 0.1)
(0.03 0.28 0.1)
(0.036 0.28 0.1)
(0.042 0.28 0.1)
(0.048 0.28 0.1)
(0.054 0.28 0.1)
(0.06 0.28 0.1)
(0.066 0.28 0.1)
(0.072 0.28 0.1)
(0.078 0.28 0.1)
(0.084 0.28 0.1)
(0.09 0.28 0.1)
(0.096 0.28 0.1)
(0.102 0.28 0.1)
(0.108 0.28 0.1)
(0.114 0.28 0.1)
(0.12 0.28 0.1)
(0.126 0.28 0.1)
(0.132 0.28 0.1)
(0.138 0.28 0.1)
(0.144 0.28 0.1)
(0.15 0.28 0.1)
(0 0.2933333333 0.1)
(0.006 0.2933333333 0.1)
(0.012 0.2933333333 0.1)
(0.018 0.2933333333 0.1)
(0.024 0.2933333333 0.1)
(0.03 0.2933333333 0.1)
(0.036 0.2933333333 0.1)
(0.042 0.2933333333 0.1)
(0.048 0.2933333333 0.1)
(0.054 0.2933333333 0.1)
(0.06 0.2933333333 0.1)
(0.066 0.2933333333 0.1)
(0.072 0.2933333333 0.1)
(0.078 0.2933333333 0.1)
(0.084 0.2933333333 0.1)
(0.09 0.2933333333 0.1)
(0.096 0.2933333333 0.1)
(0.102 0.2933333333 0.1)
(0.108 0.2933333333 0.1)
(0.114 0.2933333333 0.1)
(0.12 0.2933333333 0.1)
(0.126 0.2933333333 0.1)
(0.132 0.2933333333 0.1)
(0.138 0.2933333333 0.1)
(0.144 0.2933333333 0.1)
(0.15 0.2933333333 0.1)
(0 0.3066666667 0.1)
(0.006 0.3066666667 0.1)
(0.012 0.3066666667 0.1)
(0.018 0.3066666667 0.1)
(0.024 0.3066666667 0.1)
(0.03 0.3066666667 0.1)
(0.036 0.3066666667 0.1)
(0.042 0.3066666667 0.1)
(0.048 0.3066666667 0.1)
(0.054 0.3066666667 0.1)
(0.06 0.3066666667 0.1)
(0.066 0.3066666667 0.1)
(0.072 0.3066666667 0.1)
(0.078 0.3066666667 0.1)
(0.084 0.3066666667 0.1)
(0.09 0.3066666667 0.1)
(0.096 0.3066666667 0.1)
(0.102 0.3066666667 0.1)
(0.108 0.3066666667 0.1)
(0.114 0.3066666667 0.1)
(0.12 0.3066666667 0.1)
(0.126 0.3066666667 0.1)
(0.132 0.3066666667 0.1)
(0.138 0.3066666667 0.1)
(0.144 0.3066666667 0.1)
(0.15 0.3066666667 0.1)
(0 0.32 0.1)
(0.006 0.32 0.1)
(0.012 0.32 0.1)
(0.018 0.32 0.1)
(0.024 0.32 0.1)
(0.03 0.32 0.1)
(0.036 0.32 0.1)
(0.042 0.32 0.1)
(0.048 0.32 0.1)
(0.054 0.32 0.1)
(0.06 0.32 0.1)
(0.066 0.32 0.1)
(0.072 0.32 0.1)
(0.078 0.32 0.1)
(0.084 0.32 0.1)
(0.09 0.32 0.1)
(0.096 0.32 0.1)
(0.102 0.32 0.1)
(0.108 0.32 0.1)
(0.114 0.32 0.1)
(0.12 0.32 0.1)
(0.126 0.32 0.1)
(0.132 0.32 0.1)
(0.138 0.32 0.1)
(0.144 0.32 0.1)
(0.15 0.32 0.1)
(0 0.3333333333 0.1)
(0.006 0.3333333333 0.1)
(0.012 0.3333333333 0.1)
(0.018 0.3333333333 0.1)
(0.024 0.3333333333 0.1)
(0.03 0.3333333333 0.1)
(0.036 0.3333333333 0.1)
(0.042 0.3333333333 0.1)
(0.048 0.3333333333 0.1)
(0.054 0.3333333333 0.1)
(0.06 0.3333333333 0.1)
(0.066 0.3333333333 0.1)
(0.072 0.3333333333 0.1)
(0.078 0.3333333333 0.1)
(0.084 0.3333333333 0.1)
(0.09 0.3333333333 0.1)
(0.096 0.3333333333 0.1)
(0.102 0.3333333333 0.1)
(0.108 0.3333333333 0.1)
(0.114 0.3333333333 0.1)
(0.12 0.3333333333 0.1)
(0.126 0.3333333333 0.1)
(0.132 0.3333333333 0.1)
(0.138 0.3333333333 0.1)
(0.144 0.3333333333 0.1)
(0.15 0.3333333333 0.1)
(0 0.3466666667 0.1)
(0.006 0.3466666667 0.1)
(0.012 0.3466666667 0.1)
(0.018 0.3466666667 0.1)
(0.024 0.3466666667 0.1)
(0.03 0.3466666667 0.1)
(0.036 0.3466666667 0.1)
(0.042 0.3466666667 0.1)
(0.048 0.3466666667 0.1)
(0.054 0.3466666667 0.1)
(0.06 0.3466666667 0.1)
(0.066 0.3466666667 0.1)
(0.072 0.3466666667 0.1)
(0.078 0.3466666667 0.1)
(0.084 0.3466666667 0.1)
(0.09 0.3466666667 0.1)
(0.096 0.3466666667 0.1)
(0.102 0.3466666667 0.1)
(0.108 0.3466666667 0.1)
(0.114 0.3466666667 0.1)
(0.12 0.3466666667 0.1)
(0.126 0.3466666667 0.1)
(0.132 0.3466666667 0.1)
(0.138 0.3466666667 0.1)
(0.144 0.3466666667 0.1)
(0.15 0.3466666667 0.1)
(0 0.36 0.1)
(0.006 0.36 0.1)
(0.012 0.36 0.1)
(0.018 0.36 0.1)
(0.024 0.36 0.1)
(0.03 0.36 0.1)
(0.036 0.36 0.1)
(0.042 0.36 0.1)
(0.048 0.36 0.1)
(0.054 0.36 0.1)
(0.06 0.36 0.1)
(0.066 0.36 0.1)
(0.072 0.36 0.1)
(0.078 0.36 0.1)
(0.084 0.36 0.1)
(0.09 0.36 0.1)
(0.096 0.36 0.1)
(0.102 0.36 0.1)
(0.108 0.36 0.1)
(0.114 0.36 0.1)
(0.12 0.36 0.1)
(0.126 0.36 0.1)
(0.132 0.36 0.1)
(0.138 0.36 0.1)
(0.144 0.36 0.1)
(0.15 0.36 0.1)
(0 0.3733333333 0.1)
(0.006 0.3733333333 0.1)
(0.012 0.3733333333 0.1)
(0.018 0.3733333333 0.1)
(0.024 0.3733333333 0.1)
(0.03 0.3733333333 0.1)
(0.036 0.3733333333 0.1)
(0.042 0.3733333333 0.1)
(0.048 0.3733333333 0.1)
(0.054 0.3733333333 0.1)
(0.06 0.3733333333 0.1)
(0.066 0.3733333333 0.1)
(0.072 0.3733333333 0.1)
(0.078 0.3733333333 0.1)
(0.084 0.3733333333 0.1)
(0.09 0.3733333333 0.1)
(0.096 0.3733333333 0.1)
(0.102 0.3733333333 0.1)
(0.108 0.3733333333 0.1)
(0.114 0.3733333333 0.1)
(0.12 0.3733333333 0.1)
(0.126 0.3733333333 0.1)
(0.132 0.3733333333 0.1)
(0.138 0.3733333333 0.1)
(0.144 0.3733333333 0.1)
(0.15 0.3733333333 0.1)
(0 0.3866666667 0.1)
(0.006 0.3866666667 0.1)
(0.012 0.3866666667 0.1)
(0.018 0.3866666667 0.1)
(0.024 0.3866666667 0.1)
(0.03 0.3866666667 0.1)
(0.036 0.3866666667 0.1)
(0.042 0.3866666667 0.1)
(0.048 0.3866666667 0.1)
(0.054 0.3866666667 0.1)
(0.06 0.3866666667 0.1)
(0.066 0.3866666667 0.1)
(0.072 0.3866666667 0.1)
(0.078 0.3866666667 0.1)
(0.084 0.3866666667 0.1)
(0.09 0.3866666667 0.1)
(0.096 0.3866666667 0.1)
(0.102 0.3866666667 0.1)
(0.108 0.3866666667 0.1)
(0.114 0.3866666667 0.1)
(0.12 0.3866666667 0.1)
(0.126 0.3866666667 0.1)
(0.132 0.3866666667 0.1)
(0.138 0.3866666667 0.1)
(0.144 0.3866666667 0.1)
(0.15 0.3866666667 0.1)
(0 0.4 0.1)
(0.006 0.4 0.1)
(0.012 0.4 0.1)
(0.018 0.4 0.1)
(0.024 0.4 0.1)
(0.03 0.4 0.1)
(0.036 0.4 0.1)
(0.042 0.4 0.1)
(0.048 0.4 0.1)
(0.054 0.4 0.1)
(0.06 0.4 0.1)
(0.066 0.4 0.1)
(0.072 0.4 0.1)
(0.078 0.4 0.1)
(0.084 0.4 0.1)
(0.09 0.4 0.1)
(0.096 0.4 0.1)
(0.102 0.4 0.1)
(0.108 0.4 0.1)
(0.114 0.4 0.1)
(0.12 0.4 0.1)
(0.126 0.4 0.1)
(0.132 0.4 0.1)
(0.138 0.4 0.1)
(0.144 0.4 0.1)
(0.15 0.4 0.1)
(0 0.4133333333 0.1)
(0.006 0.4133333333 0.1)
(0.012 0.4133333333 0.1)
(0.018 0.4133333333 0.1)
(0.024 0.4133333333 0.1)
(0.03 0.4133333333 0.1)
(0.036 0.4133333333 0.1)
(0.042 0.4133333333 0.1)
(0.048 0.4133333333 0.1)
(0.054 0.4133333333 0.1)
(0.06 0.4133333333 0.1)
(0.066 0.4133333333 0.1)
(0.072 0.4133333333 0.1)
(0.078 0.4133333333 0.1)
(0.084 0.4133333333 0.1)
(0.09 0.4133333333 0.1)
(0.096 0.4133333333 0.1)
(0.102 0.4133333333 0.1)
(0.108 0.4133333333 0.1)
(0.114 0.4133333333 0.1)
(0.12 0.4133333333 0.1)
(0.126 0.4133333333 0.1)
(0.132 0.4133333333 0.1)
(0.138 0.4133333333 0.1)
(0.144 0.4133333333 0.1)
(0.15 0.4133333333 0.1)
(0 0.4266666667 0.1)
(0.006 0.4266666667 0.1)
(0.012 0.4266666667 0.1)
(0.018 0.4266666667 0.1)
(0.024 0.4266666667 0.1)
(0.03 0.4266666667 0.1)
(0.036 0.4266666667 0.1)
(0.042 0.4266666667 0.1)
(0.048 0.4266666667 0.1)
(0.054 0.4266666667 0.1)
(0.06 0.4266666667 0.1)
(0.066 0.4266666667 0.1)
(0.072 0.4266666667 0.1)
(0.078 0.4266666667 0.1)
(0.084 0.4266666667 0.1)
(0.09 0.4266666667 0.1)
(0.096 0.4266666667 0.1)
(0.102 0.4266666667 0.1)
(0.108 0.4266666667 0.1)
(0.114 0.4266666667 0.1)
(0.12 0.4266666667 0.1)
(0.126 0.4266666667 0.1)
(0.132 0.4266666667 0.1)
(0.138 0.4266666667 0.1)
(0.144 0.4266666667 0.1)
(0.15 0.4266666667 0.1)
(0 0.44 0.1)
(0.006 0.44 0.1)
(0.012 0.44 0.1)
(0.018 0.44 0.1)
(0.024 0.44 0.1)
(0.03 0.44 0.1)
(0.036 0.44 0.1)
(0.042 0.44 0.1)
(0.048 0.44 0.1)
(0.054 0.44 0.1)
(0.06 0.44 0.1)
(0.066 0.44 0.1)
(0.072 0.44 0.1)
(0.078 0.44 0.1)
(0.084 0.44 0.1)
(0.09 0.44 0.1)
(0.096 0.44 0.1)
(0.102 0.44 0.1)
(0.108 0.44 0.1)
(0.114 0.44 0.1)
(0.12 0.44 0.1)
(0.126 0.44 0.1)
(0.132 0.44 0.1)
(0.138 0.44 0.1)
(0.144 0.44 0.1)
(0.15 0.44 0.1)
(0 0.4533333333 0.1)
(0.006 0.4533333333 0.1)
(0.012 0.4533333333 0.1)
(0.018 0.4533333333 0.1)
(0.024 0.4533333333 0.1)
(0.03 0.4533333333 0.1)
(0.036 0.4533333333 0.1)
(0.042 0.4533333333 0.1)
(0.048 0.4533333333 0.1)
(0.054 0.4533333333 0.1)
(0.06 0.4533333333 0.1)
(0.066 0.4533333333 0.1)
(0.072 0.4533333333 0.1)
(0.078 0.4533333333 0.1)
(0.084 0.4533333333 0.1)
(0.09 0.4533333333 0.1)
(0.096 0.4533333333 0.1)
(0.102 0.4533333333 0.1)
(0.108 0.4533333333 0.1)
(0.114 0.4533333333 0.1)
(0.12 0.4533333333 0.1)
(0.126 0.4533333333 0.1)
(0.132 0.4533333333 0.1)
(0.138 0.4533333333 0.1)
(0.144 0.4533333333 0.1)
(0.15 0.4533333333 0.1)
(0 0.4666666667 0.1)
(0.006 0.4666666667 0.1)
(0.012 0.4666666667 0.1)
(0.018 0.4666666667 0.1)
(0.024 0.4666666667 0.1)
(0.03 0.4666666667 0.1)
(0.036 0.4666666667 0.1)
(0.042 0.4666666667 0.1)
(0.048 0.4666666667 0.1)
(0.054 0.4666666667 0.1)
(0.06 0.4666666667 0.1)
(0.066 0.4666666667 0.1)
(0.072 0.4666666667 0.1)
(0.078 0.4666666667 0.1)
(0.084 0.4666666667 0.1)
(0.09 0.4666666667 0.1)
(0.096 0.4666666667 0.1)
(0.102 0.4666666667 0.1)
(0.108 0.4666666667 0.1)
(0.114 0.4666666667 0.1)
(0.12 0.4666666667 0.1)
(0.126 0.4666666667 0.1)
(0.132 0.4666666667 0.1)
(0.138 0.4666666667 0.1)
(0.144 0.4666666667 0.1)
(0.15 0.4666666667 0.1)
(0 0.48 0.1)
(0.006 0.48 0.1)
(0.012 0.48 0.1)
(0.018 0.48 0.1)
(0.024 0.48 0.1)
(0.03 0.48 0.1)
(0.036 0.48 0.1)
(0.042 0.48 0.1)
(0.048 0.48 0.1)
(0.054 0.48 0.1)
(0.06 0.48 0.1)
(0.066 0.48 0.1)
(0.072 0.48 0.1)
(0.078 0.48 0.1)
(0.084 0.48 0.1)
(0.09 0.48 0.1)
(0.096 0.48 0.1)
(0.102 0.48 0.1)
(0.108 0.48 0.1)
(0.114 0.48 0.1)
(0.12 0.48 0.1)
(0.126 0.48 0.1)
(0.132 0.48 0.1)
(0.138 0.48 0.1)
(0.144 0.48 0.1)
(0.15 0.48 0.1)
(0 0.4933333333 0.1)
(0.006 0.4933333333 0.1)
(0.012 0.4933333333 0.1)
(0.018 0.4933333333 0.1)
(0.024 0.4933333333 0.1)
(0.03 0.4933333333 0.1)
(0.036 0.4933333333 0.1)
(0.042 0.4933333333 0.1)
(0.048 0.4933333333 0.1)
(0.054 0.4933333333 0.1)
(0.06 0.4933333333 0.1)
(0.066 0.4933333333 0.1)
(0.072 0.4933333333 0.1)
(0.078 0.4933333333 0.1)
(0.084 0.4933333333 0.1)
(0.09 0.4933333333 0.1)
(0.096 0.4933333333 0.1)
(0.102 0.4933333333 0.1)
(0.108 0.4933333333 0.1)
(0.114 0.4933333333 0.1)
(0.12 0.4933333333 0.1)
(0.126 0.4933333333 0.1)
(0.132 0.4933333333 0.1)
(0.138 0.4933333333 0.1)
(0.144 0.4933333333 0.1)
(0.15 0.4933333333 0.1)
(0 0.5066666667 0.1)
(0.006 0.5066666667 0.1)
(0.012 0.5066666667 0.1)
(0.018 0.5066666667 0.1)
(0.024 0.5066666667 0.1)
(0.03 0.5066666667 0.1)
(0.036 0.5066666667 0.1)
(0.042 0.5066666667 0.1)
(0.048 0.5066666667 0.1)
(0.054 0.5066666667 0.1)
(0.06 0.5066666667 0.1)
(0.066 0.5066666667 0.1)
(0.072 0.5066666667 0.1)
(0.078 0.5066666667 0.1)
(0.084 0.5066666667 0.1)
(0.09 0.5066666667 0.1)
(0.096 0.5066666667 0.1)
(0.102 0.5066666667 0.1)
(0.108 0.5066666667 0.1)
(0.114 0.5066666667 0.1)
(0.12 0.5066666667 0.1)
(0.126 0.5066666667 0.1)
(0.132 0.5066666667 0.1)
(0.138 0.5066666667 0.1)
(0.144 0.5066666667 0.1)
(0.15 0.5066666667 0.1)
(0 0.52 0.1)
(0.006 0.52 0.1)
(0.012 0.52 0.1)
(0.018 0.52 0.1)
(0.024 0.52 0.1)
(0.03 0.52 0.1)
(0.036 0.52 0.1)
(0.042 0.52 0.1)
(0.048 0.52 0.1)
(0.054 0.52 0.1)
(0.06 0.52 0.1)
(0.066 0.52 0.1)
(0.072 0.52 0.1)
(0.078 0.52 0.1)
(0.084 0.52 0.1)
(0.09 0.52 0.1)
(0.096 0.52 0.1)
(0.102 0.52 0.1)
(0.108 0.52 0.1)
(0.114 0.52 0.1)
(0.12 0.52 0.1)
(0.126 0.52 0.1)
(0.132 0.52 0.1)
(0.138 0.52 0.1)
(0.144 0.52 0.1)
(0.15 0.52 0.1)
(0 0.5333333333 0.1)
(0.006 0.5333333333 0.1)
(0.012 0.5333333333 0.1)
(0.018 0.5333333333 0.1)
(0.024 0.5333333333 0.1)
(0.03 0.5333333333 0.1)
(0.036 0.5333333333 0.1)
(0.042 0.5333333333 0.1)
(0.048 0.5333333333 0.1)
(0.054 0.5333333333 0.1)
(0.06 0.5333333333 0.1)
(0.066 0.5333333333 0.1)
(0.072 0.5333333333 0.1)
(0.078 0.5333333333 0.1)
(0.084 0.5333333333 0.1)
(0.09 0.5333333333 0.1)
(0.096 0.5333333333 0.1)
(0.102 0.5333333333 0.1)
(0.108 0.5333333333 0.1)
(0.114 0.5333333333 0.1)
(0.12 0.5333333333 0.1)
(0.126 0.5333333333 0.1)
(0.132 0.5333333333 0.1)
(0.138 0.5333333333 0.1)
(0.144 0.5333333333 0.1)
(0.15 0.5333333333 0.1)
(0 0.5466666667 0.1)
(0.006 0.5466666667 0.1)
(0.012 0.5466666667 0.1)
(0.018 0.5466666667 0.1)
(0.024 0.5466666667 0.1)
(0.03 0.5466666667 0.1)
(0.036 0.5466666667 0.1)
(0.042 0.5466666667 0.1)
(0.048 0.5466666667 0.1)
(0.054 0.5466666667 0.1)
(0.06 0.5466666667 0.1)
(0.066 0.5466666667 0.1)
(0.072 0.5466666667 0.1)
(0.078 0.5466666667 0.1)
(0.084 0.5466666667 0.1)
(0.09 0.5466666667 0.1)
(0.096 0.5466666667 0.1)
(0.102 0.5466666667 0.1)
(0.108 0.5466666667 0.1)
(0.114 0.5466666667 0.1)
(0.12 0.5466666667 0.1)
(0.126 0.5466666667 0.1)
(0.132 0.5466666667 0.1)
(0.138 0.5466666667 0.1)
(0.144 0.5466666667 0.1)
(0.15 0.5466666667 0.1)
(0 0.56 0.1)
(0.006 0.56 0.1)
(0.012 0.56 0.1)
(0.018 0.56 0.1)
(0.024 0.56 0.1)
(0.03 0.56 0.1)
(0.036 0.56 0.1)
(0.042 0.56 0.1)
(0.048 0.56 0.1)
(0.054 0.56 0.1)
(0.06 0.56 0.1)
(0.066 0.56 0.1)
(0.072 0.56 0.1)
(0.078 0.56 0.1)
(0.084 0.56 0.1)
(0.09 0.56 0.1)
(0.096 0.56 0.1)
(0.102 0.56 0.1)
(0.108 0.56 0.1)
(0.114 0.56 0.1)
(0.12 0.56 0.1)
(0.126 0.56 0.1)
(0.132 0.56 0.1)
(0.138 0.56 0.1)
(0.144 0.56 0.1)
(0.15 0.56 0.1)
(0 0.5733333333 0.1)
(0.006 0.5733333333 0.1)
(0.012 0.5733333333 0.1)
(0.018 0.5733333333 0.1)
(0.024 0.5733333333 0.1)
(0.03 0.5733333333 0.1)
(0.036 0.5733333333 0.1)
(0.042 0.5733333333 0.1)
(0.048 0.5733333333 0.1)
(0.054 0.5733333333 0.1)
(0.06 0.5733333333 0.1)
(0.066 0.5733333333 0.1)
(0.072 0.5733333333 0.1)
(0.078 0.5733333333 0.1)
(0.084 0.5733333333 0.1)
(0.09 0.5733333333 0.1)
(0.096 0.5733333333 0.1)
(0.102 0.5733333333 0.1)
(0.108 0.5733333333 0.1)
(0.114 0.5733333333 0.1)
(0.12 0.5733333333 0.1)
(0.126 0.5733333333 0.1)
(0.132 0.5733333333 0.1)
(0.138 0.5733333333 0.1)
(0.144 0.5733333333 0.1)
(0.15 0.5733333333 0.1)
(0 0.5866666667 0.1)
(0.006 0.5866666667 0.1)
(0.012 0.5866666667 0.1)
(0.018 0.5866666667 0.1)
(0.024 0.5866666667 0.1)
(0.03 0.5866666667 0.1)
(0.036 0.5866666667 0.1)
(0.042 0.5866666667 0.1)
(0.048 0.5866666667 0.1)
(0.054 0.5866666667 0.1)
(0.06 0.5866666667 0.1)
(0.066 0.5866666667 0.1)
(0.072 0.5866666667 0.1)
(0.078 0.5866666667 0.1)
(0.084 0.5866666667 0.1)
(0.09 0.5866666667 0.1)
(0.096 0.5866666667 0.1)
(0.102 0.5866666667 0.1)
(0.108 0.5866666667 0.1)
(0.114 0.5866666667 0.1)
(0.12 0.5866666667 0.1)
(0.126 0.5866666667 0.1)
(0.132 0.5866666667 0.1)
(0.138 0.5866666667 0.1)
(0.144 0.5866666667 0.1)
(0.15 0.5866666667 0.1)
(0 0.6 0.1)
(0.006 0.6 0.1)
(0.012 0.6 0.1)
(0.018 0.6 0.1)
(0.024 0.6 0.1)
(0.03 0.6 0.1)
(0.036 0.6 0.1)
(0.042 0.6 0.1)
(0.048 0.6 0.1)
(0.054 0.6 0.1)
(0.06 0.6 0.1)
(0.066 0.6 0.1)
(0.072 0.6 0.1)
(0.078 0.6 0.1)
(0.084 0.6 0.1)
(0.09 0.6 0.1)
(0.096 0.6 0.1)
(0.102 0.6 0.1)
(0.108 0.6 0.1)
(0.114 0.6 0.1)
(0.12 0.6 0.1)
(0.126 0.6 0.1)
(0.132 0.6 0.1)
(0.138 0.6 0.1)
(0.144 0.6 0.1)
(0.15 0.6 0.1)
(0 0.6133333333 0.1)
(0.006 0.6133333333 0.1)
(0.012 0.6133333333 0.1)
(0.018 0.6133333333 0.1)
(0.024 0.6133333333 0.1)
(0.03 0.6133333333 0.1)
(0.036 0.6133333333 0.1)
(0.042 0.6133333333 0.1)
(0.048 0.6133333333 0.1)
(0.054 0.6133333333 0.1)
(0.06 0.6133333333 0.1)
(0.066 0.6133333333 0.1)
(0.072 0.6133333333 0.1)
(0.078 0.6133333333 0.1)
(0.084 0.6133333333 0.1)
(0.09 0.6133333333 0.1)
(0.096 0.6133333333 0.1)
(0.102 0.6133333333 0.1)
(0.108 0.6133333333 0.1)
(0.114 0.6133333333 0.1)
(0.12 0.6133333333 0.1)
(0.126 0.6133333333 0.1)
(0.132 0.6133333333 0.1)
(0.138 0.6133333333 0.1)
(0.144 0.6133333333 0.1)
(0.15 0.6133333333 0.1)
(0 0.6266666667 0.1)
(0.006 0.6266666667 0.1)
(0.012 0.6266666667 0.1)
(0.018 0.6266666667 0.1)
(0.024 0.6266666667 0.1)
(0.03 0.6266666667 0.1)
(0.036 0.6266666667 0.1)
(0.042 0.6266666667 0.1)
(0.048 0.6266666667 0.1)
(0.054 0.6266666667 0.1)
(0.06 0.6266666667 0.1)
(0.066 0.6266666667 0.1)
(0.072 0.6266666667 0.1)
(0.078 0.6266666667 0.1)
(0.084 0.6266666667 0.1)
(0.09 0.6266666667 0.1)
(0.096 0.6266666667 0.1)
(0.102 0.6266666667 0.1)
(0.108 0.6266666667 0.1)
(0.114 0.6266666667 0.1)
(0.12 0.6266666667 0.1)
(0.126 0.6266666667 0.1)
(0.132 0.6266666667 0.1)
(0.138 0.6266666667 0.1)
(0.144 0.6266666667 0.1)
(0.15 0.6266666667 0.1)
(0 0.64 0.1)
(0.006 0.64 0.1)
(0.012 0.64 0.1)
(0.018 0.64 0.1)
(0.024 0.64 0.1)
(0.03 0.64 0.1)
(0.036 0.64 0.1)
(0.042 0.64 0.1)
(0.048 0.64 0.1)
(0.054 0.64 0.1)
(0.06 0.64 0.1)
(0.066 0.64 0.1)
(0.072 0.64 0.1)
(0.078 0.64 0.1)
(0.084 0.64 0.1)
(0.09 0.64 0.1)
(0.096 0.64 0.1)
(0.102 0.64 0.1)
(0.108 0.64 0.1)
(0.114 0.64 0.1)
(0.12 0.64 0.1)
(0.126 0.64 0.1)
(0.132 0.64 0.1)
(0.138 0.64 0.1)
(0.144 0.64 0.1)
(0.15 0.64 0.1)
(0 0.6533333333 0.1)
(0.006 0.6533333333 0.1)
(0.012 0.6533333333 0.1)
(0.018 0.6533333333 0.1)
(0.024 0.6533333333 0.1)
(0.03 0.6533333333 0.1)
(0.036 0.6533333333 0.1)
(0.042 0.6533333333 0.1)
(0.048 0.6533333333 0.1)
(0.054 0.6533333333 0.1)
(0.06 0.6533333333 0.1)
(0.066 0.6533333333 0.1)
(0.072 0.6533333333 0.1)
(0.078 0.6533333333 0.1)
(0.084 0.6533333333 0.1)
(0.09 0.6533333333 0.1)
(0.096 0.6533333333 0.1)
(0.102 0.6533333333 0.1)
(0.108 0.6533333333 0.1)
(0.114 0.6533333333 0.1)
(0.12 0.6533333333 0.1)
(0.126 0.6533333333 0.1)
(0.132 0.6533333333 0.1)
(0.138 0.6533333333 0.1)
(0.144 0.6533333333 0.1)
(0.15 0.6533333333 0.1)
(0 0.6666666667 0.1)
(0.006 0.6666666667 0.1)
(0.012 0.6666666667 0.1)
(0.018 0.6666666667 0.1)
(0.024 0.6666666667 0.1)
(0.03 0.6666666667 0.1)
(0.036 0.6666666667 0.1)
(0.042 0.6666666667 0.1)
(0.048 0.6666666667 0.1)
(0.054 0.6666666667 0.1)
(0.06 0.6666666667 0.1)
(0.066 0.6666666667 0.1)
(0.072 0.6666666667 0.1)
(0.078 0.6666666667 0.1)
(0.084 0.6666666667 0.1)
(0.09 0.6666666667 0.1)
(0.096 0.6666666667 0.1)
(0.102 0.6666666667 0.1)
(0.108 0.6666666667 0.1)
(0.114 0.6666666667 0.1)
(0.12 0.6666666667 0.1)
(0.126 0.6666666667 0.1)
(0.132 0.6666666667 0.1)
(0.138 0.6666666667 0.1)
(0.144 0.6666666667 0.1)
(0.15 0.6666666667 0.1)
(0 0.68 0.1)
(0.006 0.68 0.1)
(0.012 0.68 0.1)
(0.018 0.68 0.1)
(0.024 0.68 0.1)
(0.03 0.68 0.1)
(0.036 0.68 0.1)
(0.042 0.68 0.1)
(0.048 0.68 0.1)
(0.054 0.68 0.1)
(0.06 0.68 0.1)
(0.066 0.68 0.1)
(0.072 0.68 0.1)
(0.078 0.68 0.1)
(0.084 0.68 0.1)
(0.09 0.68 0.1)
(0.096 0.68 0.1)
(0.102 0.68 0.1)
(0.108 0.68 0.1)
(0.114 0.68 0.1)
(0.12 0.68 0.1)
(0.126 0.68 0.1)
(0.132 0.68 0.1)
(0.138 0.68 0.1)
(0.144 0.68 0.1)
(0.15 0.68 0.1)
(0 0.6933333333 0.1)
(0.006 0.6933333333 0.1)
(0.012 0.6933333333 0.1)
(0.018 0.6933333333 0.1)
(0.024 0.6933333333 0.1)
(0.03 0.6933333333 0.1)
(0.036 0.6933333333 0.1)
(0.042 0.6933333333 0.1)
(0.048 0.6933333333 0.1)
(0.054 0.6933333333 0.1)
(0.06 0.6933333333 0.1)
(0.066 0.6933333333 0.1)
(0.072 0.6933333333 0.1)
(0.078 0.6933333333 0.1)
(0.084 0.6933333333 0.1)
(0.09 0.6933333333 0.1)
(0.096 0.6933333333 0.1)
(0.102 0.6933333333 0.1)
(0.108 0.6933333333 0.1)
(0.114 0.6933333333 0.1)
(0.12 0.6933333333 0.1)
(0.126 0.6933333333 0.1)
(0.132 0.6933333333 0.1)
(0.138 0.6933333333 0.1)
(0.144 0.6933333333 0.1)
(0.15 0.6933333333 0.1)
(0 0.7066666667 0.1)
(0.006 0.7066666667 0.1)
(0.012 0.7066666667 0.1)
(0.018 0.7066666667 0.1)
(0.024 0.7066666667 0.1)
(0.03 0.7066666667 0.1)
(0.036 0.7066666667 0.1)
(0.042 0.7066666667 0.1)
(0.048 0.7066666667 0.1)
(0.054 0.7066666667 0.1)
(0.06 0.7066666667 0.1)
(0.066 0.7066666667 0.1)
(0.072 0.7066666667 0.1)
(0.078 0.7066666667 0.1)
(0.084 0.7066666667 0.1)
(0.09 0.7066666667 0.1)
(0.096 0.7066666667 0.1)
(0.102 0.7066666667 0.1)
(0.108 0.7066666667 0.1)
(0.114 0.7066666667 0.1)
(0.12 0.7066666667 0.1)
(0.126 0.7066666667 0.1)
(0.132 0.7066666667 0.1)
(0.138 0.7066666667 0.1)
(0.144 0.7066666667 0.1)
(0.15 0.7066666667 0.1)
(0 0.72 0.1)
(0.006 0.72 0.1)
(0.012 0.72 0.1)
(0.018 0.72 0.1)
(0.024 0.72 0.1)
(0.03 0.72 0.1)
(0.036 0.72 0.1)
(0.042 0.72 0.1)
(0.048 0.72 0.1)
(0.054 0.72 0.1)
(0.06 0.72 0.1)
(0.066 0.72 0.1)
(0.072 0.72 0.1)
(0.078 0.72 0.1)
(0.084 0.72 0.1)
(0.09 0.72 0.1)
(0.096 0.72 0.1)
(0.102 0.72 0.1)
(0.108 0.72 0.1)
(0.114 0.72 0.1)
(0.12 0.72 0.1)
(0.126 0.72 0.1)
(0.132 0.72 0.1)
(0.138 0.72 0.1)
(0.144 0.72 0.1)
(0.15 0.72 0.1)
(0 0.7333333333 0.1)
(0.006 0.7333333333 0.1)
(0.012 0.7333333333 0.1)
(0.018 0.7333333333 0.1)
(0.024 0.7333333333 0.1)
(0.03 0.7333333333 0.1)
(0.036 0.7333333333 0.1)
(0.042 0.7333333333 0.1)
(0.048 0.7333333333 0.1)
(0.054 0.7333333333 0.1)
(0.06 0.7333333333 0.1)
(0.066 0.7333333333 0.1)
(0.072 0.7333333333 0.1)
(0.078 0.7333333333 0.1)
(0.084 0.7333333333 0.1)
(0.09 0.7333333333 0.1)
(0.096 0.7333333333 0.1)
(0.102 0.7333333333 0.1)
(0.108 0.7333333333 0.1)
(0.114 0.7333333333 0.1)
(0.12 0.7333333333 0.1)
(0.126 0.7333333333 0.1)
(0.132 0.7333333333 0.1)
(0.138 0.7333333333 0.1)
(0.144 0.7333333333 0.1)
(0.15 0.7333333333 0.1)
(0 0.7466666667 0.1)
(0.006 0.7466666667 0.1)
(0.012 0.7466666667 0.1)
(0.018 0.7466666667 0.1)
(0.024 0.7466666667 0.1)
(0.03 0.7466666667 0.1)
(0.036 0.7466666667 0.1)
(0.042 0.7466666667 0.1)
(0.048 0.7466666667 0.1)
(0.054 0.7466666667 0.1)
(0.06 0.7466666667 0.1)
(0.066 0.7466666667 0.1)
(0.072 0.7466666667 0.1)
(0.078 0.7466666667 0.1)
(0.084 0.7466666667 0.1)
(0.09 0.7466666667 0.1)
(0.096 0.7466666667 0.1)
(0.102 0.7466666667 0.1)
(0.108 0.7466666667 0.1)
(0.114 0.7466666667 0.1)
(0.12 0.7466666667 0.1)
(0.126 0.7466666667 0.1)
(0.132 0.7466666667 0.1)
(0.138 0.7466666667 0.1)
(0.144 0.7466666667 0.1)
(0.15 0.7466666667 0.1)
(0 0.76 0.1)
(0.006 0.76 0.1)
(0.012 0.76 0.1)
(0.018 0.76 0.1)
(0.024 0.76 0.1)
(0.03 0.76 0.1)
(0.036 0.76 0.1)
(0.042 0.76 0.1)
(0.048 0.76 0.1)
(0.054 0.76 0.1)
(0.06 0.76 0.1)
(0.066 0.76 0.1)
(0.072 0.76 0.1)
(0.078 0.76 0.1)
(0.084 0.76 0.1)
(0.09 0.76 0.1)
(0.096 0.76 0.1)
(0.102 0.76 0.1)
(0.108 0.76 0.1)
(0.114 0.76 0.1)
(0.12 0.76 0.1)
(0.126 0.76 0.1)
(0.132 0.76 0.1)
(0.138 0.76 0.1)
(0.144 0.76 0.1)
(0.15 0.76 0.1)
(0 0.7733333333 0.1)
(0.006 0.7733333333 0.1)
(0.012 0.7733333333 0.1)
(0.018 0.7733333333 0.1)
(0.024 0.7733333333 0.1)
(0.03 0.7733333333 0.1)
(0.036 0.7733333333 0.1)
(0.042 0.7733333333 0.1)
(0.048 0.7733333333 0.1)
(0.054 0.7733333333 0.1)
(0.06 0.7733333333 0.1)
(0.066 0.7733333333 0.1)
(0.072 0.7733333333 0.1)
(0.078 0.7733333333 0.1)
(0.084 0.7733333333 0.1)
(0.09 0.7733333333 0.1)
(0.096 0.7733333333 0.1)
(0.102 0.7733333333 0.1)
(0.108 0.7733333333 0.1)
(0.114 0.7733333333 0.1)
(0.12 0.7733333333 0.1)
(0.126 0.7733333333 0.1)
(0.132 0.7733333333 0.1)
(0.138 0.7733333333 0.1)
(0.144 0.7733333333 0.1)
(0.15 0.7733333333 0.1)
(0 0.7866666667 0.1)
(0.006 0.7866666667 0.1)
(0.012 0.7866666667 0.1)
(0.018 0.7866666667 0.1)
(0.024 0.7866666667 0.1)
(0.03 0.7866666667 0.1)
(0.036 0.7866666667 0.1)
(0.042 0.7866666667 0.1)
(0.048 0.7866666667 0.1)
(0.054 0.7866666667 0.1)
(0.06 0.7866666667 0.1)
(0.066 0.7866666667 0.1)
(0.072 0.7866666667 0.1)
(0.078 0.7866666667 0.1)
(0.084 0.7866666667 0.1)
(0.09 0.7866666667 0.1)
(0.096 0.7866666667 0.1)
(0.102 0.7866666667 0.1)
(0.108 0.7866666667 0.1)
(0.114 0.7866666667 0.1)
(0.12 0.7866666667 0.1)
(0.126 0.7866666667 0.1)
(0.132 0.7866666667 0.1)
(0.138 0.7866666667 0.1)
(0.144 0.7866666667 0.1)
(0.15 0.7866666667 0.1)
(0 0.8 0.1)
(0.006 0.8 0.1)
(0.012 0.8 0.1)
(0.018 0.8 0.1)
(0.024 0.8 0.1)
(0.03 0.8 0.1)
(0.036 0.8 0.1)
(0.042 0.8 0.1)
(0.048 0.8 0.1)
(0.054 0.8 0.1)
(0.06 0.8 0.1)
(0.066 0.8 0.1)
(0.072 0.8 0.1)
(0.078 0.8 0.1)
(0.084 0.8 0.1)
(0.09 0.8 0.1)
(0.096 0.8 0.1)
(0.102 0.8 0.1)
(0.108 0.8 0.1)
(0.114 0.8 0.1)
(0.12 0.8 0.1)
(0.126 0.8 0.1)
(0.132 0.8 0.1)
(0.138 0.8 0.1)
(0.144 0.8 0.1)
(0.15 0.8 0.1)
(0 0.8133333333 0.1)
(0.006 0.8133333333 0.1)
(0.012 0.8133333333 0.1)
(0.018 0.8133333333 0.1)
(0.024 0.8133333333 0.1)
(0.03 0.8133333333 0.1)
(0.036 0.8133333333 0.1)
(0.042 0.8133333333 0.1)
(0.048 0.8133333333 0.1)
(0.054 0.8133333333 0.1)
(0.06 0.8133333333 0.1)
(0.066 0.8133333333 0.1)
(0.072 0.8133333333 0.1)
(0.078 0.8133333333 0.1)
(0.084 0.8133333333 0.1)
(0.09 0.8133333333 0.1)
(0.096 0.8133333333 0.1)
(0.102 0.8133333333 0.1)
(0.108 0.8133333333 0.1)
(0.114 0.8133333333 0.1)
(0.12 0.8133333333 0.1)
(0.126 0.8133333333 0.1)
(0.132 0.8133333333 0.1)
(0.138 0.8133333333 0.1)
(0.144 0.8133333333 0.1)
(0.15 0.8133333333 0.1)
(0 0.8266666667 0.1)
(0.006 0.8266666667 0.1)
(0.012 0.8266666667 0.1)
(0.018 0.8266666667 0.1)
(0.024 0.8266666667 0.1)
(0.03 0.8266666667 0.1)
(0.036 0.8266666667 0.1)
(0.042 0.8266666667 0.1)
(0.048 0.8266666667 0.1)
(0.054 0.8266666667 0.1)
(0.06 0.8266666667 0.1)
(0.066 0.8266666667 0.1)
(0.072 0.8266666667 0.1)
(0.078 0.8266666667 0.1)
(0.084 0.8266666667 0.1)
(0.09 0.8266666667 0.1)
(0.096 0.8266666667 0.1)
(0.102 0.8266666667 0.1)
(0.108 0.8266666667 0.1)
(0.114 0.8266666667 0.1)
(0.12 0.8266666667 0.1)
(0.126 0.8266666667 0.1)
(0.132 0.8266666667 0.1)
(0.138 0.8266666667 0.1)
(0.144 0.8266666667 0.1)
(0.15 0.8266666667 0.1)
(0 0.84 0.1)
(0.006 0.84 0.1)
(0.012 0.84 0.1)
(0.018 0.84 0.1)
(0.024 0.84 0.1)
(0.03 0.84 0.1)
(0.036 0.84 0.1)
(0.042 0.84 0.1)
(0.048 0.84 0.1)
(0.054 0.84 0.1)
(0.06 0.84 0.1)
(0.066 0.84 0.1)
(0.072 0.84 0.1)
(0.078 0.84 0.1)
(0.084 0.84 0.1)
(0.09 0.84 0.1)
(0.096 0.84 0.1)
(0.102 0.84 0.1)
(0.108 0.84 0.1)
(0.114 0.84 0.1)
(0.12 0.84 0.1)
(0.126 0.84 0.1)
(0.132 0.84 0.1)
(0.138 0.84 0.1)
(0.144 0.84 0.1)
(0.15 0.84 0.1)
(0 0.8533333333 0.1)
(0.006 0.8533333333 0.1)
(0.012 0.8533333333 0.1)
(0.018 0.8533333333 0.1)
(0.024 0.8533333333 0.1)
(0.03 0.8533333333 0.1)
(0.036 0.8533333333 0.1)
(0.042 0.8533333333 0.1)
(0.048 0.8533333333 0.1)
(0.054 0.8533333333 0.1)
(0.06 0.8533333333 0.1)
(0.066 0.8533333333 0.1)
(0.072 0.8533333333 0.1)
(0.078 0.8533333333 0.1)
(0.084 0.8533333333 0.1)
(0.09 0.8533333333 0.1)
(0.096 0.8533333333 0.1)
(0.102 0.8533333333 0.1)
(0.108 0.8533333333 0.1)
(0.114 0.8533333333 0.1)
(0.12 0.8533333333 0.1)
(0.126 0.8533333333 0.1)
(0.132 0.8533333333 0.1)
(0.138 0.8533333333 0.1)
(0.144 0.8533333333 0.1)
(0.15 0.8533333333 0.1)
(0 0.8666666667 0.1)
(0.006 0.8666666667 0.1)
(0.012 0.8666666667 0.1)
(0.018 0.8666666667 0.1)
(0.024 0.8666666667 0.1)
(0.03 0.8666666667 0.1)
(0.036 0.8666666667 0.1)
(0.042 0.8666666667 0.1)
(0.048 0.8666666667 0.1)
(0.054 0.8666666667 0.1)
(0.06 0.8666666667 0.1)
(0.066 0.8666666667 0.1)
(0.072 0.8666666667 0.1)
(0.078 0.8666666667 0.1)
(0.084 0.8666666667 0.1)
(0.09 0.8666666667 0.1)
(0.096 0.8666666667 0.1)
(0.102 0.8666666667 0.1)
(0.108 0.8666666667 0.1)
(0.114 0.8666666667 0.1)
(0.12 0.8666666667 0.1)
(0.126 0.8666666667 0.1)
(0.132 0.8666666667 0.1)
(0.138 0.8666666667 0.1)
(0.144 0.8666666667 0.1)
(0.15 0.8666666667 0.1)
(0 0.88 0.1)
(0.006 0.88 0.1)
(0.012 0.88 0.1)
(0.018 0.88 0.1)
(0.024 0.88 0.1)
(0.03 0.88 0.1)
(0.036 0.88 0.1)
(0.042 0.88 0.1)
(0.048 0.88 0.1)
(0.054 0.88 0.1)
(0.06 0.88 0.1)
(0.066 0.88 0.1)
(0.072 0.88 0.1)
(0.078 0.88 0.1)
(0.084 0.88 0.1)
(0.09 0.88 0.1)
(0.096 0.88 0.1)
(0.102 0.88 0.1)
(0.108 0.88 0.1)
(0.114 0.88 0.1)
(0.12 0.88 0.1)
(0.126 0.88 0.1)
(0.132 0.88 0.1)
(0.138 0.88 0.1)
(0.144 0.88 0.1)
(0.15 0.88 0.1)
(0 0.8933333333 0.1)
(0.006 0.8933333333 0.1)
(0.012 0.8933333333 0.1)
(0.018 0.8933333333 0.1)
(0.024 0.8933333333 0.1)
(0.03 0.8933333333 0.1)
(0.036 0.8933333333 0.1)
(0.042 0.8933333333 0.1)
(0.048 0.8933333333 0.1)
(0.054 0.8933333333 0.1)
(0.06 0.8933333333 0.1)
(0.066 0.8933333333 0.1)
(0.072 0.8933333333 0.1)
(0.078 0.8933333333 0.1)
(0.084 0.8933333333 0.1)
(0.09 0.8933333333 0.1)
(0.096 0.8933333333 0.1)
(0.102 0.8933333333 0.1)
(0.108 0.8933333333 0.1)
(0.114 0.8933333333 0.1)
(0.12 0.8933333333 0.1)
(0.126 0.8933333333 0.1)
(0.132 0.8933333333 0.1)
(0.138 0.8933333333 0.1)
(0.144 0.8933333333 0.1)
(0.15 0.8933333333 0.1)
(0 0.9066666667 0.1)
(0.006 0.9066666667 0.1)
(0.012 0.9066666667 0.1)
(0.018 0.9066666667 0.1)
(0.024 0.9066666667 0.1)
(0.03 0.9066666667 0.1)
(0.036 0.9066666667 0.1)
(0.042 0.9066666667 0.1)
(0.048 0.9066666667 0.1)
(0.054 0.9066666667 0.1)
(0.06 0.9066666667 0.1)
(0.066 0.9066666667 0.1)
(0.072 0.9066666667 0.1)
(0.078 0.9066666667 0.1)
(0.084 0.9066666667 0.1)
(0.09 0.9066666667 0.1)
(0.096 0.9066666667 0.1)
(0.102 0.9066666667 0.1)
(0.108 0.9066666667 0.1)
(0.114 0.9066666667 0.1)
(0.12 0.9066666667 0.1)
(0.126 0.9066666667 0.1)
(0.132 0.9066666667 0.1)
(0.138 0.9066666667 0.1)
(0.144 0.9066666667 0.1)
(0.15 0.9066666667 0.1)
(0 0.92 0.1)
(0.006 0.92 0.1)
(0.012 0.92 0.1)
(0.018 0.92 0.1)
(0.024 0.92 0.1)
(0.03 0.92 0.1)
(0.036 0.92 0.1)
(0.042 0.92 0.1)
(0.048 0.92 0.1)
(0.054 0.92 0.1)
(0.06 0.92 0.1)
(0.066 0.92 0.1)
(0.072 0.92 0.1)
(0.078 0.92 0.1)
(0.084 0.92 0.1)
(0.09 0.92 0.1)
(0.096 0.92 0.1)
(0.102 0.92 0.1)
(0.108 0.92 0.1)
(0.114 0.92 0.1)
(0.12 0.92 0.1)
(0.126 0.92 0.1)
(0.132 0.92 0.1)
(0.138 0.92 0.1)
(0.144 0.92 0.1)
(0.15 0.92 0.1)
(0 0.9333333333 0.1)
(0.006 0.9333333333 0.1)
(0.012 0.9333333333 0.1)
(0.018 0.9333333333 0.1)
(0.024 0.9333333333 0.1)
(0.03 0.9333333333 0.1)
(0.036 0.9333333333 0.1)
(0.042 0.9333333333 0.1)
(0.048 0.9333333333 0.1)
(0.054 0.9333333333 0.1)
(0.06 0.9333333333 0.1)
(0.066 0.9333333333 0.1)
(0.072 0.9333333333 0.1)
(0.078 0.9333333333 0.1)
(0.084 0.9333333333 0.1)
(0.09 0.9333333333 0.1)
(0.096 0.9333333333 0.1)
(0.102 0.9333333333 0.1)
(0.108 0.9333333333 0.1)
(0.114 0.9333333333 0.1)
(0.12 0.9333333333 0.1)
(0.126 0.9333333333 0.1)
(0.132 0.9333333333 0.1)
(0.138 0.9333333333 0.1)
(0.144 0.9333333333 0.1)
(0.15 0.9333333333 0.1)
(0 0.9466666667 0.1)
(0.006 0.9466666667 0.1)
(0.012 0.9466666667 0.1)
(0.018 0.9466666667 0.1)
(0.024 0.9466666667 0.1)
(0.03 0.9466666667 0.1)
(0.036 0.9466666667 0.1)
(0.042 0.9466666667 0.1)
(0.048 0.9466666667 0.1)
(0.054 0.9466666667 0.1)
(0.06 0.9466666667 0.1)
(0.066 0.9466666667 0.1)
(0.072 0.9466666667 0.1)
(0.078 0.9466666667 0.1)
(0.084 0.9466666667 0.1)
(0.09 0.9466666667 0.1)
(0.096 0.9466666667 0.1)
(0.102 0.9466666667 0.1)
(0.108 0.9466666667 0.1)
(0.114 0.9466666667 0.1)
(0.12 0.9466666667 0.1)
(0.126 0.9466666667 0.1)
(0.132 0.9466666667 0.1)
(0.138 0.9466666667 0.1)
(0.144 0.9466666667 0.1)
(0.15 0.9466666667 0.1)
(0 0.96 0.1)
(0.006 0.96 0.1)
(0.012 0.96 0.1)
(0.018 0.96 0.1)
(0.024 0.96 0.1)
(0.03 0.96 0.1)
(0.036 0.96 0.1)
(0.042 0.96 0.1)
(0.048 0.96 0.1)
(0.054 0.96 0.1)
(0.06 0.96 0.1)
(0.066 0.96 0.1)
(0.072 0.96 0.1)
(0.078 0.96 0.1)
(0.084 0.96 0.1)
(0.09 0.96 0.1)
(0.096 0.96 0.1)
(0.102 0.96 0.1)
(0.108 0.96 0.1)
(0.114 0.96 0.1)
(0.12 0.96 0.1)
(0.126 0.96 0.1)
(0.132 0.96 0.1)
(0.138 0.96 0.1)
(0.144 0.96 0.1)
(0.15 0.96 0.1)
(0 0.9733333333 0.1)
(0.006 0.9733333333 0.1)
(0.012 0.9733333333 0.1)
(0.018 0.9733333333 0.1)
(0.024 0.9733333333 0.1)
(0.03 0.9733333333 0.1)
(0.036 0.9733333333 0.1)
(0.042 0.9733333333 0.1)
(0.048 0.9733333333 0.1)
(0.054 0.9733333333 0.1)
(0.06 0.9733333333 0.1)
(0.066 0.9733333333 0.1)
(0.072 0.9733333333 0.1)
(0.078 0.9733333333 0.1)
(0.084 0.9733333333 0.1)
(0.09 0.9733333333 0.1)
(0.096 0.9733333333 0.1)
(0.102 0.9733333333 0.1)
(0.108 0.9733333333 0.1)
(0.114 0.9733333333 0.1)
(0.12 0.9733333333 0.1)
(0.126 0.9733333333 0.1)
(0.132 0.9733333333 0.1)
(0.138 0.9733333333 0.1)
(0.144 0.9733333333 0.1)
(0.15 0.9733333333 0.1)
(0 0.9866666667 0.1)
(0.006 0.9866666667 0.1)
(0.012 0.9866666667 0.1)
(0.018 0.9866666667 0.1)
(0.024 0.9866666667 0.1)
(0.03 0.9866666667 0.1)
(0.036 0.9866666667 0.1)
(0.042 0.9866666667 0.1)
(0.048 0.9866666667 0.1)
(0.054 0.9866666667 0.1)
(0.06 0.9866666667 0.1)
(0.066 0.9866666667 0.1)
(0.072 0.9866666667 0.1)
(0.078 0.9866666667 0.1)
(0.084 0.9866666667 0.1)
(0.09 0.9866666667 0.1)
(0.096 0.9866666667 0.1)
(0.102 0.9866666667 0.1)
(0.108 0.9866666667 0.1)
(0.114 0.9866666667 0.1)
(0.12 0.9866666667 0.1)
(0.126 0.9866666667 0.1)
(0.132 0.9866666667 0.1)
(0.138 0.9866666667 0.1)
(0.144 0.9866666667 0.1)
(0.15 0.9866666667 0.1)
(0 1 0.1)
(0.006 1 0.1)
(0.012 1 0.1)
(0.018 1 0.1)
(0.024 1 0.1)
(0.03 1 0.1)
(0.036 1 0.1)
(0.042 1 0.1)
(0.048 1 0.1)
(0.054 1 0.1)
(0.06 1 0.1)
(0.066 1 0.1)
(0.072 1 0.1)
(0.078 1 0.1)
(0.084 1 0.1)
(0.09 1 0.1)
(0.096 1 0.1)
(0.102 1 0.1)
(0.108 1 0.1)
(0.114 1 0.1)
(0.12 1 0.1)
(0.126 1 0.1)
(0.132 1 0.1)
(0.138 1 0.1)
(0.144 1 0.1)
(0.15 1 0.1)
)


// ************************************************************************* //
