/*--------------------------------*- C++ -*----------------------------------*\
| =========                 |                                                 |
| \\      /  F ield         | OpenFOAM: The Open Source CFD Toolbox           |
|  \\    /   O peration     | Version:  v1806                                 |
|   \\  /    A nd           | Web:      www.OpenFOAM.com                      |
|    \\/     M anipulation  |                                                 |
\*---------------------------------------------------------------------------*/
FoamFile
{
    version     2.0;
    format      ascii;
    class       volScalarField;
    location    "0";
    object      V;
}
// * * * * * * * * * * * * * * * * * * * * * * * * * * * * * * * * * * * * * //

dimensions      [0 3 0 0 0 0 0];

internalField   nonuniform List<scalar> 
1000
(
1.000000000000008e-06
9.999999999999786e-07
1.000000000000008e-06
1.000000000000038e-06
9.999999999999489e-07
1.000000000000008e-06
1.000000000000068e-06
9.999999999999489e-07
9.999999999999786e-07
1.000000000000008e-06
1.000000000000038e-06
9.999999999999786e-07
9.999999999999786e-07
9.999999999999489e-07
1.000000000000097e-06
1.000000000000008e-06
9.999999999999786e-07
9.999999999999489e-07
1.000000000000068e-06
1.000000000000008e-06
9.999999999999489e-07
9.999999999999786e-07
1.000000000000068e-06
9.999999999999786e-07
9.999999999999786e-07
9.999999999999786e-07
1.000000000000008e-06
1.000000000000038e-06
1.000000000000008e-06
9.999999999999489e-07
1.000000000000008e-06
1.000000000000038e-06
9.999999999999786e-07
9.999999999999786e-07
9.999999999999786e-07
1.000000000000097e-06
9.999999999999489e-07
9.999999999999786e-07
9.999999999999786e-07
1.000000000000068e-06
9.999999999999786e-07
1.000000000000008e-06
9.999999999999489e-07
1.000000000000068e-06
1.000000000000008e-06
9.999999999999489e-07
1.000000000000008e-06
1.000000000000038e-06
9.999999999999786e-07
9.999999999999786e-07
9.999999999999786e-07
9.999999999999786e-07
1.000000000000068e-06
9.999999999999786e-07
9.999999999999786e-07
1.000000000000008e-06
1.000000000000068e-06
9.999999999999489e-07
9.999999999999786e-07
9.999999999999786e-07
1.000000000000097e-06
9.999999999999489e-07
9.999999999999786e-07
9.999999999999786e-07
1.000000000000068e-06
9.999999999999786e-07
9.999999999999786e-07
1.000000000000008e-06
1.000000000000038e-06
1.000000000000008e-06
9.999999999999489e-07
1.000000000000008e-06
1.000000000000038e-06
9.999999999999786e-07
9.999999999999786e-07
9.999999999999786e-07
9.999999999999786e-07
1.000000000000068e-06
9.999999999999786e-07
9.999999999999786e-07
1.000000000000008e-06
1.000000000000038e-06
1.000000000000008e-06
9.999999999999489e-07
9.999999999999786e-07
1.000000000000097e-06
9.999999999999489e-07
1.000000000000008e-06
9.999999999999489e-07
1.000000000000068e-06
9.999999999999786e-07
9.999999999999786e-07
9.999999999999786e-07
1.000000000000068e-06
9.999999999999786e-07
9.999999999999786e-07
1.000000000000008e-06
1.000000000000068e-06
9.999999999999489e-07
9.999999999999786e-07
9.999999999999786e-07
1.000000000000038e-06
9.999999999999786e-07
1.000000000000023e-06
9.999999999999489e-07
1.000000000000023e-06
1.000000000000008e-06
1.000000000000023e-06
9.999999999999934e-07
9.999999999999934e-07
9.999999999999786e-07
1.000000000000023e-06
9.999999999999934e-07
1.000000000000023e-06
9.999999999999637e-07
1.000000000000023e-06
9.999999999999934e-07
1.000000000000023e-06
9.999999999999934e-07
1.000000000000008e-06
9.999999999999489e-07
1.000000000000052e-06
9.999999999999637e-07
1.000000000000008e-06
9.999999999999934e-07
9.999999999999786e-07
1.000000000000038e-06
9.999999999999786e-07
1.000000000000008e-06
9.999999999999934e-07
1.000000000000008e-06
9.999999999999786e-07
1.000000000000038e-06
9.999999999999786e-07
1.000000000000023e-06
9.999999999999637e-07
1.000000000000008e-06
1.000000000000008e-06
1.000000000000008e-06
9.999999999999637e-07
1.000000000000038e-06
9.999999999999786e-07
1.000000000000038e-06
9.999999999999786e-07
1.000000000000023e-06
9.999999999999637e-07
1.000000000000023e-06
9.999999999999934e-07
1.000000000000023e-06
9.999999999999489e-07
9.999999999999934e-07
1.000000000000023e-06
9.999999999999934e-07
1.000000000000023e-06
9.999999999999637e-07
1.000000000000023e-06
9.999999999999786e-07
1.000000000000038e-06
9.999999999999786e-07
1.000000000000008e-06
9.999999999999934e-07
9.999999999999934e-07
1.000000000000023e-06
1.000000000000008e-06
9.999999999999637e-07
1.000000000000023e-06
9.999999999999786e-07
1.000000000000038e-06
9.999999999999786e-07
1.000000000000008e-06
9.999999999999637e-07
1.000000000000038e-06
9.999999999999786e-07
1.000000000000038e-06
9.999999999999786e-07
9.999999999999637e-07
1.000000000000038e-06
9.999999999999637e-07
1.000000000000023e-06
9.999999999999637e-07
1.000000000000038e-06
9.999999999999786e-07
1.000000000000023e-06
9.999999999999934e-07
1.000000000000023e-06
9.999999999999786e-07
1.000000000000008e-06
9.999999999999934e-07
1.000000000000023e-06
9.999999999999489e-07
1.000000000000053e-06
9.999999999999637e-07
1.000000000000023e-06
9.999999999999934e-07
1.000000000000023e-06
9.999999999999637e-07
1.000000000000023e-06
9.999999999999786e-07
1.000000000000038e-06
9.999999999999637e-07
9.999999999999934e-07
1.000000000000023e-06
9.999999999999786e-07
1.000000000000038e-06
9.999999999999489e-07
1.000000000000023e-06
9.999999999999786e-07
1.000000000000023e-06
9.999999999999786e-07
1.000000000000023e-06
9.999999999999934e-07
1.000000000000008e-06
9.999999999999934e-07
1.000000000000008e-06
9.999999999999934e-07
1.000000000000023e-06
9.999999999999786e-07
1.000000000000023e-06
9.999999999999637e-07
1.000000000000023e-06
9.999999999999637e-07
1.000000000000038e-06
9.999999999999786e-07
1.000000000000023e-06
9.999999999999934e-07
9.999999999999637e-07
1.000000000000038e-06
9.999999999999786e-07
1.000000000000023e-06
9.999999999999489e-07
1.000000000000023e-06
9.999999999999934e-07
1.000000000000023e-06
9.999999999999786e-07
1.000000000000053e-06
9.999999999999489e-07
1.000000000000023e-06
9.999999999999934e-07
1.000000000000008e-06
9.999999999999786e-07
1.000000000000023e-06
9.999999999999934e-07
1.000000000000023e-06
9.999999999999786e-07
1.000000000000023e-06
9.999999999999637e-07
1.000000000000038e-06
9.999999999999637e-07
1.000000000000023e-06
9.999999999999786e-07
9.999999999999934e-07
1.000000000000023e-06
9.999999999999786e-07
1.000000000000008e-06
9.999999999999934e-07
1.000000000000008e-06
9.999999999999637e-07
1.000000000000053e-06
9.999999999999637e-07
1.000000000000038e-06
9.999999999999637e-07
1.000000000000023e-06
9.999999999999786e-07
1.000000000000023e-06
9.999999999999786e-07
1.000000000000023e-06
9.999999999999786e-07
1.000000000000038e-06
9.999999999999637e-07
1.000000000000023e-06
9.999999999999934e-07
1.000000000000008e-06
9.999999999999786e-07
1.000000000000023e-06
9.999999999999786e-07
9.999999999999786e-07
1.000000000000023e-06
9.999999999999934e-07
1.000000000000008e-06
9.999999999999786e-07
1.000000000000023e-06
9.999999999999786e-07
1.000000000000023e-06
9.999999999999934e-07
1.000000000000023e-06
9.999999999999786e-07
1.000000000000008e-06
9.999999999999786e-07
1.000000000000023e-06
9.999999999999786e-07
1.000000000000023e-06
9.999999999999786e-07
1.000000000000038e-06
9.999999999999786e-07
1.000000000000008e-06
9.999999999999786e-07
1.000000000000023e-06
9.999999999999786e-07
1.000000000000038e-06
9.999999999999637e-07
1.000000000000008e-06
1.000000000000001e-06
9.999999999999858e-07
1.000000000000015e-06
9.999999999999934e-07
1.000000000000001e-06
1.000000000000008e-06
9.999999999999934e-07
1.000000000000008e-06
1.000000000000001e-06
1.000000000000001e-06
9.999999999999858e-07
9.999999999999858e-07
1.000000000000008e-06
1.000000000000001e-06
9.999999999999932e-07
1.000000000000008e-06
9.999999999999932e-07
1.000000000000008e-06
9.999999999999858e-07
1.000000000000008e-06
1.000000000000008e-06
9.999999999999934e-07
1.000000000000008e-06
9.999999999999858e-07
1.000000000000008e-06
1.000000000000008e-06
9.999999999999932e-07
1.000000000000008e-06
9.999999999999932e-07
9.999999999999932e-07
1.000000000000015e-06
9.999999999999934e-07
1.000000000000008e-06
9.999999999999932e-07
1.000000000000001e-06
1.000000000000008e-06
9.999999999999712e-07
1.000000000000001e-06
9.999999999999932e-07
1.000000000000008e-06
1.000000000000008e-06
1.000000000000001e-06
1.000000000000001e-06
9.999999999999858e-07
1.000000000000008e-06
1.000000000000008e-06
9.999999999999934e-07
1.000000000000001e-06
1.000000000000001e-06
1.000000000000008e-06
1.000000000000008e-06
9.999999999999858e-07
1.000000000000001e-06
1.000000000000001e-06
1.000000000000001e-06
1.000000000000001e-06
1.000000000000008e-06
1.000000000000001e-06
9.999999999999934e-07
1.000000000000001e-06
1.000000000000001e-06
9.999999999999786e-07
1.000000000000008e-06
9.999999999999858e-07
1.000000000000008e-06
1.000000000000001e-06
1.000000000000001e-06
1.000000000000008e-06
9.999999999999932e-07
1.000000000000008e-06
1.000000000000001e-06
9.999999999999932e-07
1.000000000000001e-06
1.000000000000001e-06
1.000000000000008e-06
9.999999999999932e-07
1.000000000000001e-06
1.000000000000008e-06
1.000000000000001e-06
9.999999999999934e-07
1.000000000000001e-06
1.000000000000001e-06
1.000000000000008e-06
9.999999999999934e-07
1.000000000000001e-06
1.000000000000001e-06
9.999999999999786e-07
1.000000000000008e-06
9.999999999999932e-07
1.000000000000001e-06
1.000000000000008e-06
1.000000000000001e-06
9.999999999999934e-07
1.000000000000001e-06
1.000000000000001e-06
1.000000000000008e-06
9.999999999999932e-07
1.000000000000001e-06
1.000000000000001e-06
1.000000000000004e-06
1.000000000000001e-06
9.999999999999968e-07
1.000000000000001e-06
1.000000000000004e-06
9.999999999999932e-07
9.999999999999972e-07
9.99999999999997e-07
1.000000000000001e-06
9.999999999999968e-07
1.000000000000008e-06
1.000000000000001e-06
9.999999999999972e-07
1.000000000000001e-06
1.000000000000001e-06
1.000000000000004e-06
1.000000000000001e-06
9.999999999999972e-07
9.999999999999896e-07
9.999999999999972e-07
1.000000000000008e-06
1.000000000000001e-06
9.999999999999968e-07
1.000000000000001e-06
1.000000000000001e-06
1.000000000000008e-06
9.999999999999932e-07
1.000000000000001e-06
1.000000000000004e-06
9.99999999999997e-07
1.000000000000001e-06
9.999999999999934e-07
9.99999999999997e-07
1.000000000000001e-06
1.000000000000001e-06
1.000000000000004e-06
9.999999999999972e-07
1.000000000000004e-06
9.999999999999972e-07
1.000000000000004e-06
9.999999999999972e-07
1.000000000000004e-06
9.99999999999997e-07
9.999999999999898e-07
1.000000000000001e-06
1.000000000000004e-06
9.99999999999997e-07
1.000000000000001e-06
1.000000000000001e-06
1.000000000000001e-06
1.000000000000002e-06
9.999999999999989e-07
9.999999999999989e-07
9.999999999999968e-07
9.999999999999989e-07
1.000000000000004e-06
9.999999999999989e-07
1.000000000000002e-06
9.999999999999989e-07
9.999999999999934e-07
1.000000000000004e-06
9.999999999999989e-07
1.000000000000004e-06
9.99999999999997e-07
1.000000000000001e-06
9.999999999999968e-07
9.999999999999989e-07
1.000000000000002e-06
1.000000000000001e-06
1.000000000000001e-06
1.000000000000001e-06
9.999999999999934e-07
1.000000000000002e-06
9.999999999999989e-07
1.000000000000001e-06
1.000000000000001e-06
9.99999999999998e-07
1.000000000000002e-06
1.000000000000001e-06
9.999999999999961e-07
1.000000000000002e-06
1.000000000000001e-06
9.999999999999989e-07
1.000000000000001e-06
1.000000000000001e-06
9.999999999999972e-07
1.000000000000001e-06
1.000000000000001e-06
9.999999999999997e-07
9.999999999999983e-07
1.000000000000001e-06
1e-06
9.999999999999989e-07
1.000000000000001e-06
9.999999999999993e-07
1.000000000000001e-06
9.999999999999997e-07
9.999999999999997e-07
9.999999999999997e-07
9.999999999999997e-07
9.999999999999997e-07
9.999999999999997e-07
9.999999999999997e-07
9.999999999999997e-07
1.000000000000001e-06
9.999999999999991e-07
1.000000000000001e-06
9.999999999999989e-07
9.999999999999997e-07
1.000000000000001e-06
9.999999999999983e-07
9.999999999999997e-07
1.000000000000001e-06
1.000000000000001e-06
9.999999999999972e-07
1.000000000000001e-06
1.000000000000001e-06
9.999999999999989e-07
1.000000000000001e-06
1.000000000000002e-06
9.999999999999964e-07
1.000000000000001e-06
1.000000000000002e-06
9.99999999999998e-07
1.000000000000001e-06
1.000000000000001e-06
9.999999999999989e-07
1.000000000000002e-06
9.999999999999934e-07
1.000000000000001e-06
1.000000000000001e-06
1.000000000000001e-06
1.000000000000002e-06
9.999999999999989e-07
9.999999999999968e-07
1.000000000000001e-06
9.999999999999972e-07
1.000000000000004e-06
9.999999999999989e-07
1.000000000000004e-06
9.999999999999932e-07
9.999999999999989e-07
1.000000000000002e-06
9.999999999999989e-07
1.000000000000004e-06
9.999999999999989e-07
9.999999999999972e-07
9.999999999999989e-07
9.999999999999989e-07
1.000000000000002e-06
1.000000000000001e-06
1.000000000000001e-06
1.000000000000001e-06
9.999999999999972e-07
1.000000000000004e-06
1.000000000000001e-06
9.999999999999896e-07
9.999999999999972e-07
1.000000000000004e-06
9.99999999999997e-07
1.000000000000004e-06
9.99999999999997e-07
1.000000000000004e-06
9.99999999999997e-07
1.000000000000004e-06
1.000000000000001e-06
1.000000000000001e-06
9.999999999999968e-07
9.999999999999934e-07
1.000000000000001e-06
9.999999999999972e-07
1.000000000000004e-06
1.000000000000001e-06
9.999999999999934e-07
1.000000000000008e-06
1.000000000000001e-06
1.000000000000001e-06
9.999999999999972e-07
1.000000000000001e-06
1.000000000000008e-06
9.99999999999997e-07
9.999999999999896e-07
9.99999999999997e-07
1.000000000000001e-06
1.000000000000004e-06
1.000000000000001e-06
1.000000000000001e-06
9.999999999999972e-07
1.000000000000001e-06
1.000000000000008e-06
9.99999999999997e-07
1.000000000000001e-06
9.999999999999968e-07
9.999999999999972e-07
9.999999999999934e-07
1.000000000000004e-06
1.000000000000001e-06
9.99999999999997e-07
1.000000000000001e-06
1.000000000000004e-06
1.000000000000001e-06
1.000000000000001e-06
9.999999999999934e-07
1.000000000000008e-06
1.000000000000001e-06
1.000000000000001e-06
9.999999999999932e-07
1.000000000000001e-06
1.000000000000008e-06
1.000000000000001e-06
9.999999999999934e-07
1.000000000000008e-06
9.999999999999786e-07
1.000000000000001e-06
1.000000000000001e-06
9.999999999999932e-07
1.000000000000008e-06
1.000000000000001e-06
1.000000000000001e-06
9.999999999999932e-07
1.000000000000001e-06
1.000000000000008e-06
1.000000000000001e-06
9.999999999999934e-07
1.000000000000008e-06
1.000000000000001e-06
1.000000000000001e-06
9.999999999999932e-07
1.000000000000001e-06
1.000000000000008e-06
9.999999999999934e-07
1.000000000000008e-06
1.000000000000001e-06
1.000000000000001e-06
1.000000000000008e-06
9.999999999999858e-07
1.000000000000008e-06
9.999999999999786e-07
1.000000000000001e-06
1.000000000000001e-06
9.999999999999932e-07
1.000000000000001e-06
1.000000000000008e-06
1.000000000000001e-06
1.000000000000001e-06
1.000000000000001e-06
1.000000000000001e-06
9.999999999999858e-07
1.000000000000008e-06
1.000000000000008e-06
1.000000000000001e-06
1.000000000000001e-06
9.999999999999932e-07
1.000000000000008e-06
1.000000000000008e-06
9.999999999999858e-07
1.000000000000001e-06
1.000000000000001e-06
1.000000000000008e-06
1.000000000000008e-06
9.999999999999932e-07
1.000000000000001e-06
9.999999999999712e-07
1.000000000000008e-06
1.000000000000001e-06
9.999999999999934e-07
1.000000000000008e-06
9.999999999999932e-07
1.000000000000015e-06
9.999999999999932e-07
9.999999999999934e-07
1.000000000000008e-06
9.999999999999932e-07
1.000000000000008e-06
1.000000000000008e-06
9.999999999999858e-07
1.000000000000008e-06
9.999999999999932e-07
1.000000000000008e-06
1.000000000000008e-06
9.999999999999858e-07
1.000000000000008e-06
9.999999999999932e-07
1.000000000000008e-06
9.999999999999934e-07
1.000000000000001e-06
1.000000000000008e-06
9.999999999999858e-07
9.999999999999858e-07
1.000000000000001e-06
1.000000000000001e-06
1.000000000000008e-06
9.999999999999934e-07
1.000000000000008e-06
1.000000000000001e-06
9.999999999999934e-07
1.000000000000015e-06
9.999999999999858e-07
1.000000000000001e-06
1.000000000000008e-06
9.999999999999637e-07
1.000000000000038e-06
9.999999999999786e-07
1.000000000000023e-06
9.999999999999786e-07
1.000000000000008e-06
9.999999999999786e-07
1.000000000000038e-06
9.999999999999786e-07
1.000000000000023e-06
9.999999999999786e-07
1.000000000000023e-06
9.999999999999786e-07
1.000000000000008e-06
9.999999999999786e-07
1.000000000000023e-06
9.999999999999934e-07
1.000000000000023e-06
9.999999999999786e-07
1.000000000000023e-06
9.999999999999786e-07
1.000000000000008e-06
9.999999999999934e-07
1.000000000000023e-06
9.999999999999786e-07
9.999999999999786e-07
1.000000000000023e-06
9.999999999999786e-07
1.000000000000008e-06
9.999999999999934e-07
1.000000000000023e-06
9.999999999999637e-07
1.000000000000038e-06
9.999999999999786e-07
1.000000000000023e-06
9.999999999999786e-07
1.000000000000023e-06
9.999999999999786e-07
1.000000000000023e-06
9.999999999999637e-07
1.000000000000038e-06
9.999999999999637e-07
1.000000000000052e-06
9.999999999999637e-07
1.000000000000008e-06
9.999999999999934e-07
1.000000000000008e-06
9.999999999999786e-07
1.000000000000023e-06
9.999999999999934e-07
9.999999999999786e-07
1.000000000000023e-06
9.999999999999637e-07
1.000000000000038e-06
9.999999999999637e-07
1.000000000000023e-06
9.999999999999786e-07
1.000000000000023e-06
9.999999999999934e-07
1.000000000000023e-06
9.999999999999786e-07
1.000000000000008e-06
9.999999999999934e-07
1.000000000000023e-06
9.999999999999489e-07
1.000000000000052e-06
9.999999999999786e-07
1.000000000000023e-06
9.999999999999934e-07
1.000000000000023e-06
9.999999999999489e-07
1.000000000000023e-06
9.999999999999786e-07
1.000000000000038e-06
9.999999999999637e-07
9.999999999999934e-07
1.000000000000023e-06
9.999999999999786e-07
1.000000000000038e-06
9.999999999999637e-07
1.000000000000023e-06
9.999999999999637e-07
1.000000000000023e-06
9.999999999999786e-07
1.000000000000023e-06
9.999999999999934e-07
1.000000000000008e-06
9.999999999999934e-07
1.000000000000008e-06
9.999999999999934e-07
1.000000000000023e-06
9.999999999999786e-07
1.000000000000023e-06
9.999999999999786e-07
1.000000000000023e-06
9.999999999999489e-07
1.000000000000038e-06
9.999999999999786e-07
1.000000000000023e-06
9.999999999999934e-07
9.999999999999637e-07
1.000000000000038e-06
9.999999999999786e-07
1.000000000000023e-06
9.999999999999637e-07
1.000000000000023e-06
9.999999999999934e-07
1.000000000000023e-06
9.999999999999637e-07
1.000000000000052e-06
9.999999999999489e-07
1.000000000000023e-06
9.999999999999934e-07
1.000000000000008e-06
9.999999999999786e-07
1.000000000000023e-06
9.999999999999934e-07
1.000000000000023e-06
9.999999999999786e-07
1.000000000000038e-06
9.999999999999637e-07
1.000000000000023e-06
9.999999999999637e-07
1.000000000000038e-06
9.999999999999637e-07
9.999999999999786e-07
1.000000000000038e-06
9.999999999999786e-07
1.000000000000038e-06
9.999999999999637e-07
1.000000000000008e-06
9.999999999999786e-07
1.000000000000038e-06
9.999999999999786e-07
1.000000000000023e-06
9.999999999999637e-07
1.000000000000008e-06
1.000000000000023e-06
9.999999999999934e-07
9.999999999999934e-07
1.000000000000008e-06
9.999999999999786e-07
1.000000000000038e-06
9.999999999999786e-07
1.000000000000023e-06
9.999999999999637e-07
1.000000000000023e-06
9.999999999999934e-07
1.000000000000023e-06
9.999999999999934e-07
9.999999999999489e-07
1.000000000000023e-06
9.999999999999934e-07
1.000000000000023e-06
9.999999999999637e-07
1.000000000000023e-06
9.999999999999786e-07
1.000000000000038e-06
9.999999999999786e-07
1.000000000000038e-06
9.999999999999637e-07
1.000000000000008e-06
1.000000000000008e-06
1.000000000000008e-06
9.999999999999637e-07
1.000000000000023e-06
9.999999999999786e-07
1.000000000000038e-06
9.999999999999786e-07
1.000000000000008e-06
9.999999999999934e-07
1.000000000000008e-06
9.999999999999786e-07
1.000000000000038e-06
9.999999999999786e-07
9.999999999999934e-07
1.000000000000008e-06
9.999999999999637e-07
1.000000000000052e-06
9.999999999999489e-07
1.000000000000008e-06
9.999999999999934e-07
1.000000000000023e-06
9.999999999999934e-07
1.000000000000023e-06
9.999999999999637e-07
1.000000000000023e-06
9.999999999999934e-07
1.000000000000023e-06
9.999999999999786e-07
9.999999999999934e-07
9.999999999999934e-07
1.000000000000023e-06
1.000000000000008e-06
1.000000000000023e-06
9.999999999999489e-07
1.000000000000023e-06
9.999999999999786e-07
1.000000000000038e-06
9.999999999999786e-07
9.999999999999786e-07
9.999999999999489e-07
1.000000000000068e-06
1.000000000000008e-06
9.999999999999786e-07
9.999999999999786e-07
1.000000000000068e-06
9.999999999999786e-07
9.999999999999786e-07
9.999999999999786e-07
1.000000000000068e-06
9.999999999999489e-07
1.000000000000008e-06
9.999999999999489e-07
1.000000000000097e-06
9.999999999999786e-07
9.999999999999489e-07
1.000000000000008e-06
1.000000000000038e-06
1.000000000000008e-06
9.999999999999786e-07
9.999999999999786e-07
1.000000000000068e-06
9.999999999999786e-07
9.999999999999786e-07
9.999999999999786e-07
9.999999999999786e-07
1.000000000000038e-06
1.000000000000008e-06
9.999999999999489e-07
1.000000000000008e-06
1.000000000000038e-06
1.000000000000008e-06
9.999999999999786e-07
9.999999999999786e-07
1.000000000000068e-06
9.999999999999786e-07
9.999999999999786e-07
9.999999999999489e-07
1.000000000000097e-06
9.999999999999786e-07
9.999999999999786e-07
9.999999999999489e-07
1.000000000000068e-06
1.000000000000008e-06
9.999999999999786e-07
9.999999999999786e-07
1.000000000000068e-06
9.999999999999786e-07
9.999999999999786e-07
9.999999999999786e-07
9.999999999999786e-07
1.000000000000038e-06
1.000000000000008e-06
9.999999999999489e-07
1.000000000000008e-06
1.000000000000068e-06
9.999999999999489e-07
1.000000000000008e-06
9.999999999999786e-07
1.000000000000068e-06
9.999999999999786e-07
9.999999999999786e-07
9.999999999999489e-07
1.000000000000097e-06
9.999999999999786e-07
9.999999999999786e-07
9.999999999999786e-07
1.000000000000038e-06
1.000000000000008e-06
9.999999999999489e-07
1.000000000000008e-06
1.000000000000038e-06
1.000000000000008e-06
9.999999999999786e-07
9.999999999999786e-07
9.999999999999786e-07
1.000000000000068e-06
9.999999999999786e-07
9.999999999999489e-07
1.000000000000008e-06
1.000000000000068e-06
9.999999999999489e-07
9.999999999999786e-07
1.000000000000008e-06
1.000000000000097e-06
9.999999999999489e-07
9.999999999999786e-07
9.999999999999786e-07
1.000000000000038e-06
1.000000000000008e-06
9.999999999999786e-07
9.999999999999489e-07
1.000000000000068e-06
1.000000000000008e-06
9.999999999999489e-07
1.000000000000038e-06
1.000000000000008e-06
9.999999999999786e-07
1.000000000000008e-06
)
;

boundaryField
{
    inlet
    {
        type            calculated;
        value           uniform 0.0004;
    }
    outlet
    {
        type            calculated;
        value           uniform 0.0004;
    }
    frontAndBack
    {
        type            empty;
    }
}


// ************************************************************************* //
