/*--------------------------------*- C++ -*----------------------------------*\
| =========                 |                                                 |
| \\      /  F ield         | OpenFOAM: The Open Source CFD Toolbox           |
|  \\    /   O peration     | Version:  1.4.2                                 |
|   \\  /    A nd           | Web:      http://www.openfoam.org               |
|    \\/     M anipulation  |                                                 |
\*---------------------------------------------------------------------------*/
FoamFile
{
    version     2.0;
    format      ascii;
    class       volScalarField;
    object      epsilon;
    location    "150";
}
// * * * * * * * * * * * * * * * * * * * * * * * * * * * * * * * * * * * * * //

dimensions      [0 2 -3 0 0 0 0];

internalField   nonuniform List<scalar> 
12225
(
443.024
353.445
290.568
245.313
212.141
187.54
169.218
155.671
146.057
140.704
144.312
179.863
330.023
766.565
1667.78
3239.51
7191.97
10999.1
60.1728
73.6245
79.5958
83.7459
87.7845
92.4291
98.0037
104.617
112.203
120.597
130.673
150.821
209.786
358.235
655.39
1192.89
2121.23
3234.84
26.3019
33.7114
37.8439
40.6925
42.9524
44.9923
47.0246
49.2005
51.7799
55.9771
67.6022
103.578
189.439
349.139
606.051
993.987
1535.56
2178.29
18.74
22.7348
25.4891
27.3727
28.8182
30.0377
31.174
32.4528
34.5671
40.3378
59.4487
112.086
219.945
396.152
648.761
986.447
1407.9
1888.63
16.1713
18.176
19.9499
21.3096
22.3652
23.2298
24.0598
25.2117
27.8611
36.426
63.8243
132.002
258.712
449.168
701.826
1013.53
1376.46
1776.41
15.2366
16.0944
17.0642
17.9635
18.7301
19.4012
20.1226
21.3678
24.8954
36.8812
73.3504
156.795
300.113
501.783
753.928
1047.72
1373.64
1722.7
14.8947
15.1739
15.5963
16.0727
16.5503
17.0431
17.7015
19.1551
23.8395
39.9462
86.3414
184.616
342.245
552.19
802.491
1081.65
1380.02
1691.48
14.7878
14.8396
14.9971
15.2239
15.4946
15.8356
16.4393
18.1147
23.9475
43.8804
98.5061
207.582
374.237
587.96
834.708
1102
1380.51
1665.55
14.7443
14.6888
14.7027
14.7758
14.9021
15.1198
15.6409
17.3492
23.6098
45.0706
102.761
215.147
383.16
594.571
834.259
1089.34
1350.75
1614.34
14.7242
14.6132
14.5428
14.514
14.5323
14.6418
15.0532
16.6423
22.7774
44.1139
101.332
211.882
375.725
579.991
809.106
1050.03
1293.89
1536.57
14.7154
14.5787
14.4649
14.3774
14.3253
14.3514
14.6486
16.0267
21.6612
41.7369
96.0147
201.018
356.561
550.021
765.939
991.35
1217.43
1439.89
14.7116
14.5643
14.431
14.3142
14.2221
14.1916
14.3875
15.5208
20.462
38.6329
88.518
185.679
330.209
510.347
711.235
920.197
1128.47
1331.43
14.7098
14.5584
14.4175
14.2881
14.1765
14.1114
14.2273
15.1282
19.3416
35.3868
80.2891
168.633
300.849
466.31
651.125
843.161
1033.81
1218.18
14.7088
14.5557
14.4121
14.2782
14.158
14.0735
14.1321
14.8414
18.4124
32.4744
72.5219
152.103
271.898
422.415
590.968
766.214
939.872
1106.91
14.708
14.5541
14.4096
14.2742
14.1507
14.0557
14.0761
14.6439
17.7151
30.1542
65.9754
137.56
245.71
382.005
535.051
694.466
852.46
1004.05
14.7073
14.5529
14.408
14.2723
14.1475
14.0467
14.0424
14.5111
17.2125
28.3883
60.7356
125.461
223.388
347.075
486.392
631.986
776.681
915.674
14.7066
14.5519
14.4068
14.271
14.1458
14.0417
14.0208
14.4162
16.822
26.9459
56.4038
115.487
205.083
318.614
447.086
582.13
717.217
847.824
14.7061
14.5512
14.4062
14.2705
14.1452
14.0392
14.0069
14.3439
16.485
25.6469
52.6768
107.515
191.367
298.369
420.402
549.905
680.939
809.285
14.7059
14.5511
14.4065
14.2712
14.146
14.0387
13.9961
14.2723
16.1074
24.1359
48.5626
99.6037
179.319
282.588
401.953
530.474
662.704
794.736
14.7061
14.5519
14.408
14.2736
14.1492
14.0414
13.9885
14.1968
15.6717
22.3095
43.483
89.9878
165.37
265.533
383.657
513.352
649.644
788.992
14.7068
14.5539
14.412
14.2806
14.16
14.0553
13.9966
14.1421
15.2581
20.4199
37.8289
78.6983
148.55
244.758
361.271
492.322
633.515
781.815
14.7085
14.5599
14.4253
14.3046
14.198
14.1089
14.0592
14.1645
14.9803
18.7958
32.3628
66.7387
129.539
220.126
333.486
464.668
610.053
767.328
14.7142
14.5811
14.4727
14.388
14.3248
14.2827
14.2747
14.3804
14.9846
17.7072
27.7594
55.2871
109.611
192.513
300.45
429.59
577.344
742.356
14.7358
14.659
14.6347
14.6519
14.6976
14.7622
14.8487
15.0068
15.4906
17.39
24.4754
45.3224
90.0706
163.11
263.039
387.493
535.048
705.62
14.8204
14.9282
15.1335
15.3863
15.6479
15.8984
16.1349
16.3885
16.8192
18.1171
22.8195
37.55
72.1274
133.398
222.758
339.582
483.874
657.269
15.1406
15.7804
16.5064
17.1906
17.7784
18.2658
18.6682
19.0193
19.4209
20.2715
23.1127
32.5737
57.2329
105.541
181.806
287.761
425.478
598.895
16.317
18.2896
19.9494
21.2217
22.172
22.8796
23.4107
23.8226
24.1885
24.7066
26.1573
31.3313
46.8949
81.7706
142.833
234.704
362.645
534.335
20.7508
25.6261
28.686
30.5993
31.8395
32.6579
33.2092
33.5957
33.8881
34.1681
34.692
36.6142
43.9602
64.8385
108.398
182.867
298.821
472.513
43.9559
54.4846
58.7003
60.4014
60.9435
60.9428
60.7783
60.6574
60.6356
60.7184
60.8793
61.1626
62.4198
68.7547
90.3143
143.077
251.438
467.72
332.628
280.255
240.739
210.207
186.179
166.981
151.445
138.738
128.262
119.602
112.562
107.449
106.275
116.845
162.772
294.433
594.066
1555.14
8.57715
14.6298
26.3695
41.3378
57.1764
74.0717
91.9764
110.82
130.545
151.111
172.483
194.637
217.552
241.213
265.609
290.736
316.592
343.18
370.507
398.582
427.42
457.036
487.449
518.682
550.756
583.698
617.534
652.291
687.999
724.684
762.376
801.101
840.886
881.756
923.731
966.83
1011.07
1056.45
1102.98
1150.66
1199.47
1249.41
1300.44
1352.54
1405.67
1459.83
1515
1571.2
1628.52
1686.75
1744.21
1800.38
1854.64
1906.36
1954.83
1999.28
2038.95
2073.06
2100.85
2121.62
2134.75
2139.72
2136.15
2123.81
2102.64
2072.75
2034.45
1988.19
1934.59
1874.4
1808.47
1737.72
1663.12
1585.64
1506.25
1425.87
1345.36
1265.49
1186.96
1110.37
1036.21
964.883
896.852
832.668
772.511
717.542
669.607
627.048
587.891
551.528
517.7
486.239
457.006
429.869
404.701
381.378
359.778
339.786
321.287
304.175
288.348
273.71
260.17
247.644
236.052
225.322
215.384
206.176
197.639
189.718
182.365
175.532
169.177
163.261
157.748
152.604
147.799
143.305
139.095
135.145
131.434
127.941
124.647
121.535
118.59
115.796
113.14
110.611
108.197
105.888
103.676
101.55
99.5055
97.5343
95.6309
93.7904
92.0082
90.2805
88.604
86.9762
85.3949
83.8584
82.3654
80.9151
79.5068
78.1403
76.8156
75.5329
74.2924
73.0947
71.9403
70.83
69.7645
68.7445
67.7707
66.8438
65.9644
65.133
64.3501
63.616
62.9308
62.2943
61.7061
61.1648
60.6658
60.117
45.4651
36.3157
30.3426
26.2968
23.4696
21.4392
19.9425
18.8077
17.9163
17.2027
16.6354
16.1643
15.7551
15.2578
43.1313
38.5782
48.5201
61.9584
76.6403
91.6964
106.721
121.555
136.157
150.533
164.705
178.705
192.567
206.328
220.025
233.693
247.368
261.082
274.868
288.753
302.765
316.929
331.266
345.798
360.541
375.513
390.725
406.191
421.918
437.914
454.185
470.733
487.559
504.662
522.04
539.689
557.603
575.776
594.202
612.874
631.788
650.942
670.335
689.975
709.87
730.035
750.493
771.271
792.406
814.076
835.496
856.359
876.41
895.386
913.002
928.966
942.984
954.767
964.042
970.561
974.111
974.517
971.653
965.446
955.88
942.999
926.906
907.764
885.786
861.228
834.387
805.592
775.19
743.538
710.99
677.887
644.543
611.249
578.267
545.823
514.104
483.248
453.342
424.467
396.352
370.393
346.581
324.703
304.455
285.646
268.155
251.887
236.764
222.714
209.668
197.562
186.334
175.925
166.278
157.339
149.058
141.386
134.277
127.69
121.584
115.923
110.672
105.8
101.276
97.0726
93.165
89.5294
86.144
82.9887
80.0449
77.2957
74.725
72.3184
70.0623
67.9442
65.9528
64.0773
62.3081
60.636
59.0527
57.5507
56.1229
54.7628
53.4645
52.2226
51.0322
49.8888
48.7885
47.7276
46.7029
45.7115
44.7509
43.8188
42.9134
42.0331
41.1765
40.3424
39.5299
38.7384
37.9672
37.2161
36.4846
35.7728
35.0806
34.4079
33.7549
33.1217
32.5086
31.9157
31.3432
30.7913
30.2602
29.7502
29.2612
28.7934
28.3469
27.9216
27.5176
27.135
26.7731
26.4028
25.1906
23.7508
22.3395
21.0542
19.9229
18.9436
18.1029
17.3862
16.8045
16.3355
15.9621
15.687
15.5553
15.8205
73.6066
56.6442
65.0079
77.5974
91.374
105.349
119.082
132.398
145.263
157.699
169.753
181.479
192.93
204.16
215.215
226.138
236.967
247.737
258.475
269.207
279.956
290.738
301.57
312.465
323.434
334.485
345.625
356.861
368.198
379.639
391.186
402.842
414.61
426.49
438.485
450.598
462.832
475.192
487.686
500.322
513.112
526.07
539.215
552.564
566.139
579.96
594.039
608.384
622.985
637.801
652.575
667.129
681.291
694.868
707.649
719.412
729.923
738.953
746.279
751.691
755.002
756.048
754.702
750.869
744.499
735.583
724.169
710.36
694.302
676.167
656.169
634.56
611.615
587.619
562.86
537.612
512.108
486.566
461.181
436.121
411.53
387.477
364.044
341.444
320.05
300.047
281.419
264.086
247.942
232.891
218.859
205.782
193.601
182.264
171.719
161.918
152.812
144.357
136.508
129.224
122.466
116.195
110.376
104.976
99.963
95.3084
90.9846
86.9664
83.2299
79.7533
76.5163
73.5
70.6869
68.0609
65.607
63.3115
61.1616
59.1455
57.2522
55.4717
53.7947
52.2126
50.7173
49.3017
47.9588
46.6826
45.4672
44.3075
43.1985
42.1359
41.1156
40.1341
39.1879
38.2742
37.3902
36.5336
35.7023
34.8943
34.1082
33.3425
32.596
31.8678
31.1569
30.4628
29.7848
29.1227
28.476
27.8446
27.2284
26.6272
26.0411
25.47
24.9142
24.3735
23.8481
23.3382
22.8436
22.3646
21.9012
21.4533
21.0211
20.6044
20.2032
19.8174
19.4463
19.0816
18.622
18.0792
17.4895
16.8862
16.2938
15.7278
15.1974
14.7081
14.2662
13.8755
13.5432
13.2818
13.128
13.2211
101.126
70.9192
77.1069
88.6619
101.507
114.505
127.216
139.477
151.258
162.587
173.517
184.104
194.404
204.468
214.34
224.058
233.656
243.16
252.593
261.973
271.313
280.627
289.924
299.211
308.494
317.778
327.068
336.369
345.683
355.015
364.37
373.753
383.17
392.628
402.137
411.707
421.352
431.087
440.931
450.905
461.034
471.346
481.871
492.643
503.695
515.06
526.765
538.829
551.26
564.015
576.977
590.03
603.039
615.839
628.239
640.025
650.968
660.83
669.372
676.361
681.576
684.816
685.902
684.686
681.059
674.926
666.279
655.189
641.803
626.239
608.676
589.364
568.59
546.656
523.881
500.572
476.942
453.198
429.545
406.138
383.169
360.628
339.036
318.445
298.943
280.587
263.375
247.272
232.223
218.172
205.061
192.839
181.454
170.857
161.001
151.839
143.326
135.42
128.08
121.267
114.942
109.071
103.622
98.5611
93.861
89.494
85.4345
81.659
78.1455
74.8736
71.8244
68.9803
66.3251
63.8438
61.5226
59.3486
57.31
55.3957
53.5957
51.9006
50.3017
48.7911
47.3613
46.0056
44.7178
43.4919
42.3227
41.2054
40.1355
39.1088
38.1218
37.1709
36.2532
35.3658
34.5063
33.6725
32.8625
32.0744
31.3069
30.5585
29.8281
29.1148
28.4179
27.7366
27.0704
26.419
25.7819
25.1589
24.55
23.9549
23.3736
22.8062
22.2526
21.7128
21.1869
20.6749
20.1769
19.6929
19.223
18.767
18.3251
17.8973
17.4833
17.0832
16.6965
16.3209
15.9389
15.5423
15.1321
14.7142
14.2959
13.8841
13.4848
13.1032
12.7444
12.4139
12.1207
11.8768
11.706
11.6643
124.737
82.1439
85.7711
96.048
107.911
119.996
131.822
143.221
154.167
164.69
174.843
184.681
194.256
203.613
212.792
221.825
230.738
239.551
248.279
256.935
265.525
274.058
282.536
290.963
299.342
307.674
315.961
324.207
332.415
340.589
348.736
356.863
364.979
373.098
381.233
389.402
397.625
405.928
414.338
422.888
431.615
440.56
449.767
459.286
469.167
479.461
490.216
501.474
513.266
525.583
538.372
551.558
565.031
578.643
592.205
605.497
618.273
630.267
641.203
650.803
658.798
664.929
668.959
670.669
669.934
666.46
660.143
651.014
639.192
624.852
608.225
589.591
569.26
547.562
524.823
501.357
477.449
453.326
429.269
405.369
382.092
359.685
338.228
317.788
298.426
280.163
262.996
246.902
231.843
217.774
204.647
192.412
181.021
170.423
160.571
151.417
142.915
135.022
127.696
120.897
114.587
108.73
103.292
98.2428
93.5521
89.1928
85.1392
81.3678
77.8565
74.5849
71.5343
68.687
66.027
63.5394
61.2103
59.027
56.9777
55.0516
53.2385
51.5293
49.9153
48.3887
46.9421
45.5688
44.2627
43.018
41.8296
40.6925
39.6025
38.5555
37.5479
36.5763
35.6378
34.7295
33.8492
32.9945
32.1637
31.3549
30.5667
29.7977
29.047
28.3134
27.5962
26.8949
26.2087
25.5373
24.8803
24.2375
23.6087
22.9938
22.3927
21.8054
21.2318
20.6719
20.1258
19.5936
19.0752
18.5707
18.08
17.6033
17.1405
16.6916
16.2566
15.8354
15.4278
15.033
14.6473
14.2671
13.8906
13.5177
13.15
12.7898
12.4396
12.1025
11.7818
11.4819
11.2098
10.9748
10.7913
10.6846
143.489
90.6063
91.5854
100.383
111.165
122.33
133.322
143.952
154.183
164.043
173.579
182.843
191.884
200.742
209.452
218.038
226.523
234.918
243.235
251.479
259.653
267.758
275.792
283.756
291.646
299.463
307.204
314.871
322.466
329.991
337.453
344.859
352.221
359.552
366.869
374.195
381.556
388.98
396.506
404.174
412.033
420.137
428.545
437.323
446.543
456.276
466.595
477.57
489.257
501.694
514.877
528.77
543.286
558.29
573.596
588.969
604.138
618.8
632.636
645.319
656.523
665.939
673.279
678.126
680.082
678.913
674.527
666.945
656.285
642.748
626.59
608.115
587.661
565.6
542.278
518.032
493.242
468.046
443.013
418.405
394.44
371.302
349.116
327.981
307.982
289.105
271.349
254.693
239.103
224.537
210.95
198.291
186.509
175.554
165.374
155.921
147.145
139
131.443
124.43
117.923
111.884
106.278
101.072
96.235
91.7391
87.5576
83.6659
80.0414
76.663
73.5112
70.568
67.8167
65.2421
62.8299
60.5671
58.4415
56.4419
54.5582
52.7808
51.1009
49.5104
48.0019
46.5686
45.2042
43.9027
42.659
41.4682
40.3257
39.2276
38.17
37.1496
36.1634
35.2086
34.2827
33.3836
32.5092
31.6578
30.8279
30.0181
29.2273
28.4546
27.699
26.9599
26.2367
25.5291
24.8365
24.1587
23.4956
22.8469
22.2125
21.5925
20.9868
20.3954
19.8183
19.2555
18.7071
18.1731
17.6536
17.1485
16.6579
16.1818
15.7202
15.2732
14.8405
14.422
14.0167
13.6235
13.2411
12.8692
12.5077
12.1573
11.8191
11.4947
11.1862
10.8966
10.6308
10.3956
10.1992
10.0536
156.941
96.4813
94.9695
102.179
111.778
121.978
132.142
142.042
151.619
160.889
169.892
178.675
187.281
195.747
204.102
212.368
220.56
228.687
236.754
244.762
252.709
260.59
268.401
276.136
283.788
291.353
298.826
306.203
313.484
320.669
327.76
334.764
341.689
348.547
355.357
362.138
368.918
375.731
382.616
389.622
396.804
404.229
411.973
420.12
428.762
438
447.935
458.669
470.292
482.897
496.538
511.213
526.868
543.381
560.566
578.169
595.886
613.374
630.266
646.184
660.751
673.607
684.184
691.905
696.397
697.428
694.889
688.793
679.256
666.485
650.763
632.406
611.758
589.282
565.322
540.162
514.529
488.656
462.887
437.495
412.707
388.705
365.628
343.578
322.631
302.824
284.194
266.718
250.36
235.079
220.826
207.55
195.199
183.716
173.05
163.147
153.956
145.427
137.515
130.173
123.36
117.038
111.167
105.715
100.648
95.937
91.5542
87.4736
83.6716
80.126
76.8166
73.7244
70.8322
68.124
65.5848
63.2012
60.9605
58.8512
56.8624
54.9844
53.208
51.5249
49.9274
48.4083
46.9612
45.58
44.2592
42.9939
41.7793
40.6113
39.4861
38.4001
37.3502
36.3336
35.3476
34.39
33.4588
32.552
31.6682
30.8059
29.9639
29.1411
28.3368
27.55
26.7803
26.0271
25.2901
24.5688
23.8631
23.1728
22.4978
21.8379
21.1932
20.5637
19.9493
19.3502
18.7662
18.1976
17.6443
17.1063
16.5838
16.0768
15.5853
15.1093
14.6488
14.2038
13.7741
13.3594
12.9591
12.573
12.2009
11.8431
11.5002
11.1729
10.8627
10.5715
10.3026
10.0605
9.8498
9.67639
165.134
99.9388
96.2566
101.864
110.21
119.394
128.712
137.889
146.839
155.556
164.069
172.418
180.639
188.767
196.825
204.832
212.8
220.734
228.635
236.498
244.318
252.087
259.795
267.431
274.986
282.45
289.814
297.071
304.215
311.24
318.147
324.935
331.608
338.175
344.647
351.041
357.38
363.694
370.022
376.412
382.924
389.631
396.624
404.007
411.9
420.437
429.76
440.017
451.341
463.907
477.827
493.149
509.85
527.821
546.863
566.692
586.951
607.241
627.147
646.249
664.126
680.162
693.614
703.956
710.819
713.947
713.214
708.625
700.279
688.376
673.247
655.216
634.501
611.869
587.719
562.427
536.452
510.152
483.858
457.853
432.377
407.622
383.744
360.857
339.047
318.367
298.848
280.498
263.315
247.265
232.295
218.353
205.382
193.324
182.123
171.723
162.069
153.111
144.797
137.083
129.922
123.274
117.1
111.363
106.029
101.068
96.45
92.1482
88.1376
84.3953
80.9
77.6319
74.5731
71.7067
69.0174
66.4908
64.1139
61.8746
59.7617
57.765
55.8749
54.0828
52.3806
50.761
49.2172
47.743
46.3326
44.9809
43.683
42.4346
41.2317
40.0706
38.9481
37.8612
36.8072
35.7836
34.7884
33.8195
32.8754
31.9545
31.0555
30.1773
29.3189
28.4796
27.6586
26.8554
26.0695
25.3006
24.5483
23.8126
23.0932
22.39
21.703
21.0322
20.3775
19.739
19.1168
18.5109
17.9213
17.3481
16.7915
16.2514
15.728
15.2213
14.7314
14.2584
13.8022
13.3628
12.9401
12.534
12.1445
11.7717
11.4161
11.078
10.7584
10.4588
10.1809
9.92758
9.70139
9.50523
168.459
101.186
95.7398
99.8148
106.881
115.013
123.461
131.91
140.238
148.416
156.458
164.39
172.247
180.054
187.836
195.605
203.37
211.133
218.892
226.639
234.364
242.057
249.702
257.288
264.799
272.221
279.543
286.751
293.834
300.783
307.59
314.25
320.76
327.121
333.336
339.413
345.368
351.22
356.999
362.743
368.507
374.365
380.412
386.773
393.6
401.076
409.408
418.823
429.521
441.794
455.826
471.717
489.474
508.983
529.998
552.155
575.001
598.044
620.812
642.879
663.644
682.231
698.011
710.51
719.369
724.296
725.158
721.983
714.832
703.846
689.505
672.166
652.196
630.095
606.307
581.257
555.364
529.007
502.526
476.22
450.343
425.107
400.681
377.195
354.747
333.402
313.199
294.154
276.269
259.524
243.902
229.348
215.805
203.211
191.509
180.64
170.547
161.177
152.477
144.4
136.898
129.93
123.454
117.433
111.832
106.617
101.761
97.2327
93.0082
89.0631
85.3753
81.9245
78.6918
75.66
72.8129
70.1359
67.6154
65.2387
62.9944
60.8718
58.861
56.9532
55.1399
53.4135
51.7671
50.1942
48.6889
47.2457
45.8598
44.5266
43.2419
42.002
40.8034
39.643
38.518
37.4258
36.3643
35.3312
34.3248
33.3435
32.3859
31.4508
30.5372
29.644
28.7707
27.9164
27.0808
26.2634
25.4638
24.6818
23.9173
23.1701
22.44
21.7272
21.0315
20.353
19.6918
19.0478
18.4212
17.8121
17.2206
16.6467
16.0906
15.5525
15.0323
14.5302
14.0463
13.5808
13.1336
12.7049
12.2946
11.903
11.5303
11.1769
10.8434
10.5306
10.2398
9.97236
9.72944
9.51277
167.523
100.478
93.7046
96.3797
102.191
109.264
116.831
124.544
132.247
139.886
147.457
154.975
162.466
169.95
177.447
184.967
192.514
200.089
207.684
215.292
222.899
230.492
238.053
245.567
253.016
260.382
267.649
274.801
281.82
288.693
295.405
301.946
308.304
314.472
320.446
326.225
331.813
337.22
342.459
347.55
352.524
357.436
362.375
367.477
372.927
378.973
385.933
394.177
404.06
416.015
430.295
447.053
466.299
487.859
511.364
536.276
561.952
587.738
613.083
637.636
660.344
680.516
697.663
711.415
721.468
727.495
729.377
727.229
721.165
711.374
698.171
681.902
662.949
641.737
618.7
594.265
568.842
542.816
516.537
490.315
464.415
439.064
414.443
390.696
367.931
346.224
325.623
306.153
287.82
270.613
254.511
239.481
225.488
212.47
200.365
189.113
178.658
168.944
159.918
151.531
143.735
136.487
129.745
123.47
117.628
112.185
107.109
102.373
97.9493
93.8142
89.945
86.3207
82.922
79.7313
76.7321
73.9092
71.2487
68.7378
66.3645
64.118
61.9882
59.9659
58.0425
56.2103
54.462
52.791
51.1913
49.6574
48.1841
46.7668
45.4011
44.0833
42.8096
41.5769
40.3822
39.2229
38.0964
37.0006
35.9337
34.8938
33.8794
32.8892
31.9221
30.977
30.0531
29.1497
28.2661
27.4019
26.5567
25.7302
24.9221
24.1323
23.3606
22.6071
21.8716
21.1541
20.4548
19.7737
19.1108
18.4663
17.8403
17.2329
16.6443
16.0745
15.5238
14.9924
14.4803
13.9877
13.5149
13.0618
12.6287
12.2158
11.8232
11.4513
11.1005
10.7714
10.4645
10.1805
9.91934
9.68269
162.944
98.1131
90.4548
91.9174
96.5531
102.599
109.297
116.275
123.351
130.448
137.543
144.639
151.749
158.89
166.073
173.306
180.591
187.924
195.299
202.705
210.127
217.551
224.957
232.327
239.643
246.883
254.028
261.057
267.951
274.69
281.256
287.629
293.795
299.74
305.451
310.924
316.156
321.157
325.945
330.53
334.865
338.962
342.885
346.755
350.776
355.269
360.713
367.725
377.084
389.244
404.525
423.094
444.889
469.564
496.495
524.844
553.673
582.085
609.395
635.406
658.743
679.062
696.09
709.61
719.438
725.445
727.582
725.891
720.475
711.502
699.218
683.926
665.975
645.749
623.648
600.078
575.435
550.093
524.397
498.656
473.141
448.081
423.666
400.046
377.339
355.627
334.966
315.389
296.908
279.518
263.201
247.931
233.673
220.39
208.027
196.525
185.825
175.873
166.616
158.004
149.99
142.53
135.583
129.111
123.076
117.447
112.192
107.282
102.691
98.3944
94.3688
90.5935
87.0491
83.7175
80.5822
77.628
74.8406
72.2072
69.7156
67.3549
65.1148
62.9861
60.96
59.0287
57.1848
55.4218
53.7335
52.1142
50.5587
49.0624
47.6208
46.2299
44.886
43.5858
42.3262
41.1043
39.9177
38.764
37.6411
36.5472
35.4806
34.4399
33.4237
32.4311
31.4609
30.5124
29.585
28.678
27.7909
26.9235
26.0753
25.2463
24.4361
23.6448
22.8723
22.1185
21.3835
20.6674
19.9702
19.292
18.633
17.9933
17.3731
16.7725
16.1918
15.6311
15.0907
14.5707
14.0714
13.593
13.1356
12.6995
12.2849
11.892
11.5212
11.1727
10.847
10.5442
10.2631
10.0059
154.999
94.4236
86.3618
86.8591
90.4654
95.5709
101.444
107.708
114.164
120.715
127.32
133.969
140.665
147.416
154.23
161.111
168.06
175.071
182.138
189.248
196.388
203.541
210.689
217.812
224.889
231.9
238.821
245.63
252.305
258.822
265.159
271.295
277.208
282.88
288.296
293.448
298.336
302.976
307.411
311.566
315.399
318.914
322.166
325.281
328.491
332.198
337.052
343.834
353.818
367.646
385.561
407.634
433.57
462.676
493.926
526.102
557.96
588.389
616.521
641.808
664.05
682.878
698.149
709.817
717.88
722.354
723.279
720.733
714.834
705.734
693.637
678.794
661.499
642.077
620.878
598.26
574.579
550.18
525.382
500.478
475.728
451.353
427.541
404.443
382.178
360.833
340.469
321.124
302.814
285.542
269.294
254.047
239.773
226.434
213.992
202.4
191.602
181.545
172.176
163.447
155.313
147.73
140.658
134.06
127.899
122.144
116.763
111.728
107.014
102.595
98.4489
94.5555
90.8951
87.4499
84.2034
81.1404
78.2469
75.5099
72.9174
70.4585
68.123
65.9015
63.7855
61.767
59.8388
57.9942
56.2272
54.532
52.9035
51.337
49.8279
48.3722
46.9662
45.6064
44.2895
43.0128
41.7735
40.5691
39.3975
38.2566
37.1447
36.0602
35.0017
33.968
32.9578
31.9705
31.0051
30.061
29.1376
28.2346
27.3514
26.488
25.644
24.8194
24.014
23.2277
22.4607
21.7129
20.9845
20.2754
19.5859
18.9161
18.2662
17.6363
17.0268
16.4378
15.8695
15.3223
14.7963
14.2919
13.8092
13.3486
12.9102
12.4943
12.1012
11.7311
11.384
11.06
10.7571
10.4782
144.304
90.0436
82.0288
81.8793
84.6793
88.9759
94.09
99.6587
105.481
111.452
117.517
123.658
129.868
136.151
142.509
148.945
155.457
162.042
168.69
175.391
182.131
188.895
195.663
202.417
209.136
215.797
222.378
228.855
235.205
241.403
247.426
253.25
258.853
264.215
269.322
274.162
278.739
283.071
287.208
291.091
294.7
298.062
301.27
304.509
308.115
312.674
319.05
328.303
341.636
359.627
382.483
409.983
441.418
475.645
511.231
546.656
580.509
611.622
639.156
662.619
681.854
697.057
708.421
716.124
720.367
721.343
719.224
714.168
706.327
695.854
682.92
667.721
650.481
631.455
610.917
589.156
566.466
543.136
519.442
495.64
471.961
448.607
425.751
403.535
382.072
361.447
341.724
322.94
305.117
288.261
272.363
257.407
243.365
230.207
217.896
206.394
195.661
185.646
176.3
167.577
159.434
151.83
144.725
138.085
131.874
126.062
120.62
115.518
110.733
106.241
102.02
98.0491
94.3102
90.7857
87.4596
84.3169
81.3441
78.5283
75.8579
73.3221
70.911
68.6152
66.4265
64.3371
62.3397
60.428
58.5959
56.8379
55.1488
53.524
51.959
50.4497
48.9923
47.5834
46.2197
44.8981
43.6158
42.3704
41.1593
39.9807
38.8324
37.7128
36.6203
35.5536
34.5115
33.493
32.4971
31.5231
30.5704
29.6385
28.7269
27.8352
26.9633
26.111
25.278
24.4644
23.6701
22.8951
22.1395
21.4034
20.6869
19.9901
19.3133
18.6566
18.0202
17.4045
16.8097
16.2361
15.684
15.1537
14.6454
14.1595
13.6963
13.256
12.8389
12.4451
12.0746
11.7272
11.4012
11.0989
131.531
85.396
77.9084
77.4489
79.6797
83.3081
87.7337
92.6285
97.8045
103.156
108.626
114.189
119.836
125.564
131.373
137.265
143.238
149.287
155.405
161.583
167.806
174.062
180.332
186.599
192.844
199.046
205.183
211.234
217.177
222.989
228.651
234.141
239.441
244.537
249.419
254.084
258.542
262.817
266.958
271.007
274.997
279.029
283.292
288.111
294.038
301.97
313.046
328.414
348.763
374.39
405.066
439.996
477.88
517.091
555.9
592.697
626.152
655.297
679.551
698.686
712.771
722.125
727.294
728.932
727.431
723.14
716.354
707.312
696.205
683.19
668.412
652.017
634.16
615.015
594.774
573.643
551.836
529.572
507.065
484.517
462.116
440.03
418.404
397.363
377.004
357.406
338.625
320.699
303.65
287.486
272.202
257.784
244.212
231.458
219.491
208.276
197.777
187.956
178.774
170.185
162.151
154.632
147.594
141.003
134.826
129.034
123.599
118.496
113.7
109.189
104.942
100.94
97.1659
93.6018
90.2327
87.0446
84.024
81.159
78.4381
75.8511
73.3882
71.0407
68.8004
66.6598
64.6121
62.6509
60.7706
58.9658
57.2315
55.5631
53.9563
52.407
50.9116
49.4664
48.0682
46.7139
45.4005
44.1254
42.8862
41.6805
40.5063
39.3619
38.2454
37.1555
36.0907
35.0501
34.0325
33.0371
32.0632
31.1102
30.1777
29.2651
28.3722
27.4988
26.6446
25.8096
24.9937
24.1969
23.4193
22.6609
21.9217
21.2021
20.502
19.8218
19.1617
18.5219
17.9028
17.3046
16.7277
16.1724
15.639
15.128
14.6397
14.1743
13.7322
13.3134
12.918
12.5457
12.1955
11.8681
117.321
80.4634
73.9767
73.474
75.3276
78.4267
82.258
86.5376
91.0973
95.838
100.704
105.666
110.712
115.837
121.041
126.324
131.685
137.122
142.63
148.201
153.825
159.49
165.185
170.895
176.604
182.297
187.957
193.57
199.12
204.593
209.978
215.264
220.446
225.525
230.508
235.416
240.282
245.163
250.143
255.34
260.927
267.167
274.438
283.351
294.9
310.444
330.969
356.942
388.435
424.928
465.31
507.995
551.133
592.859
631.507
665.755
694.7
717.853
735.098
746.62
752.819
754.244
751.54
745.425
736.769
726.011
713.52
699.574
684.373
668.064
650.762
632.564
613.564
593.863
573.571
552.812
531.719
510.433
489.098
467.854
446.835
426.164
405.951
386.291
367.262
348.925
331.328
314.502
298.466
283.227
268.783
255.123
242.229
230.079
218.645
207.899
197.807
188.338
179.456
171.128
163.318
155.994
149.123
142.672
136.614
130.92
125.567
120.529
115.785
111.313
107.095
103.113
99.3494
95.7892
92.4179
89.222
86.1893
83.3082
80.568
77.9589
75.4718
73.0984
70.8309
68.6622
66.5857
64.5957
62.6869
60.8541
59.0925
57.3977
55.7656
54.1924
52.6743
51.2077
49.7895
48.4163
47.0853
45.7937
44.5389
43.3186
42.1306
40.9728
39.8435
38.7412
37.6643
36.6116
35.5821
34.5748
33.5888
32.6236
31.6785
30.7531
29.847
28.96
28.0918
27.2422
26.4113
25.5989
24.8051
24.0299
23.2734
22.5357
21.817
21.1175
20.4375
19.7771
19.1367
18.5166
17.9173
17.339
16.7821
16.2471
15.7344
15.2442
14.777
14.3329
13.912
13.5139
13.1382
12.7855
102.825
75.287
70.1681
69.8459
71.4804
74.1734
77.5059
81.242
85.2377
89.4048
93.6907
98.0661
102.517
107.038
111.628
116.29
121.025
125.834
130.715
135.668
140.69
145.775
150.918
156.116
161.361
166.65
171.979
177.347
182.753
188.202
193.701
199.265
204.916
210.684
216.618
222.78
229.265
236.2
243.767
252.226
261.948
273.479
287.621
305.633
329.296
359.077
394.64
435.498
480.488
527.937
575.876
622.29
665.339
703.52
735.762
761.445
780.372
792.703
798.864
799.464
795.21
786.841
775.089
760.657
744.239
726.571
708.09
689.042
669.585
649.82
629.814
609.617
589.266
568.799
548.259
527.7
507.182
486.775
466.554
446.598
426.984
407.788
389.078
370.917
353.354
336.433
320.186
304.633
289.787
275.653
262.227
249.499
237.454
226.072
215.332
205.207
195.671
186.695
178.251
170.308
162.839
155.813
149.204
142.984
137.128
131.611
126.411
121.507
116.878
112.506
108.372
104.462
100.758
97.2484
93.9182
90.7555
87.7491
84.8881
82.1628
79.564
77.0833
74.7129
72.4455
70.2745
68.1939
66.1984
64.2835
62.444
60.6754
58.9737
57.3352
55.7559
54.2325
52.7613
51.3391
49.9628
48.6293
47.3357
46.0795
44.8581
43.6693
42.5109
41.3811
40.2782
39.2006
38.1469
37.1161
36.107
35.1188
34.1508
33.2024
32.2729
31.3621
30.4696
29.5951
28.7385
27.8996
27.0785
26.275
25.4893
24.7213
23.9712
23.2392
22.5253
21.83
21.1533
20.4957
19.8574
19.2389
18.6405
18.0627
17.5059
16.9706
16.4571
15.9659
15.4972
15.0511
14.6276
14.2261
13.849
88.898
69.9409
66.4279
66.4816
68.0479
70.4589
73.3959
76.674
80.1771
83.8313
87.5912
91.4308
95.3377
99.3087
103.346
107.456
111.647
115.927
120.306
124.793
129.398
134.133
139.009
144.039
149.24
154.628
160.226
166.061
172.163
178.573
185.337
192.516
200.183
208.434
217.387
227.201
238.084
250.323
264.313
280.612
300.054
323.885
353.615
391.544
436.053
485.456
538.069
591.994
645.276
695.832
741.822
781.787
814.714
840.055
857.693
867.881
871.163
868.277
860.076
847.442
831.229
812.219
791.108
768.499
744.929
720.905
696.953
673.336
650.11
627.304
604.924
582.966
561.418
540.268
519.507
499.133
479.151
459.573
440.418
421.712
403.482
385.758
368.57
351.945
335.908
320.476
305.666
291.486
277.94
265.027
252.739
241.066
229.994
219.507
209.583
200.201
191.34
182.973
175.078
167.63
160.604
153.975
147.722
141.82
136.247
130.984
126.011
121.308
116.858
112.645
108.653
104.868
101.276
97.864
94.6208
91.535
88.5965
85.7955
83.1233
80.5715
78.1324
75.7989
73.5642
71.4224
69.3677
67.3952
65.5001
63.6781
61.9252
60.2382
58.6141
57.0489
55.5393
54.082
52.6738
51.3115
49.992
48.7124
47.4701
46.2624
45.087
43.9417
42.8245
41.7336
40.6674
39.6245
38.6036
37.6036
36.6237
35.6629
34.7207
33.7965
32.8899
32.0005
31.128
30.2723
29.4332
28.6106
27.8045
27.0149
26.2419
25.4856
24.746
24.0235
23.3181
22.6302
21.9601
21.3081
20.6745
20.0598
19.4646
18.8891
18.334
17.7997
17.2867
16.7953
16.3257
15.8778
15.4516
15.0503
76.0348
64.392
62.6022
63.2205
64.8942
67.181
69.8642
72.8135
75.9458
79.2084
82.5706
86.0178
89.548
93.1687
96.8948
100.746
104.749
108.93
113.323
117.963
122.889
128.145
133.778
139.841
146.393
153.501
161.238
169.69
178.952
189.137
200.372
212.811
226.633
242.056
259.356
278.885
301.105
326.694
356.524
391.864
434.086
486.132
545.586
607.996
670.868
731.767
788.517
839.437
883.61
920.029
948.038
967.405
978.284
981.157
976.76
966.008
949.912
929.501
905.757
879.567
851.694
822.77
793.303
763.696
734.282
705.363
677.277
650.246
624.252
599.259
575.219
552.08
529.787
508.292
487.546
467.512
448.153
429.443
411.36
393.888
377.017
360.739
345.052
329.952
315.439
301.511
288.166
275.398
263.203
251.57
240.49
229.949
219.932
210.424
201.406
192.859
184.763
177.099
169.845
162.982
156.488
150.343
144.529
139.026
133.815
128.88
124.204
119.771
115.566
111.574
107.784
104.181
100.755
97.4941
94.3884
91.4281
88.6042
85.9084
83.3326
80.8695
78.5122
76.2544
74.0899
72.0133
70.0194
68.1035
66.2611
64.4882
62.781
61.1363
59.5509
58.0219
56.5475
55.1246
53.7499
52.4204
51.1329
49.8846
48.6726
47.4945
46.3477
45.23
44.1393
43.0739
42.0319
41.012
40.0129
39.0334
38.0726
37.1296
36.2038
35.2945
34.4014
33.5241
32.6623
31.8158
30.9844
30.168
29.3667
28.5804
27.8092
27.0532
26.3125
25.5873
24.8777
24.1841
23.5068
22.846
22.2022
21.5758
20.9673
20.3772
19.8061
19.2544
18.7227
18.2114
17.7208
17.251
16.8021
16.3779
67.6441
60.3224
59.7893
60.9289
62.8143
65.1501
67.7931
70.6602
73.7041
76.9026
80.2529
83.7681
87.4743
91.4092
95.6204
100.165
105.109
110.528
116.505
123.135
130.521
138.777
148.03
158.415
170.082
183.192
197.919
214.448
232.982
253.738
276.955
302.914
331.919
364.331
400.644
441.559
487.759
540.431
600.37
669.797
745.466
819.37
888.784
951.438
1005.71
1050.56
1085.56
1110.79
1126.76
1133.64
1131.92
1122.32
1105.76
1083.3
1056.05
1025.12
991.568
956.323
920.176
883.757
847.547
811.895
777.044
743.163
710.377
678.806
648.609
619.924
592.698
566.844
542.27
518.885
496.607
475.361
455.079
435.699
417.165
399.428
382.444
366.172
350.579
335.635
321.315
307.597
294.463
281.896
269.881
258.402
247.446
236.997
227.041
217.563
208.547
199.975
191.832
184.099
176.758
169.793
163.186
156.919
150.974
145.335
139.986
134.91
130.092
125.518
121.174
117.046
113.121
109.389
105.837
102.454
99.2314
96.159
93.2279
90.43
87.7572
85.2022
82.7582
80.4185
78.1771
76.0282
73.9665
71.9868
70.0846
68.2554
66.4951
64.8
63.1664
61.5912
60.0713
58.6041
57.1871
55.8177
54.4942
53.2146
51.9755
50.7743
49.6081
48.4742
47.3702
46.2939
45.243
44.2159
43.2107
42.226
41.2605
40.313
39.3825
38.4683
37.5696
36.6859
35.8167
34.9616
34.1203
33.2927
32.4786
31.6779
30.8905
30.1166
29.356
28.609
27.8757
27.1561
26.4506
25.7592
25.0825
24.4206
23.774
23.1431
22.5285
21.9305
21.3499
20.7872
20.2429
19.7176
19.2116
18.7253
18.2589
17.8164
60.5575
56.4974
57.1484
58.92
61.1991
63.8165
66.7078
69.8531
73.2623
76.9682
81.0221
85.4926
90.4646
96.0395
102.336
109.493
117.668
127.036
137.796
150.167
164.38
180.68
199.316
220.536
244.588
271.696
302.06
335.869
373.303
414.489
459.564
508.839
562.461
620.622
683.594
752.051
825.748
906.363
989.586
1067.1
1135.34
1192.8
1238.71
1272.91
1295.69
1307.7
1310.05
1303.57
1288.97
1267.08
1238.9
1205.46
1167.89
1127.29
1084.69
1041.03
997.112
953.563
910.858
869.322
829.159
790.481
753.335
717.737
683.688
651.2
620.318
591.119
563.61
537.664
513.156
489.979
468.038
447.246
427.527
408.812
391.036
374.138
358.064
342.761
328.183
314.288
301.039
288.401
276.345
264.844
253.875
243.414
233.443
223.941
214.89
206.273
198.072
190.27
182.851
175.796
169.091
162.719
156.664
150.91
145.443
140.247
135.309
130.614
126.15
121.904
117.864
114.019
110.357
106.869
103.544
100.373
97.3489
94.4619
91.7046
89.0698
86.5504
84.1401
81.8326
79.6221
77.5032
75.4706
73.5194
71.6451
69.8433
68.11
66.4411
64.8333
63.2831
61.7874
60.3432
58.948
57.5991
56.2943
55.0314
53.8084
52.6234
51.4752
50.3604
49.2767
48.2215
47.1925
46.1876
45.205
44.2428
43.2996
42.3741
41.4651
40.5716
39.6928
38.8279
37.9764
37.1379
36.3119
35.4981
34.6964
33.9065
33.1284
32.3621
31.6075
30.8647
30.1337
29.4146
28.7077
28.013
27.3309
26.6616
26.0054
25.3627
24.734
24.1197
23.5203
22.9365
22.3689
21.8181
21.2847
20.7691
20.2719
19.7934
19.3378
54.6707
52.7655
54.633
57.3136
60.3983
63.8499
67.7213
72.1057
77.1247
82.9259
89.6837
97.6032
106.925
117.931
130.949
146.352
164.544
185.949
210.992
240.081
273.57
311.712
354.651
402.431
455.023
512.201
573.632
639.042
708.24
780.688
855.947
933.59
1013.53
1095.14
1177.36
1261.67
1341.66
1409.52
1463.37
1503.26
1529.66
1543.45
1545.66
1537.56
1520.44
1495.8
1464.39
1427.08
1384.8
1338.53
1289.28
1238.02
1185.68
1133.12
1081.07
1030.1
980.644
932.998
887.319
843.669
802.039
762.378
724.612
688.669
654.487
622.027
591.281
562.268
535.029
509.436
485.352
462.662
441.267
421.078
402.017
384.011
366.992
350.896
335.662
321.231
307.552
294.574
282.253
270.546
259.419
248.836
238.768
229.187
220.07
211.392
203.133
195.274
187.794
180.677
173.905
167.463
161.334
155.503
149.955
144.677
139.655
134.875
130.326
125.995
121.87
117.942
114.198
110.63
107.229
103.984
100.888
97.9325
95.1101
92.4136
89.8361
87.3713
85.0129
82.7553
80.5928
78.5204
76.533
74.6259
72.7947
71.0352
69.3432
67.715
66.1471
64.6359
63.1784
61.7714
60.4121
59.098
57.8266
56.5954
55.4025
54.2458
53.1234
52.0336
50.9746
49.9457
48.9436
47.9665
47.0121
46.0784
45.1639
44.2668
43.386
42.5202
41.6684
40.8297
40.0035
39.1892
38.3862
37.5941
36.8127
36.0418
35.2811
34.5305
33.7901
33.0597
32.3394
31.6293
30.9294
30.2399
29.5609
28.8926
28.2354
27.5894
26.9552
26.333
25.7234
25.127
24.5443
23.9759
23.4226
22.885
22.3637
21.8593
21.3722
20.9069
49.9197
49.3385
52.8837
57.3075
62.3968
68.3383
75.4198
83.9829
94.4262
107.224
122.947
142.26
165.918
194.737
229.554
271.156
320.145
376.861
441.33
513.309
592.194
676.968
766.39
859.301
954.893
1051.58
1148.01
1243.09
1335.83
1425.6
1511.62
1592.62
1668.93
1738.22
1795.81
1835.62
1859.5
1868.76
1864.83
1849.34
1823.84
1789.88
1748.85
1702.5
1651.46
1596.52
1538.5
1478.21
1416.45
1354.02
1291.67
1230.09
1169.87
1111.49
1055.31
1001.56
950.351
901.7
855.548
811.794
770.309
730.959
693.621
658.188
624.579
592.739
562.642
534.285
507.692
482.751
459.327
437.305
416.589
397.094
378.742
361.462
345.184
329.844
315.38
301.731
288.842
276.66
265.135
254.224
243.885
234.081
224.778
215.945
207.554
199.58
192.001
184.793
177.938
171.418
165.214
159.311
153.692
148.345
143.253
138.406
133.789
129.392
125.202
121.209
117.403
113.774
110.313
107.011
103.86
100.852
97.9795
95.2354
92.6132
90.1064
87.709
85.4154
83.2199
81.1175
79.1033
77.1724
75.3204
73.543
71.8361
70.1958
68.6184
67.1003
65.6381
64.2286
62.8687
61.5556
60.2865
59.0589
57.8703
56.7186
55.6014
54.517
53.4634
52.4389
51.4418
50.4708
49.5242
48.6015
47.7001
46.8181
45.954
45.106
44.2729
43.4535
42.6467
41.8517
41.0677
40.2941
39.5304
38.7762
38.0312
37.295
36.5677
35.8489
35.1386
34.4368
33.7434
33.0585
32.3822
31.7146
31.0557
30.4059
29.7652
29.134
28.5127
27.9016
27.3011
26.7119
26.1346
25.5697
25.018
24.4803
23.9571
23.4494
22.9574
22.4861
46.3091
47.2533
54.4801
63.5709
74.8163
88.9941
107.084
130.305
160.124
198.233
246.485
306.596
379.882
466.977
567.695
681.141
805.206
937.072
1073.62
1212.41
1350.78
1485.45
1613.89
1734.23
1845.1
1945.48
2035.15
2113.46
2179.78
2234.66
2277.89
2306.74
2318.21
2312.65
2292.92
2260.9
2218.58
2167.81
2110.26
2047.38
1980.47
1911.03
1839.44
1766.35
1692.35
1618.02
1543.93
1470.64
1398.68
1328.52
1260.6
1195.26
1132.76
1073.24
1016.76
963.311
912.782
865.039
819.915
777.234
736.828
698.54
662.239
627.82
595.206
564.343
535.205
507.781
482.077
457.978
435.36
414.116
394.158
375.405
357.782
341.221
325.656
311.023
297.261
284.309
272.113
260.619
249.776
239.539
229.864
220.714
212.051
203.844
196.063
188.681
181.674
175.019
168.696
162.685
156.968
151.531
146.357
141.432
136.742
132.276
128.021
123.967
120.102
116.417
112.903
109.551
106.351
103.298
100.382
97.5979
94.9378
92.3957
89.9657
87.642
85.4192
83.2921
81.2558
79.3057
77.4372
75.646
73.928
72.2792
70.6959
69.1744
67.7113
66.3032
64.947
63.6395
62.378
61.1596
59.9818
58.842
57.738
56.6674
55.6283
54.6186
53.6366
52.6805
51.7489
50.8401
49.9528
49.0859
48.2379
47.4085
46.5956
45.7978
45.0137
44.2422
43.4821
42.7326
41.9929
41.2624
40.5405
39.8268
39.1209
38.4226
37.7317
37.0479
36.3712
35.7015
35.0387
34.3829
33.734
33.0922
32.4575
31.8301
31.2102
30.598
29.9937
29.3979
28.8108
28.233
27.6652
27.1079
26.5618
26.0279
25.5067
24.9993
24.5061
24.0321
45.0748
51.5601
71.0547
97.1319
132.339
180.068
244.162
328.793
437.641
572.853
734.815
920.354
1123.68
1337.5
1554.67
1770.8
1978.09
2170.71
2344.5
2496.99
2627.04
2734.47
2820.27
2885.27
2930.38
2957
2967.64
2962.64
2942.08
2905.75
2854.63
2792.31
2721.09
2642.84
2559.27
2471.92
2382.07
2290.7
2199
2107.65
2016.82
1926.93
1838.29
1751.23
1666.06
1583.11
1502.65
1424.98
1350.34
1278.92
1210.86
1146.23
1085.04
1027.22
972.654
921.186
872.625
826.773
783.433
742.418
703.562
666.721
631.778
598.644
567.254
537.567
509.56
483.219
458.531
435.372
413.634
393.221
374.052
356.052
339.152
323.287
308.395
294.415
281.287
268.955
257.364
246.461
236.198
226.529
217.411
208.805
200.675
192.987
185.711
178.82
172.289
166.094
160.215
154.632
149.328
144.286
139.491
134.928
130.586
126.451
122.512
118.759
115.182
111.771
108.518
105.414
102.452
99.6248
96.9248
94.3459
91.882
89.5273
87.2762
85.1237
83.0646
81.0943
79.2082
77.4021
75.6717
74.0132
72.4227
70.8965
69.4312
68.0233
66.6697
65.3671
64.1126
62.9034
61.7366
60.6097
59.5202
58.4656
57.4438
56.4526
55.49
54.5541
53.6431
52.7553
51.8893
51.0435
50.2167
49.4075
48.6149
47.838
47.0755
46.327
45.5916
44.8676
44.1542
43.4505
42.7556
42.0689
41.3898
40.7178
40.0526
39.3938
38.7412
38.0946
37.4538
36.8187
36.1892
35.5653
34.9469
34.3341
33.7269
33.1254
32.5297
31.94
31.3566
30.7797
30.2098
29.6472
29.0926
28.5466
28.0099
27.4833
26.9676
26.4639
25.9727
25.4992
50.4462
90.3404
174.508
289.639
449.843
664.151
933.604
1250.95
1601.61
1967.37
2337.6
2691.12
3011.77
3289.21
3518.51
3699.57
3834.67
3927.16
3981.34
4002.02
3994.1
3962.32
3911.43
3844.17
3762.95
3670.16
3566.69
3455.42
3339.29
3220.1
3099.11
2977.53
2856.44
2736.63
2618.6
2503
2390.48
2280.79
2174.04
2070.34
1969.76
1872.39
1778.3
1687.59
1600.36
1516.7
1436.68
1360.36
1287.79
1218.96
1153.81
1092.26
1034.18
979.391
927.713
878.94
832.866
789.292
748.032
708.918
671.805
636.574
603.129
571.401
541.341
512.919
486.118
460.927
437.294
415.105
394.265
374.69
356.304
339.04
322.835
307.627
293.359
279.973
267.413
255.627
244.56
234.165
224.393
215.2
206.544
198.388
190.695
183.433
176.572
170.083
163.942
158.126
152.613
147.385
142.423
137.71
133.233
128.976
124.927
121.074
117.405
113.912
110.583
107.41
104.385
101.499
98.7461
96.1186
93.6101
91.2146
88.9263
86.7398
84.65
82.6521
80.7413
78.9132
77.1638
75.4888
73.8845
72.3471
70.8732
69.4592
68.102
66.7983
65.5451
64.3394
63.1785
62.0597
60.9803
59.9379
58.9301
57.9546
57.0093
56.0921
55.2012
54.3346
53.4907
52.6678
51.8645
51.0794
50.3111
49.5585
48.8204
48.0959
47.384
46.684
45.995
45.3165
44.6482
43.9888
43.3375
42.6938
42.0569
41.4264
40.8018
40.1828
39.5691
38.9604
38.3566
37.7574
37.1627
36.5725
35.9865
35.4049
34.8275
34.2544
33.6857
33.1214
32.5617
32.0068
31.4571
30.9129
30.3747
29.8432
29.3189
28.8027
28.2955
27.7983
27.3118
26.8413
91.6177
459.825
1020.35
1641.21
2337.18
3064.55
3761.61
4378.87
4884.6
5265.96
5527.18
5680.86
5744.29
5735.8
5672.56
5569.28
5437.84
5286.55
5122.03
4949.25
4771.85
4592.39
4411.88
4232.53
4056.07
3883.34
3714.71
3550.55
3391.32
3237.31
3088.46
2944.78
2806.64
2674
2546.36
2423.55
2305.51
2192.06
2083.07
1978.44
1878.09
1781.93
1689.91
1601.99
1518.12
1438.25
1362.34
1290.31
1222.09
1157.55
1096.57
1038.98
984.593
933.225
884.676
838.748
795.255
754.02
714.885
677.71
642.377
608.79
576.876
546.582
517.874
490.733
465.147
441.101
418.509
397.274
377.312
358.547
340.912
324.347
308.792
294.191
280.491
267.639
255.582
244.271
233.656
223.692
214.332
205.536
197.262
189.475
182.139
175.223
168.697
162.534
156.709
151.199
145.983
141.043
136.359
131.916
127.699
123.694
119.887
116.268
112.826
109.549
106.429
103.457
100.625
97.925
95.3503
92.894
90.5501
88.3126
86.176
84.1353
82.1854
80.3218
78.5401
76.8361
75.2057
73.6453
72.1511
70.7197
69.3477
68.0319
66.7692
65.5567
64.3914
63.2707
62.1918
61.1522
60.1496
59.1814
58.2456
57.3398
56.4622
55.6108
54.7836
53.9791
53.1954
52.4311
51.6847
50.955
50.2405
49.5402
48.853
48.1779
47.514
46.8606
46.2168
45.5822
44.9561
44.3378
43.7274
43.1242
42.5274
41.9365
41.351
40.7706
40.1948
39.6235
39.0563
38.4929
37.9333
37.3772
36.8244
36.2749
35.7286
35.1853
34.6451
34.108
33.574
33.0433
32.516
31.9925
31.4732
30.9585
30.449
29.9456
29.449
28.9605
28.4807
28.0152
1008.35
4062.84
6082.76
7412.88
8223.95
8634.1
8743.06
8641.31
8405.61
8094.91
7750.32
7397.56
7050.92
6717.25
6399.06
6096.57
5808.64
5534.96
5274.72
5027
4790.9
4565.61
4350.46
4145.05
3948.95
3761.6
3582.49
3411.23
3247.87
3092.19
2943.41
2801.09
2665.02
2534.98
2410.61
2291.67
2177.92
2069.16
1965.2
1865.88
1771.03
1680.54
1594.28
1512.14
1434
1359.78
1289.34
1222.58
1159.34
1099.49
1042.85
989.262
938.534
890.491
844.954
801.754
760.733
721.744
684.657
649.361
615.759
583.778
553.361
524.47
497.082
471.187
446.781
423.825
402.226
381.897
362.765
344.764
327.832
311.913
296.955
282.906
269.717
257.338
245.723
234.824
224.596
214.995
205.981
197.512
189.551
182.064
175.016
168.378
162.12
156.216
150.642
145.376
140.397
135.685
131.223
126.995
122.985
119.181
115.57
112.139
108.878
105.778
102.827
100.019
97.3443
94.7963
92.3679
90.0524
87.844
85.7368
83.7256
81.8054
79.9713
78.2191
76.5443
74.9431
73.4115
71.946
70.5431
69.1995
67.9119
66.6774
65.493
64.3559
63.2633
62.2128
61.2017
60.2277
59.2886
58.3819
57.5058
56.6581
55.8368
55.0402
54.2666
53.5141
52.7814
52.0668
51.3691
50.6868
50.0189
49.3642
48.7217
48.0904
47.4694
46.858
46.2554
45.6611
45.0743
44.4947
43.9219
43.3554
42.7947
42.2401
41.6907
41.1462
40.6061
40.07
39.5376
39.0087
38.483
37.9601
37.44
36.9223
36.4069
35.8937
35.3825
34.8732
34.3658
33.8602
33.3567
32.8552
32.3561
31.8597
31.3666
30.8775
30.3931
29.9146
29.4427
28.9835
9693.4
9120.9
8752.47
8472.78
8234.88
8013.51
7795.61
7573.55
7343.01
7102.83
6854.45
6600.84
6345.27
6090.67
5839.28
5592.75
5352.13
5118.15
4891.31
4671.92
4460.17
4256.13
4059.87
3871.82
3691.73
3519.09
3353.58
3195.01
3043.29
2898.28
2759.63
2627.04
2500.28
2379.14
2263.36
2152.73
2047.03
1946.07
1849.67
1757.66
1669.89
1586.22
1506.51
1430.64
1358.48
1289.9
1224.78
1162.98
1104.34
1048.73
995.974
945.922
898.413
853.292
810.409
769.622
730.801
693.824
658.587
624.997
592.979
562.473
533.434
505.833
479.656
454.901
431.569
409.59
388.882
369.368
350.981
333.662
317.355
302.009
287.574
274.005
261.256
249.281
238.037
227.48
217.57
208.265
199.527
191.318
183.602
176.346
169.52
163.092
157.037
151.328
145.942
140.857
136.053
131.51
127.212
123.143
119.288
115.633
112.166
108.874
105.749
102.778
99.9542
97.2677
94.7108
92.2763
89.9573
87.7473
85.6404
83.631
81.7139
79.8841
78.1369
76.4682
74.8737
73.3495
71.8919
70.4974
69.1627
67.8845
66.6599
65.4858
64.3596
63.2785
62.2399
61.2414
60.2806
59.3552
58.4631
57.6022
56.7704
55.9658
55.1867
54.4312
53.6977
52.9847
52.2906
51.6141
50.9538
50.3085
49.677
49.0583
48.4514
47.8553
47.2692
46.6923
46.124
45.5635
45.0104
44.464
43.924
43.39
42.8614
42.3383
41.82
41.3069
40.7983
40.2938
39.7928
39.2951
38.8004
38.3082
37.8184
37.3306
36.8445
36.3599
35.8766
35.3944
34.913
34.4324
33.9525
33.4732
32.9947
32.5171
32.041
31.5668
31.0952
30.6273
30.1642
29.7119
3815.7
4241.86
4590.96
4884.63
5129.86
5326.58
5472.92
5567.88
5612.48
5610
5565.6
5485.58
5376.6
5245.05
5096.64
4936.21
4767.76
4594.55
4419.2
4243.74
4069.77
3898.53
3730.96
3567.9
3409.84
3256.99
3109.47
2967.35
2830.69
2699.51
2573.68
2453.08
2337.56
2226.97
2121.15
2019.93
1923.14
1830.63
1742.25
1657.84
1577.27
1500.41
1427.13
1357.3
1290.8
1227.51
1167.3
1110.03
1055.56
1003.76
954.497
907.623
863.009
820.526
780.05
741.465
704.663
669.546
636.026
604.03
573.494
544.37
516.622
490.229
465.178
441.474
419.116
398.025
378.127
359.354
341.643
324.941
309.195
294.36
280.39
267.242
254.874
243.245
232.316
222.046
212.397
203.331
194.812
186.806
179.279
172.2
165.538
159.267
153.36
147.791
142.539
137.583
132.902
128.478
124.295
120.336
116.588
113.036
109.669
106.474
103.441
100.561
97.8242
95.2218
92.7461
90.3898
88.1462
86.0088
83.9718
82.0295
80.1769
78.409
76.7213
75.1094
73.5694
72.0973
70.6896
69.3429
68.0539
66.8194
65.6366
64.5026
63.4147
62.3704
61.3672
60.4026
59.4746
58.5808
57.7192
56.8879
56.0849
55.3084
54.5568
53.8283
53.1213
52.4344
51.7662
51.1154
50.4806
49.8608
49.2547
48.6614
48.0799
47.5093
46.9488
46.3977
45.8552
45.3207
44.7936
44.2734
43.7597
43.252
42.7499
42.2532
41.7614
41.2746
40.7925
40.3146
39.8404
39.3695
38.9015
38.4361
37.9729
37.5116
37.0517
36.593
36.1351
35.6777
35.2204
34.763
34.3052
33.8469
33.388
32.9285
32.4686
32.0086
31.5494
31.0917
30.6368
30.191
2667.06
3071.8
3420.97
3719.19
3971.4
4181.18
4350.53
4480.42
4571.57
4625.14
4643.15
4628.54
4585.04
4516.79
4428.02
4322.82
4204.89
4077.56
3943.7
3805.73
3665.64
3525.05
3385.3
3247.46
3112.31
2980.43
2852.21
2727.92
2607.76
2491.87
2380.26
2272.93
2169.82
2070.86
1975.94
1884.96
1797.8
1714.34
1634.46
1558.05
1484.98
1415.16
1348.45
1284.76
1223.96
1165.95
1110.61
1057.82
1007.47
959.443
913.625
869.906
828.18
788.344
750.299
713.952
679.216
646.013
614.272
583.932
554.943
527.263
500.866
475.731
451.85
429.227
407.86
387.676
368.608
350.593
333.574
317.502
302.328
288.011
274.509
261.782
249.793
238.505
227.881
217.884
208.481
199.636
191.316
183.49
176.127
169.197
162.673
156.528
150.737
145.278
140.128
135.268
130.677
126.34
122.238
118.358
114.684
111.203
107.905
104.776
101.806
98.9869
96.3081
93.7616
91.3396
89.0349
86.8406
84.7505
82.7587
80.8596
79.0481
77.3194
75.669
74.0926
72.5861
71.1459
69.7683
68.4501
67.188
65.979
64.8202
63.709
62.6426
61.6186
60.6346
59.6884
58.7778
57.9007
57.0551
56.2393
55.4512
54.6894
53.952
53.2376
52.5447
51.8718
51.2177
50.581
49.9607
49.3555
48.7643
48.1863
47.6205
47.066
46.5219
45.9877
45.4626
44.9459
44.4371
43.9357
43.4412
42.9533
42.4716
41.9956
41.5249
41.0593
40.5984
40.1418
39.6892
39.2402
38.7943
38.3512
37.9105
37.4717
37.0343
36.5981
36.1624
35.7269
35.2911
34.8546
34.417
33.9778
33.5369
33.094
32.6492
32.2025
31.7546
31.3063
30.8588
30.4188
2295.47
2640.43
2945.93
3209.5
3431.88
3615.34
3762.42
3875.5
3956.65
4007.8
4030.97
4028.38
4002.55
3956.25
3892.35
3813.75
3723.21
3623.33
3516.44
3404.61
3289.61
3172.95
3055.89
2939.44
2824.42
2711.46
2601.03
2493.47
2389.03
2287.88
2190.13
2095.81
2004.93
1917.45
1833.32
1752.48
1674.85
1600.33
1528.85
1460.3
1394.59
1331.63
1271.33
1213.59
1158.31
1105.4
1054.77
1006.32
959.959
915.604
873.165
832.556
793.697
756.506
720.908
686.83
654.203
622.965
593.06
564.437
537.056
510.884
485.895
462.074
439.411
417.905
397.557
378.309
360.099
342.869
326.568
311.148
296.568
282.786
269.766
257.473
245.871
234.928
224.61
214.886
205.723
197.091
188.96
181.3
174.084
167.285
160.877
154.837
149.139
143.764
138.691
133.899
129.372
125.092
121.044
117.213
113.585
110.148
106.889
103.798
100.864
98.0781
95.4308
92.9139
90.5197
88.2411
86.0715
84.0045
82.0342
80.1553
78.3625
76.6511
75.0166
73.4547
71.9615
70.5332
69.1665
67.858
66.6045
65.4032
64.2511
63.1456
62.0842
61.0644
60.0839
59.1406
58.2323
57.3571
56.5132
55.6986
54.9118
54.1511
53.4148
52.7016
52.0102
51.3391
50.6872
50.0531
49.4358
48.8342
48.2472
47.6739
47.1134
46.5649
46.0276
45.5008
44.9838
44.476
43.9769
43.4858
43.0024
42.5261
42.0566
41.5934
41.1362
40.6845
40.2381
39.7965
39.3594
38.9263
38.4969
38.0706
37.6471
37.2259
36.8064
36.3882
35.9707
35.5534
35.1356
34.7169
34.2965
33.8739
33.4487
33.0204
32.5888
32.1539
31.7159
31.2757
30.8347
30.3995
2125.59
2419.4
2682
2909.62
3101.18
3257.58
3380.8
3473.25
3537.48
3575.93
3591.02
3585.07
3560.42
3519.41
3464.33
3397.42
3320.82
3236.51
3146.31
3051.82
2954.46
2855.46
2755.83
2656.43
2557.95
2460.94
2365.83
2272.91
2182.45
2094.59
2009.44
1927.06
1847.48
1770.68
1696.63
1625.28
1556.59
1490.48
1426.89
1365.74
1306.96
1250.47
1196.2
1144.07
1094
1045.93
999.774
955.473
912.956
872.158
833.015
795.464
759.444
724.895
691.757
659.976
629.498
600.273
572.257
545.409
519.695
495.088
471.565
449.112
427.718
407.377
388.082
369.802
352.482
336.068
320.514
305.775
291.811
278.588
266.07
254.227
243.026
232.438
222.435
212.986
204.066
195.644
187.697
180.196
173.117
166.437
160.13
154.177
148.554
143.243
138.223
133.478
128.991
124.744
120.725
116.918
113.31
109.89
106.646
103.566
100.642
97.8643
95.2232
92.7111
90.3203
88.044
85.8755
83.8086
81.8375
79.9567
78.161
76.4458
74.8066
73.239
71.7393
70.3038
68.9294
67.6127
66.3504
65.1396
63.9774
62.8613
61.7887
60.7574
59.7651
58.8097
57.8891
57.0016
56.1452
55.3183
54.5193
53.7465
52.9984
52.2738
51.5713
50.8896
50.2274
49.5838
48.9576
48.3477
47.7533
47.1734
46.6071
46.0538
45.5125
44.9826
44.4635
43.9546
43.4552
42.9649
42.4831
42.0095
41.5434
41.0846
40.6326
40.187
39.7474
39.3134
38.8846
38.4606
38.041
37.6253
37.2129
36.8034
36.3963
35.9908
35.5865
35.1826
34.7784
34.3733
33.9663
33.5569
33.1443
32.7278
32.3069
31.8815
31.4516
31.0178
30.5816
30.15
2027.98
2279.74
2503.99
2697.72
2859.72
2990.39
3091.27
3164.51
3212.58
3238.05
3243.41
3231.09
3203.38
3162.46
3110.37
3049.03
2980.18
2905.42
2826.18
2743.72
2659.15
2573.39
2487.25
2401.39
2316.33
2232.51
2150.25
2069.82
1991.39
1915.1
1841.04
1769.24
1699.72
1632.49
1567.51
1504.75
1444.17
1385.72
1329.33
1274.95
1222.52
1171.99
1123.28
1076.35
1031.14
987.598
945.674
905.319
866.485
829.126
793.195
758.648
725.439
693.524
662.857
633.398
605.103
577.934
551.854
526.832
502.838
479.848
457.843
436.807
416.73
397.6
379.405
362.126
345.726
330.159
315.379
301.347
288.025
275.382
263.387
252.01
241.225
231.005
221.325
212.159
203.484
195.275
187.509
180.163
173.214
166.643
160.427
154.546
148.983
143.718
138.735
134.016
129.547
125.313
121.299
117.493
113.882
110.455
107.202
104.111
101.173
98.3787
95.7202
93.1893
90.7786
88.482
86.2926
84.2041
82.2106
80.3067
78.4874
76.748
75.084
73.4914
71.9661
70.5046
69.1035
67.7596
66.47
65.2315
64.0417
62.8978
61.7974
60.7383
59.7184
58.7354
57.7875
56.8729
55.9898
55.1366
54.3116
53.5134
52.7406
51.9918
51.2657
50.5612
49.877
49.2122
48.5656
47.9363
47.3234
46.726
46.1433
45.5746
45.019
44.4759
43.9447
43.4248
42.9156
42.4165
41.9271
41.4469
40.9755
40.5123
40.057
39.6091
39.1683
38.7341
38.3061
37.8838
37.4668
37.0546
36.6466
36.2424
35.8412
35.4425
35.0455
34.6495
34.2538
33.8573
33.4593
33.0587
32.6547
32.2465
31.8332
31.4143
30.9899
30.5602
30.1269
29.697
1960.71
2176.8
2366.95
2529.44
2663.62
2770.01
2850.01
2905.59
2939.03
2952.79
2949.27
2930.82
2899.64
2857.75
2807.03
2749.13
2685.56
2617.64
2546.52
2473.2
2398.54
2323.24
2247.9
2173.02
2098.99
2026.12
1954.65
1884.77
1816.6
1750.23
1685.73
1623.11
1562.38
1503.54
1446.55
1391.39
1338.01
1286.37
1236.43
1188.13
1141.44
1096.3
1052.68
1010.54
969.836
930.533
892.598
855.996
820.694
786.66
753.861
722.265
691.837
662.544
634.354
607.232
581.146
556.064
531.958
508.799
486.565
465.232
444.785
425.206
406.484
388.606
371.558
355.32
339.868
325.172
311.19
297.886
285.226
273.181
261.724
250.829
240.472
230.631
221.282
212.406
203.98
195.985
188.4
181.205
174.382
167.911
161.776
155.958
150.44
145.207
140.243
135.533
131.064
126.822
122.794
118.967
115.331
111.876
108.591
105.466
102.492
99.6593
96.9607
94.3883
91.9349
89.5942
87.3596
85.2254
83.1859
81.2357
79.3701
77.5842
75.8739
74.2349
72.6635
71.1561
69.7092
68.3197
66.9847
65.7012
64.4666
63.2784
62.1343
61.0318
59.969
58.9437
57.9542
56.9986
56.0752
55.1823
54.3186
53.4824
52.6724
51.8874
51.126
50.3872
49.6697
48.9727
48.295
47.6357
46.9939
46.3688
45.7596
45.1655
44.5859
44.02
43.4673
42.9271
42.3988
41.882
41.3761
40.8806
40.3951
39.9192
39.4523
38.994
38.5439
38.1017
37.6667
37.2386
36.8169
36.401
35.9904
35.5845
35.1828
34.7844
34.3886
33.9946
33.6015
33.2083
32.8141
32.4176
32.0179
31.6138
31.2043
30.7887
30.3667
29.9384
29.5057
29.0758
1908.19
2097.87
2262.27
2400.78
2513.4
2600.96
2664.88
2707.08
2729.69
2735.01
2725.28
2702.7
2669.3
2626.97
2577.39
2522.06
2462.3
2399.24
2333.85
2266.97
2199.27
2131.34
2063.63
1996.52
1930.31
1865.25
1801.5
1739.19
1678.43
1619.26
1561.72
1505.82
1451.55
1398.91
1347.86
1298.36
1250.4
1203.92
1158.88
1115.26
1073.02
1032.11
992.517
954.199
917.131
881.285
846.636
813.158
780.827
749.616
719.501
690.455
662.451
635.462
609.462
584.42
560.312
537.108
514.785
493.317
472.683
452.864
433.842
415.601
398.127
381.407
365.425
350.164
335.602
321.713
308.469
295.839
283.792
272.302
261.345
250.897
240.938
231.447
222.406
213.796
205.599
197.798
190.375
183.314
176.599
170.213
164.142
158.368
152.879
147.66
142.699
137.981
133.494
129.225
125.163
121.297
117.616
114.111
110.772
107.589
104.555
101.661
98.8994
96.263
93.7448
91.3385
89.038
86.8377
84.732
82.7159
80.7846
78.9335
77.1584
75.4553
73.8203
72.2499
70.7408
69.2897
67.8938
66.5502
65.2563
64.0095
62.8076
61.6482
60.5293
59.4489
58.4051
57.3962
56.4204
55.4762
54.562
53.6764
52.8182
51.9859
51.1785
50.3947
49.6335
48.8938
48.1747
47.4752
46.7945
46.1318
45.4862
44.8571
44.2437
43.6454
43.0615
42.4915
41.9347
41.3908
40.8591
40.3391
39.8304
39.3325
38.8451
38.3675
37.8994
37.4403
36.9898
36.5474
36.1126
35.6849
35.2637
34.8483
34.4382
34.0326
33.6307
33.2317
32.8345
32.4382
32.0415
31.6434
31.2424
30.8373
30.427
30.0104
29.5869
29.1566
28.7214
28.2888
1835.14
2004.64
2149.97
2271.06
2368.34
2442.8
2495.93
2529.54
2545.64
2546.32
2533.68
2509.73
2476.34
2435.23
2387.94
2335.82
2280.06
2221.64
2161.43
2100.12
2038.3
1976.44
1914.92
1854.05
1794.07
1735.17
1677.48
1621.12
1566.14
1512.59
1460.49
1409.84
1360.63
1312.85
1266.47
1221.47
1177.8
1135.44
1094.36
1054.53
1015.91
978.475
942.206
907.073
873.054
840.127
808.271
777.463
747.684
718.912
691.126
664.303
638.42
613.453
589.379
566.173
543.811
522.269
501.523
481.553
462.337
443.856
426.094
409.035
392.663
376.966
361.926
347.528
333.752
320.577
307.978
295.93
284.41
273.394
262.861
252.79
243.164
233.964
225.174
216.777
208.76
201.107
193.804
186.835
180.189
173.849
167.804
162.04
156.545
151.305
146.31
141.548
137.008
132.678
128.549
124.609
120.851
117.264
113.84
110.57
107.447
104.463
101.61
98.8823
96.2728
93.7752
91.3839
89.0933
86.8981
84.7933
82.7743
80.8366
78.9761
77.1887
75.4707
73.8186
72.229
70.6989
69.2251
67.805
66.4359
65.1152
63.8407
62.6101
61.4212
60.2722
59.1611
58.0861
57.0456
56.038
55.0618
54.1155
53.1978
52.3075
51.4433
50.6042
49.789
48.9966
48.2263
47.4769
46.7477
46.0379
45.3466
44.6732
44.0169
43.377
42.7531
42.1443
41.5503
40.9704
40.4041
39.851
39.3105
38.7821
38.2655
37.7602
37.2656
36.7814
36.3071
35.8422
35.3861
34.9384
34.4985
34.0658
33.6395
33.219
32.8034
32.3919
31.9833
31.5768
31.1709
30.7644
30.3558
29.9438
29.5269
29.1039
28.6739
28.2369
27.7946
27.3549
1736.51
1887.55
2015.91
2121.89
2206.18
2269.92
2314.6
2341.93
2353.77
2352.01
2338.54
2315.16
2283.54
2245.22
2201.58
2153.8
2102.94
2049.87
1995.33
1939.93
1884.16
1828.41
1773.01
1718.23
1664.25
1611.24
1559.31
1508.55
1459.02
1410.74
1363.73
1318.01
1273.55
1230.35
1188.38
1147.63
1108.05
1069.64
1032.35
996.169
961.066
927.019
894.005
862.003
830.993
800.957
771.875
743.73
716.502
690.173
664.723
640.134
616.384
593.453
571.32
549.962
529.358
509.486
490.325
471.856
454.058
436.915
420.409
404.525
389.248
374.563
360.456
346.911
333.91
321.436
309.469
297.99
286.977
276.414
266.28
256.561
247.239
238.3
229.731
221.518
213.648
206.11
198.891
191.979
185.364
179.033
172.977
167.183
161.642
156.342
151.274
146.429
141.796
137.365
133.129
129.077
125.202
121.496
117.949
114.555
111.307
108.197
105.219
102.365
99.6311
97.0099
94.4962
92.0846
89.7702
87.5479
85.4133
83.362
81.3899
79.4931
77.6677
75.9105
74.2179
72.5868
71.0143
69.4976
68.0339
66.6208
65.2559
63.9369
62.6617
61.4283
60.2348
59.0793
57.9602
56.8759
55.8248
54.8056
53.8167
52.857
51.9253
51.0203
50.141
49.2864
48.4554
47.6472
46.8608
46.0955
45.3504
44.6248
43.9179
43.2292
42.5579
41.9034
41.2653
40.6428
40.0354
39.4427
38.8642
38.2993
37.7476
37.2086
36.6819
36.1669
35.6632
35.1703
34.6876
34.2147
33.7509
33.2956
32.8482
32.4078
31.9737
31.545
31.1205
30.6992
30.2798
29.8609
29.4409
29.0183
28.5914
28.1589
27.7195
27.2731
26.8216
26.3727
1620.27
1754.61
1867.92
1960.75
2034.02
2088.95
2127.01
2149.83
2159.09
2156.49
2143.69
2122.27
2093.69
2059.28
2020.23
1977.58
1932.22
1884.94
1836.35
1786.99
1737.27
1687.54
1638.1
1589.16
1540.91
1493.49
1447
1401.52
1357.11
1313.79
1271.59
1230.51
1190.55
1151.69
1113.92
1077.21
1041.56
1006.93
973.304
940.657
908.968
878.216
848.383
819.448
791.394
764.203
737.858
712.342
687.638
663.729
640.598
618.226
596.594
575.685
555.478
535.953
517.093
498.876
481.284
464.298
447.9
432.074
416.803
402.072
387.866
374.172
360.976
348.262
336.018
324.226
312.873
301.941
291.415
281.28
271.522
262.127
253.082
244.377
235.999
227.939
220.186
212.731
205.564
198.676
192.059
185.703
179.6
173.741
168.118
162.722
157.545
152.579
147.817
143.249
138.869
134.668
130.64
126.778
123.073
119.52
116.111
112.841
109.703
106.691
103.8
101.023
98.3558
95.7931
93.33
90.9618
88.6839
86.4923
84.3827
82.3514
80.3946
78.5088
76.6908
74.9373
73.2453
71.612
70.0347
68.5108
67.038
65.6138
64.2361
62.9029
61.6122
60.3622
59.151
57.9771
56.8389
55.7349
54.6637
53.6239
52.6143
51.6337
50.681
49.7551
48.8549
47.9796
47.1282
46.2998
45.4936
44.7089
43.9448
43.2007
42.4759
41.7698
41.0817
40.411
39.7572
39.1198
38.4982
37.8918
37.3003
36.723
36.1595
35.6093
35.072
34.5468
34.0335
33.5313
33.0397
32.5581
32.0857
31.6218
31.1657
30.7162
30.2725
29.8332
29.3972
28.9629
28.5288
28.0931
27.6539
27.2098
26.7593
26.3021
25.8399
25.3807
1493.69
1613.1
1713.17
1794.65
1858.62
1906.35
1939.28
1958.93
1966.82
1964.47
1953.32
1934.72
1909.93
1880.05
1846.1
1808.96
1769.37
1727.99
1685.37
1641.96
1598.15
1554.25
1510.53
1467.19
1424.41
1382.31
1340.99
1300.53
1260.99
1222.39
1184.76
1148.11
1112.43
1077.72
1043.96
1011.15
979.26
948.275
918.175
888.941
860.553
832.993
806.243
780.285
755.103
730.679
706.998
684.043
661.798
640.248
619.376
599.164
579.597
560.656
542.325
524.584
507.417
490.806
474.732
459.18
444.132
429.573
415.488
401.862
388.681
375.933
363.604
351.682
340.155
329.01
318.234
307.815
297.741
288.001
278.583
269.479
260.677
252.17
243.949
236.007
228.336
220.929
213.779
206.88
200.226
193.81
187.625
181.666
175.925
170.397
165.076
159.954
155.026
150.285
145.725
141.34
137.124
133.069
129.171
125.424
121.821
118.357
115.026
111.822
108.742
105.778
102.927
100.183
97.5424
95
92.5515
90.1929
87.9202
85.7296
83.6174
81.5801
79.6144
77.7171
75.8852
74.1157
72.406
70.7533
69.1553
67.6095
66.1137
64.6658
63.2637
61.9055
60.5894
59.3136
58.0766
56.8768
55.7126
54.5827
53.4858
52.4206
51.3859
50.3806
49.4036
48.4539
47.5305
46.6325
45.759
44.9092
44.0823
43.2775
42.494
41.7314
40.9887
40.2655
39.5611
38.8749
38.2063
37.5548
36.9199
36.301
35.6975
35.1091
34.535
33.9749
33.428
32.8939
32.372
31.8615
31.3618
30.8721
30.3917
29.9194
29.4544
28.9953
28.541
28.0898
27.6401
27.19
26.7378
26.2814
25.8194
25.3513
24.8789
24.4101
1363.89
1470.13
1558.73
1630.59
1686.85
1728.81
1757.86
1775.38
1782.77
1781.36
1772.37
1756.97
1736.19
1710.97
1682.15
1650.45
1616.51
1580.88
1544.04
1506.4
1468.29
1430
1391.78
1353.82
1316.28
1279.27
1242.91
1207.26
1172.37
1138.28
1105.01
1072.58
1040.99
1010.24
980.314
951.208
922.906
895.393
868.653
842.67
817.426
792.905
769.089
745.964
723.513
701.72
680.571
660.049
640.14
620.828
602.098
583.934
566.32
549.241
532.679
516.62
501.045
485.941
471.289
457.076
443.285
429.902
416.913
404.306
392.067
380.184
368.647
357.444
346.565
336
325.739
315.774
306.094
296.693
287.563
278.695
270.086
261.727
253.614
245.742
238.107
230.703
223.526
216.573
209.84
203.321
197.014
190.914
185.017
179.317
173.812
168.496
163.365
158.413
153.636
149.03
144.588
140.306
136.179
132.203
128.371
124.679
121.121
117.694
114.392
111.211
108.146
105.191
102.344
99.5998
96.9537
94.4022
91.9412
89.5671
87.2762
85.0649
82.9301
80.8684
78.8768
76.9523
75.0922
73.2936
71.5541
69.8712
68.2425
66.6658
65.1391
63.6602
62.2273
60.8385
59.4921
58.1865
56.92
55.6913
54.4988
53.3412
52.2172
51.1257
50.0654
49.0353
48.0344
47.0615
46.1158
45.1964
44.3023
43.4329
42.5872
41.7645
40.9642
40.1854
39.4276
38.6901
37.9723
37.2735
36.5932
35.9308
35.2857
34.6574
34.0452
33.4487
32.8671
32.3
31.7467
31.2065
30.6786
30.1624
29.657
29.1615
28.6747
28.1956
27.7227
27.2547
26.7896
26.3258
25.8612
25.3937
24.9218
24.4449
23.9649
23.4902
1237.83
1332.73
1411.69
1475.65
1525.79
1563.36
1589.66
1605.97
1613.51
1613.45
1606.85
1594.68
1577.83
1557.07
1533.09
1506.52
1477.9
1447.69
1416.32
1384.13
1351.43
1318.48
1285.49
1252.64
1220.07
1187.91
1156.23
1125.12
1094.62
1064.78
1035.61
1007.15
979.382
952.324
925.969
900.311
875.34
851.045
827.413
804.43
782.083
760.356
739.236
718.707
698.756
679.368
660.528
642.222
624.436
607.155
590.365
574.052
558.199
542.794
527.82
513.263
499.109
485.341
471.947
458.911
446.22
433.862
421.823
410.091
398.657
387.508
376.636
366.031
355.686
345.592
335.742
326.131
316.751
307.598
298.668
289.955
281.457
273.171
265.093
257.221
249.554
242.088
234.823
227.756
220.886
214.211
207.728
201.436
195.332
189.414
183.679
178.124
172.745
167.54
162.505
157.637
152.931
148.384
143.991
139.749
135.653
131.698
127.882
124.198
120.644
117.214
113.904
110.711
107.63
104.657
101.787
99.018
96.345
93.7646
91.2732
88.8672
86.5434
84.2984
82.1292
80.0326
78.0059
76.0461
74.1507
72.317
70.5427
68.8253
67.1626
65.5525
63.993
62.482
61.0177
59.5983
58.2222
56.8878
55.5934
54.3377
53.1193
51.9367
50.7889
49.6745
48.5923
47.5415
46.5207
45.5292
44.5658
43.6298
42.7201
41.8361
40.9769
40.1417
39.3298
38.5404
37.7729
37.0267
36.301
35.5952
34.9086
34.2408
33.591
32.9587
32.3431
31.7438
31.1599
30.5909
30.036
29.4944
28.9654
28.4478
27.9408
27.4432
26.9536
26.4707
25.9926
25.5176
25.0436
24.5686
24.091
23.6101
23.1284
22.6549
1122.37
1207.98
1279.3
1337.25
1382.96
1417.59
1442.34
1458.34
1466.69
1468.39
1464.35
1455.42
1442.33
1425.75
1406.29
1384.47
1360.75
1335.54
1309.2
1282.05
1254.33
1226.29
1198.1
1169.94
1141.92
1114.17
1086.76
1059.77
1033.24
1007.22
981.741
956.817
932.463
908.686
885.488
862.867
840.82
819.338
798.412
778.034
758.191
738.873
720.067
701.76
683.94
666.594
649.709
633.272
617.269
601.688
586.514
571.735
557.336
543.304
529.625
516.286
503.273
490.573
478.173
466.06
454.222
442.648
431.326
420.247
409.401
398.778
388.372
378.176
368.182
358.386
348.782
339.367
330.138
321.091
312.225
303.538
295.029
286.698
278.544
270.567
262.768
255.146
247.703
240.437
233.35
226.441
219.711
213.158
206.783
200.584
194.56
188.709
183.031
177.522
172.181
167.004
161.99
157.135
152.437
147.89
143.493
139.241
135.131
131.159
127.321
123.613
120.032
116.572
113.232
110.005
106.89
103.881
100.975
98.1686
95.4581
92.8399
90.3107
87.867
85.5057
83.2236
81.0177
78.8852
76.8231
74.8287
72.8996
71.0331
69.2269
67.4787
65.7862
64.1474
62.5603
61.0229
59.5333
58.0899
56.6909
55.3348
54.0199
52.745
51.5084
50.309
49.1454
48.0164
46.9209
45.8578
44.8259
43.8244
42.8521
41.9082
40.9918
40.102
39.2379
38.3989
37.5841
36.7928
36.0242
35.2776
34.5524
33.8479
33.1634
32.4983
31.8518
31.2233
30.6122
30.0177
29.439
28.8754
28.3262
27.7902
27.2667
26.7544
26.2522
25.7586
25.2722
24.791
24.3134
23.8372
23.3611
22.8846
22.411
21.9513
1024.29
1103.16
1169.25
1223.42
1266.68
1300.1
1324.73
1341.57
1351.59
1355.64
1354.54
1349.01
1339.69
1327.17
1311.96
1294.54
1275.31
1254.62
1232.79
1210.09
1186.77
1163.01
1139
1114.87
1090.76
1066.76
1042.95
1019.41
996.196
973.34
950.881
928.843
907.246
886.1
865.415
845.193
825.436
806.14
787.303
768.917
750.976
733.471
716.393
699.731
683.477
667.618
652.143
637.041
622.299
607.907
593.851
580.118
566.698
553.577
540.742
528.182
515.884
503.837
492.028
480.447
469.084
457.928
446.971
436.203
425.616
415.205
404.963
394.884
384.965
375.202
365.593
356.135
346.828
337.671
328.665
319.809
311.106
302.557
294.163
285.927
277.85
269.935
262.184
254.599
247.181
239.932
232.854
225.948
219.214
212.652
206.263
200.046
194.001
188.126
182.421
176.883
171.51
166.3
161.251
156.359
151.622
147.037
142.601
138.309
134.158
130.146
126.267
122.519
118.897
115.398
112.018
108.753
105.599
102.553
99.6113
96.7697
94.025
91.3737
88.8124
86.3379
83.947
81.6365
79.4036
77.2452
75.1586
73.1411
71.1901
69.3031
67.4777
65.7117
64.0027
62.3487
60.7477
59.1976
57.6968
56.2433
54.8355
53.4718
52.1506
50.8704
49.6298
48.4275
47.2621
46.1324
45.0373
43.9755
42.946
41.9477
40.9797
40.041
39.1306
38.2477
37.3914
36.5609
35.7553
34.9739
34.216
33.4807
32.7674
32.0754
31.4039
30.7523
30.1197
29.5056
28.9091
28.3295
27.766
27.2178
26.6838
26.1632
25.6548
25.1574
24.6697
24.1901
23.7172
23.2495
22.7857
22.3262
21.8753
21.4491
950.728
1026.17
1090.14
1143.37
1186.75
1221.2
1247.62
1266.9
1279.87
1287.28
1289.85
1288.22
1282.94
1274.56
1263.53
1250.27
1235.15
1218.49
1200.58
1181.67
1161.99
1141.73
1121.04
1100.08
1078.95
1057.77
1036.63
1015.58
994.697
974.027
953.612
933.482
913.664
894.177
875.036
856.252
837.832
819.779
802.095
784.779
767.828
751.238
735.003
719.117
703.572
688.36
673.471
658.897
644.626
630.65
616.956
603.534
590.374
577.463
564.792
552.349
540.123
528.104
516.283
504.65
493.196
481.912
470.792
459.828
449.015
438.347
427.821
417.432
407.18
397.061
387.075
377.223
367.505
357.922
348.477
339.171
330.008
320.991
312.123
303.407
294.847
286.446
278.208
270.135
262.231
254.498
246.939
239.555
232.347
225.317
218.466
211.793
205.299
198.983
192.844
186.881
181.091
175.475
170.028
164.748
159.634
154.681
149.887
145.248
140.762
136.424
132.23
128.178
124.262
120.48
116.827
113.299
109.893
106.605
103.43
100.365
97.406
94.5495
91.7919
89.1295
86.559
84.0769
81.68
79.3652
77.1294
74.9696
72.8829
70.8668
68.9184
67.0353
65.215
63.4551
61.7535
60.108
58.5165
56.9769
55.4876
54.0465
52.6521
51.3025
49.9964
48.732
47.508
46.3231
45.1758
44.0648
42.9891
41.9473
40.9384
39.9614
39.0151
38.0986
37.2109
36.3512
35.5185
34.712
33.9308
33.1742
32.4414
31.7316
31.0441
30.378
29.7328
29.1076
28.5018
27.9146
27.3453
26.793
26.257
25.7364
25.2304
24.738
24.2583
23.7903
23.333
22.8858
22.4489
22.024
21.6169
21.2553
912.06
988.547
1054.53
1110.57
1157.41
1195.82
1226.57
1250.41
1268.08
1280.25
1287.55
1290.55
1289.79
1285.74
1278.84
1269.48
1258.01
1244.76
1230
1213.99
1196.94
1179.06
1160.51
1141.45
1122
1102.28
1082.39
1062.42
1042.44
1022.5
1002.67
982.986
963.485
944.2
925.154
906.369
887.86
869.638
851.714
834.093
816.778
799.77
783.07
766.674
750.579
734.781
719.273
704.048
689.099
674.418
659.997
645.825
631.894
618.195
604.718
591.454
578.394
565.529
552.851
540.352
528.025
515.863
503.86
492.011
480.312
468.758
457.349
446.081
434.953
423.966
413.12
402.416
391.856
381.442
371.178
361.067
351.113
341.319
331.689
322.228
312.939
303.826
294.893
286.142
277.578
269.201
261.016
253.023
245.224
237.62
230.212
222.999
215.981
209.158
202.528
196.09
189.843
183.784
177.911
172.221
166.711
161.379
156.221
151.233
146.412
141.753
137.253
132.908
128.713
124.665
120.758
116.989
113.353
109.846
106.464
103.201
100.055
97.0216
94.0958
91.2741
88.5527
85.9278
83.3958
80.9533
78.5967
76.3229
74.1286
72.0108
69.9666
67.9932
66.0878
64.2479
62.4709
60.7545
59.0964
57.4944
55.9464
54.4504
53.0045
51.6068
50.2556
48.9493
47.6862
46.4647
45.2836
44.1412
43.0364
41.9678
40.9341
39.9343
38.9672
38.0317
37.1268
36.2516
35.4049
34.586
33.794
33.0279
32.2871
31.5706
30.8778
30.2079
29.5601
28.9338
28.3283
27.7428
27.1768
26.6297
26.1007
25.5893
25.095
24.6173
24.1558
23.7105
23.2816
22.8704
22.4802
22.1175
21.7915
21.5126
902.886
984.914
1057.1
1119.82
1173.64
1219.15
1257
1287.82
1312.25
1330.87
1344.27
1352.97
1357.48
1358.25
1355.71
1350.26
1342.24
1331.98
1319.79
1305.92
1290.62
1274.12
1256.59
1238.23
1219.17
1199.57
1179.55
1159.2
1138.63
1117.93
1097.15
1076.37
1055.64
1035.01
1014.52
994.2
974.08
954.183
934.53
915.135
896.011
877.166
858.607
840.337
822.359
804.671
787.273
770.161
753.331
736.778
720.495
704.476
688.715
673.203
657.933
642.897
628.089
613.5
599.124
584.954
570.985
557.21
543.626
530.227
517.012
503.976
491.119
478.439
465.935
453.609
441.462
429.494
417.709
406.109
394.697
383.476
372.45
361.623
350.998
340.579
330.369
320.371
310.588
301.022
291.675
282.548
273.644
264.962
256.504
248.268
240.255
232.463
224.892
217.541
210.407
203.489
196.784
190.29
184.004
177.923
172.043
166.361
160.872
155.572
150.458
145.524
140.766
136.178
131.757
127.496
123.391
119.437
115.628
111.96
108.428
105.026
101.75
98.5957
95.5577
92.6318
89.8137
87.0991
84.484
81.9643
79.5364
77.1966
74.9413
72.7673
70.6711
68.6498
66.7004
64.8199
63.0058
61.2554
59.5662
57.9359
56.3621
54.8428
53.3758
51.9591
50.591
49.2695
47.993
46.7599
45.5685
44.4175
43.3053
42.2306
41.1922
40.1887
39.2191
38.2821
37.3767
36.5019
35.6567
34.8401
34.0513
33.2894
32.5535
31.8428
31.1567
30.4943
29.8551
29.2384
28.6436
28.0701
27.5174
26.9853
26.4732
25.9812
25.5091
25.0574
24.6269
24.2186
23.8348
23.4787
23.1563
22.8774
22.6579
22.5117
906.202
997.046
1078.66
1151.19
1214.97
1270.4
1317.96
1358.14
1391.47
1418.46
1439.62
1455.44
1466.4
1472.94
1475.49
1474.44
1470.17
1463.02
1453.32
1441.37
1427.45
1411.8
1394.67
1376.25
1356.75
1336.34
1315.18
1293.4
1271.14
1248.51
1225.61
1202.52
1179.34
1156.13
1132.95
1109.85
1086.88
1064.08
1041.49
1019.12
997.008
975.17
953.62
932.37
911.429
890.803
870.496
850.509
830.843
811.495
792.462
773.742
755.328
737.216
719.4
701.874
684.631
667.666
650.973
634.546
618.379
602.468
586.809
571.398
556.232
541.308
526.624
512.18
497.975
484.009
470.283
456.798
443.554
430.556
417.803
405.3
393.048
381.051
369.31
357.827
346.605
335.644
324.945
314.51
304.336
294.424
284.774
275.383
266.25
257.374
248.754
240.386
232.27
224.403
216.782
209.406
202.271
195.373
188.71
182.278
176.071
170.086
164.318
158.76
153.408
148.257
143.299
138.53
133.942
129.53
125.288
121.21
117.289
113.519
109.895
106.411
103.061
99.8402
96.7426
93.7634
90.8978
88.1408
85.4881
82.9352
80.4779
78.1122
75.8344
73.6406
71.5274
69.4915
67.5296
65.6388
63.8161
62.0588
60.3641
58.7297
57.1531
55.6321
54.1644
52.7481
51.3811
50.0615
48.7877
47.5579
46.3705
45.2239
44.1168
43.0477
42.0152
41.0183
40.0556
39.1261
38.2286
37.3622
36.5259
35.7188
34.9401
34.1889
33.4645
32.7662
32.0932
31.4451
30.8211
30.2209
29.6438
29.0897
28.5581
28.0491
27.5626
27.0989
26.6587
26.2432
25.8545
25.4955
25.1711
24.8887
24.6604
24.5048
24.4525
24.5364
910.239
1012.18
1105.7
1190.66
1267.09
1335.13
1395.05
1447.15
1491.83
1529.47
1560.51
1585.37
1604.48
1618.28
1627.17
1631.58
1631.88
1628.47
1621.69
1611.89
1599.39
1584.5
1567.49
1548.64
1528.18
1506.33
1483.31
1459.3
1434.48
1408.99
1382.99
1356.59
1329.91
1303.05
1276.1
1249.14
1222.24
1195.46
1168.85
1142.46
1116.32
1090.47
1064.93
1039.73
1014.88
990.406
966.305
942.591
919.267
896.336
873.799
851.654
829.9
808.532
787.546
766.938
746.703
726.834
707.327
688.176
669.375
650.919
632.804
615.025
597.58
580.463
563.674
547.208
531.066
515.245
499.745
484.565
469.705
455.166
440.947
427.051
413.476
400.224
387.295
374.689
362.405
350.442
338.796
327.465
316.445
305.732
295.323
285.213
275.399
265.879
256.649
247.707
239.05
230.676
222.582
214.765
207.222
199.949
192.941
186.193
179.699
173.454
167.451
161.684
156.144
150.825
145.719
140.819
136.116
131.604
127.274
123.12
119.133
115.308
111.636
108.111
104.727
101.478
98.3571
95.3591
92.4785
89.7101
87.0489
84.4902
82.0294
79.6622
77.3846
75.1926
73.0826
71.0511
69.0947
67.2102
65.3946
63.6452
61.959
60.3336
58.7666
57.2555
55.7981
54.3924
53.0363
51.728
50.4656
49.2474
48.0719
46.9374
45.8425
44.7859
43.7662
42.7822
41.8326
40.9166
40.0329
39.1806
38.3589
37.5669
36.8039
36.0691
35.362
34.6819
34.0284
33.4011
32.7995
32.2233
31.6724
31.1467
30.6464
30.1719
29.7238
29.3034
28.9123
28.5534
28.2305
27.9498
27.7203
27.5563
27.48
27.5275
27.7582
28.2545
907.818
1022.29
1129.57
1229.15
1320.68
1403.97
1478.98
1545.79
1604.56
1655.52
1698.96
1735.22
1764.66
1787.67
1804.64
1815.98
1822.11
1823.43
1820.35
1813.25
1802.53
1788.55
1771.65
1752.16
1730.4
1706.66
1681.21
1654.29
1626.14
1596.97
1566.97
1536.32
1505.17
1473.67
1441.94
1410.1
1378.24
1346.46
1314.82
1283.41
1252.27
1221.45
1191
1160.95
1131.33
1102.16
1073.46
1045.24
1017.52
990.299
963.584
937.376
911.676
886.48
861.786
837.59
813.886
790.669
767.932
745.669
723.874
702.541
681.663
661.235
641.25
621.704
602.593
583.91
565.653
547.819
530.402
513.401
496.814
480.636
464.867
449.504
434.545
419.987
405.828
392.064
378.692
365.706
353.097
340.856
328.976
317.447
306.261
295.414
284.899
274.715
264.859
255.328
246.122
237.237
228.672
220.423
212.486
204.857
197.53
190.497
183.751
177.284
171.087
165.152
159.467
154.025
148.815
143.827
139.051
134.479
130.102
125.909
121.893
118.045
114.357
110.822
107.432
104.18
101.061
98.0667
95.1924
92.4323
89.7809
87.2335
84.7851
82.4313
80.1679
77.9908
75.8963
73.8808
71.9409
70.0733
68.275
66.5431
64.8748
63.2676
61.7191
60.2268
58.7885
57.4022
56.0659
54.7778
53.5359
52.3387
51.1845
50.0719
48.9995
47.9658
46.9698
46.0101
45.0857
44.1955
43.3386
42.5142
41.7213
40.9594
40.2276
39.5255
38.8525
38.2082
37.5923
37.0047
36.4452
35.9139
35.411
34.9371
34.4929
34.0796
33.6988
33.3532
33.0461
32.7826
32.5701
32.4194
32.3468
32.3773
32.5512
32.9353
33.6427
34.8618
894.689
1022.47
1144.92
1261.09
1370.13
1471.44
1564.58
1649.26
1725.36
1792.84
1851.79
1902.39
1944.88
1979.57
2006.81
2027.01
2040.58
2047.98
2049.65
2046.05
2037.64
2024.87
2008.16
1987.94
1964.6
1938.53
1910.07
1879.56
1847.31
1813.59
1778.67
1742.79
1706.16
1668.98
1631.42
1593.63
1555.76
1517.93
1480.24
1442.78
1405.64
1368.9
1332.59
1296.79
1261.52
1226.82
1192.72
1159.24
1126.39
1094.19
1062.65
1031.76
1001.53
971.962
943.047
914.781
887.16
860.177
833.822
808.088
782.967
758.449
734.526
711.189
688.429
666.239
644.609
623.532
603.001
583.009
563.548
544.613
526.196
508.292
490.894
473.997
457.594
441.68
426.248
411.292
396.801
382.764
369.163
355.981
343.198
330.802
318.783
307.134
295.853
284.941
274.398
264.226
254.425
244.995
235.935
227.24
218.907
210.928
203.294
195.996
189.024
182.365
176.008
169.939
164.147
158.617
153.339
148.299
143.486
138.888
134.495
130.294
126.278
122.435
118.757
115.237
111.864
108.633
105.536
102.566
99.7172
96.9838
94.3602
91.8411
89.4218
87.0976
84.8643
82.7178
80.6542
78.67
76.7618
74.9263
73.1605
71.4615
69.8266
68.2533
66.7392
65.2818
63.8792
62.5292
61.2299
59.9795
58.7764
57.6188
56.5053
55.4346
54.4052
53.4159
52.4657
51.5534
50.6782
49.839
49.0352
48.266
47.5308
46.829
46.1602
45.5241
44.9204
44.349
43.81
43.3035
42.83
42.3899
41.9843
41.6143
41.2818
40.989
40.7392
40.5367
40.3877
40.3005
40.2874
40.366
40.5628
40.9189
41.5012
42.4243
43.8926
46.2968
868.738
1010.19
1149.09
1283.91
1413.26
1535.94
1650.97
1757.55
1855.12
1943.25
2021.72
2090.45
2149.5
2199.05
2239.38
2270.86
2293.92
2309.05
2316.77
2317.61
2312.14
2300.9
2284.45
2263.31
2238.01
2209.04
2176.85
2141.9
2104.57
2065.26
2024.31
1982.03
1938.71
1894.61
1849.97
1805
1759.88
1714.77
1669.83
1625.16
1580.89
1537.11
1493.89
1451.3
1409.4
1368.24
1327.84
1288.24
1249.45
1211.5
1174.4
1138.14
1102.74
1068.18
1034.47
1001.6
969.561
938.341
907.932
878.32
849.494
821.441
794.148
767.602
741.79
716.699
692.316
668.629
645.626
623.294
601.624
580.602
560.218
540.461
521.32
502.784
484.843
467.485
450.701
434.479
418.801
403.642
388.966
374.739
360.93
347.521
334.505
321.885
309.669
297.869
286.493
275.551
265.049
254.988
245.367
236.181
227.422
219.08
211.14
203.588
196.407
189.582
183.093
176.925
171.059
165.48
160.17
155.115
150.3
145.711
141.335
137.16
133.174
129.367
125.729
122.251
118.924
115.74
112.691
109.771
106.974
104.293
101.722
99.257
96.8925
94.6241
92.4474
90.3584
88.3535
86.429
84.5815
82.8081
81.1056
79.4713
77.9026
76.3969
74.952
73.5656
72.2357
70.9604
69.7377
68.566
67.4438
66.3695
65.3418
64.3594
63.4212
62.5261
61.6731
60.8614
60.0903
59.3591
58.6673
58.0143
57.3999
56.8239
56.2861
55.7865
55.3253
54.9029
54.5198
54.1766
53.8744
53.6146
53.3989
53.2296
53.1096
53.0427
53.0342
53.0907
53.2215
53.4392
53.7619
54.2155
54.8387
55.6919
56.8748
58.5651
61.102
65.238
829.613
985.124
1142.12
1298.47
1452.06
1600.9
1743.21
1877.47
2002.41
2117.03
2220.63
2312.74
2393.13
2461.8
2518.91
2564.8
2599.91
2624.78
2640.03
2646.33
2644.37
2634.86
2618.49
2595.98
2567.99
2535.16
2498.11
2457.41
2413.6
2367.18
2318.6
2268.28
2216.61
2163.92
2110.52
2056.69
2002.66
1948.66
1894.87
1841.45
1788.54
1736.27
1684.74
1634.03
1584.21
1535.34
1487.46
1440.61
1394.82
1350.11
1306.48
1263.94
1222.49
1182.14
1142.86
1104.66
1067.51
1031.41
996.34
962.28
929.213
897.122
865.987
835.789
806.509
778.129
750.629
723.991
698.196
673.228
649.068
625.698
603.102
581.263
560.164
539.788
520.119
501.14
482.835
465.185
448.161
431.706
415.736
400.189
385.024
370.233
355.831
341.851
328.33
315.304
302.8
290.837
279.429
268.576
258.276
248.516
239.281
230.55
222.3
214.506
207.143
200.184
193.606
187.383
181.492
175.911
170.619
165.598
160.829
156.296
151.984
147.879
143.969
140.242
136.686
133.293
130.054
126.959
124.002
121.176
118.473
115.889
113.418
111.054
108.793
106.63
104.562
102.585
100.694
98.8863
97.1592
95.5093
93.9338
92.4301
90.9955
89.6279
88.3248
87.0843
85.9043
84.783
83.7187
82.7099
81.755
80.8528
80.0019
79.2012
78.4499
77.7469
77.0915
76.4831
75.9211
75.405
74.9346
74.5097
74.1301
73.796
73.5075
73.265
73.0689
72.92
72.8193
72.7678
72.7672
72.8193
72.9268
73.0925
73.3206
73.6162
73.9859
74.4386
74.9864
75.6456
76.4393
77.401
78.5805
80.0561
81.959
84.5358
88.2953
94.6276
778.933
949.694
1128
1311.02
1495.63
1678.68
1857.2
2028.5
2190.24
2340.51
2477.86
2601.23
2710
2803.89
2882.94
2947.43
2997.87
3034.92
3059.35
3072.04
3073.88
3065.82
3048.8
3023.74
2991.53
2953.04
2909.07
2860.39
2807.71
2751.68
2692.91
2631.94
2569.28
2505.35
2440.57
2375.29
2309.81
2244.43
2179.36
2114.83
2051
1988.03
1926.05
1865.16
1805.45
1746.99
1689.82
1634
1579.55
1526.49
1474.83
1424.58
1375.73
1328.28
1282.2
1237.49
1194.13
1152.1
1111.36
1071.9
1033.69
996.708
960.921
926.303
892.828
860.469
829.198
798.989
769.817
741.654
714.477
688.259
662.976
638.605
615.12
592.498
570.716
549.749
529.572
510.157
491.45
473.288
455.437
437.828
420.457
403.382
386.701
370.519
354.935
340.026
325.844
312.418
299.759
287.863
276.71
266.268
256.5
247.366
238.821
230.824
223.332
216.306
209.708
203.505
197.664
192.156
186.957
182.043
177.392
172.985
168.806
164.84
161.073
157.492
154.087
150.847
147.765
144.831
142.039
139.381
136.852
134.445
132.157
129.981
127.914
125.952
124.09
122.325
120.653
119.072
117.578
116.169
114.841
113.592
112.42
111.321
110.295
109.339
108.45
107.627
106.868
106.171
105.536
104.959
104.441
103.98
103.574
103.223
102.925
102.681
102.489
102.35
102.261
102.223
102.237
102.301
102.416
102.582
102.8
103.07
103.393
103.769
104.202
104.691
105.241
105.854
106.534
107.287
108.119
109.041
110.066
111.212
112.505
113.981
115.698
117.745
120.272
123.587
128.371
137.145
721.788
911.938
1119.36
1340.23
1569.82
1803.05
2034.92
2260.74
2476.43
2678.57
2864.54
3032.42
3181.04
3309.78
3418.57
3507.74
3577.96
3630.15
3665.41
3684.93
3690.01
3681.95
3662.06
3631.61
3591.83
3543.9
3488.91
3427.9
3361.8
3291.5
3217.79
3141.38
3062.94
2983.02
2902.16
2820.8
2739.35
2658.15
2577.5
2497.66
2418.86
2341.27
2265.05
2190.33
2117.21
2045.77
1976.07
1908.16
1842.06
1777.8
1715.37
1654.78
1596.02
1539.07
1483.91
1430.51
1378.84
1328.87
1280.57
1233.89
1188.8
1145.27
1103.25
1062.71
1023.6
985.888
949.538
914.51
880.769
848.277
816.999
786.9
757.946
730.103
703.337
677.616
652.905
629.173
606.382
584.487
563.374
542.45
520.886
498.963
476.997
455.324
434.253
414.036
394.856
376.822
359.987
344.359
329.925
316.635
304.42
293.196
282.877
273.377
264.613
256.512
249.004
242.029
235.533
229.469
223.794
218.474
213.476
208.773
204.342
200.162
196.215
192.486
188.961
185.628
182.477
179.498
176.684
174.026
171.518
169.155
166.93
164.839
162.877
161.04
159.323
157.724
156.237
154.86
153.59
152.422
151.354
150.384
149.506
148.72
148.021
147.407
146.875
146.423
146.047
145.745
145.515
145.354
145.26
145.23
145.262
145.355
145.506
145.713
145.976
146.291
146.657
147.074
147.54
148.054
148.614
149.22
149.871
150.567
151.308
152.092
152.921
153.795
154.714
155.68
156.694
157.759
158.879
160.058
161.302
162.621
164.025
165.532
167.167
168.963
170.975
173.288
176.052
179.596
184.69
195.893
673.372
898.61
1158.89
1448.26
1758.54
2080.68
2405.78
2725.38
3032.15
3320.13
3584.83
3823.14
4033.2
4214.18
4366.11
4489.66
4586.04
4656.77
4703.64
4728.55
4733.49
4720.43
4691.33
4648.05
4592.37
4525.97
4450.4
4367.09
4277.35
4182.39
4083.26
3980.95
3876.3
3770.09
3662.99
3555.59
3448.4
3341.87
3236.37
3132.22
3029.7
2929.04
2830.41
2733.96
2639.82
2548.06
2458.76
2371.95
2287.66
2205.9
2126.67
2049.95
1975.7
1903.92
1834.54
1767.53
1702.84
1640.42
1580.21
1522.16
1466.22
1412.32
1360.42
1310.44
1262.35
1216.07
1171.57
1128.77
1087.64
1048.12
1010.16
973.705
938.714
905.139
872.931
842.045
812.435
784.052
756.845
730.74
705.436
678.149
645.283
610.658
576.331
543.462
512.684
484.299
458.398
434.94
413.802
394.84
377.944
362.911
349.52
337.555
326.821
317.146
308.38
300.398
293.093
286.377
280.177
274.431
269.088
264.108
259.454
255.1
251.02
247.196
243.611
240.251
237.104
234.161
231.412
228.85
226.469
224.262
222.225
220.351
218.637
217.079
215.67
214.409
213.29
212.309
211.464
210.749
210.16
209.694
209.345
209.111
208.986
208.966
209.046
209.223
209.491
209.846
210.283
210.798
211.386
212.043
212.765
213.547
214.385
215.275
216.214
217.197
218.222
219.285
220.383
221.512
222.671
223.857
225.068
226.301
227.555
228.827
230.118
231.425
232.749
234.087
235.441
236.81
238.194
239.595
241.013
242.451
243.912
245.399
246.919
248.48
250.094
251.78
253.567
255.505
257.683
260.369
264.083
277.029
728.194
1067.52
1482.73
1958.76
2476.53
3016.19
3560.09
4091.17
4595.42
5062.38
5484.91
5858.72
6181.87
6454.25
6677.15
6852.84
6984.25
7074.71
7127.79
7147.09
7136.19
7098.54
7037.43
6955.95
6856.96
6743.1
6616.79
6480.2
6335.3
6183.87
6027.47
5867.5
5705.17
5541.57
5377.63
5214.15
5051.83
4891.26
4732.93
4577.26
4424.59
4275.19
4129.28
3987.05
3848.6
3714.02
3583.39
3456.7
3333.99
3215.21
3100.35
2989.35
2882.15
2778.69
2678.88
2582.64
2489.9
2400.55
2314.51
2231.68
2151.97
2075.29
2001.55
1930.65
1862.51
1797.04
1734.15
1673.76
1615.8
1560.17
1506.8
1455.62
1406.55
1359.53
1314.48
1271.33
1230.02
1190.47
1152.62
1116.38
1080.93
1028.8
940.743
852.738
774.83
708.588
652.996
606.445
567.381
534.472
506.625
483.084
463.648
447.381
433.585
421.732
411.419
402.337
394.248
386.969
380.358
374.309
368.737
363.58
358.791
354.332
350.177
346.305
342.699
339.348
336.242
333.373
330.737
328.326
326.138
324.167
322.41
320.863
319.521
318.382
317.44
316.69
316.129
315.751
315.55
315.522
315.661
315.959
316.411
317.01
317.748
318.618
319.613
320.725
321.947
323.269
324.684
326.184
327.76
329.405
331.111
332.87
334.675
336.517
338.39
340.288
342.203
344.13
346.063
347.996
349.924
351.843
353.748
355.635
357.5
359.34
361.152
362.933
364.68
366.39
368.061
369.69
371.276
372.813
374.299
375.729
377.097
378.396
379.615
380.744
381.764
382.654
383.383
383.911
384.181
384.113
383.585
382.544
380.479
388.309
2547
3782.24
5199.83
6729.24
8300.2
9851.4
11334.1
12709.8
13953
15049.3
15992.9
16784.6
17429.7
17936.7
18315.6
18577.5
18733.9
18795.9
18774.5
18680
18521.8
18309
18049.5
17750.7
17419.2
17061
16681.4
16285.1
15876.2
15458.5
15035.1
14608.8
14182
13756.8
13334.9
12917.9
12506.9
12103
11707
11319.7
10941.5
10572.8
10213.9
9865.13
9526.44
9197.93
8879.58
8571.32
8273.05
7984.62
7705.87
7436.61
7176.62
6925.69
6683.59
6450.09
6224.95
6007.93
5798.79
5597.3
5403.23
5216.34
5036.42
4863.25
4696.61
4536.31
4382.14
4233.91
4091.44
3954.54
3823.04
3696.76
3575.56
3459.26
3347.71
3240.77
3138.28
3040.13
2946.19
2856.31
2768.57
2491.07
1699.93
1263.04
1004.81
843.467
738.094
666.8
617.179
581.815
556.063
536.836
522.021
510.177
500.307
491.719
483.937
476.634
469.592
462.668
455.776
448.87
441.928
434.947
427.937
420.915
413.899
406.913
399.979
393.117
386.346
379.685
373.148
366.75
360.5
354.407
348.48
342.724
337.142
331.738
326.514
321.47
316.605
311.92
307.413
303.081
298.922
294.932
291.11
287.45
283.95
280.606
277.412
274.366
271.463
268.698
266.069
263.57
261.198
258.949
256.819
254.806
252.905
251.114
249.43
247.849
246.369
244.989
243.705
242.515
241.417
240.41
239.491
238.659
237.911
237.247
236.664
236.161
235.736
235.387
235.113
234.91
234.776
234.709
234.706
234.763
234.875
235.036
235.241
235.479
235.742
236.014
236.277
236.505
236.665
236.706
236.57
236.104
235.702
235.609
17.7091
18.66
19.3095
19.7191
19.925
20.0055
20.0186
19.9961
19.9585
19.9223
19.9019
19.9105
19.9604
20.0651
20.2395
20.501
20.8714
21.3766
22.0545
22.939
24.1341
25.5846
27.9317
29.9764
37.2322
16.0672
15.997
15.7781
15.565
15.3831
15.2261
15.0928
14.9864
14.9106
14.8698
14.8693
14.916
15.0184
15.1869
15.4344
15.7775
16.237
16.8398
17.6208
18.6269
19.915
21.5816
23.6541
26.5383
28.4674
13.1468
12.9823
12.7646
12.5453
12.336
12.1373
11.9506
11.7784
11.6232
11.4878
11.3751
11.2888
11.2334
11.2141
11.2376
11.3118
11.4472
11.6569
11.9577
12.3723
12.9285
13.6721
14.6278
15.9648
17.026
11.5125
11.3289
11.1266
10.9221
10.7231
10.5308
10.3465
10.1722
10.01
9.86201
9.73049
9.61809
9.5279
9.46355
9.42941
9.43086
9.47458
9.56911
9.72529
9.95765
10.284
10.7328
11.3222
12.1438
12.9162
10.5042
10.3167
10.1223
9.92902
9.7416
9.561
9.38816
9.22457
9.07176
8.9313
8.80493
8.69459
8.60258
8.5316
8.4849
8.46647
8.48127
8.53562
8.63755
8.79773
9.02931
9.35279
9.78337
10.3808
11.0023
9.86703
9.68121
9.49447
9.31123
9.13485
8.96622
8.80614
8.65571
8.51606
8.38836
8.27388
8.17408
8.0907
8.02581
7.98196
7.96228
7.97074
8.01236
8.09354
8.22273
8.41046
8.67265
9.02306
9.50674
10.0375
9.49162
9.31024
9.13143
8.95776
8.79173
8.63424
8.48606
8.34812
8.22131
8.10655
8.00482
7.91725
7.8452
7.79035
7.75476
7.74104
7.75246
7.79322
7.86866
7.98579
8.15345
8.38501
8.69282
9.11838
9.58794
9.32351
9.14713
8.97544
8.81003
8.65284
8.50479
8.36664
8.23924
8.12339
8.01988
7.92951
7.85324
7.79219
7.74778
7.72177
7.71636
7.73439
7.77946
7.85614
7.97047
8.13015
8.34751
8.63284
9.02718
9.45308
9.33292
9.16027
8.99376
8.83441
8.68378
8.54275
8.41212
8.29271
8.18529
8.09058
8.00932
7.94235
7.89068
7.85554
7.83845
7.84139
7.86681
7.91789
7.99862
8.11435
8.2721
8.48478
8.75831
9.13412
9.52597
9.50242
9.33122
9.16725
9.01116
8.86425
8.7274
8.60141
8.4871
8.38525
8.29656
8.22175
8.1616
8.11703
8.08913
8.07929
8.08924
8.12119
8.17794
8.26305
8.38143
8.53989
8.75188
9.01802
9.38163
9.74425
9.82233
9.64971
9.48519
9.32921
9.18288
9.04705
8.92257
8.81026
8.71092
8.62525
8.55397
8.4978
8.45761
8.43438
8.42937
8.44413
8.48063
8.54137
8.62957
8.75002
8.90999
9.12131
9.38079
9.73434
10.0695
10.2882
10.111
9.94253
9.78328
9.63415
9.496
9.36969
9.25608
9.15598
9.07011
8.99916
8.94383
8.90492
8.88332
8.88016
8.89681
8.93503
8.99709
9.08598
9.20683
9.36667
9.57557
9.82681
10.1696
10.477
10.8991
10.7137
10.5378
10.3718
10.2163
10.0723
9.94066
9.82226
9.71792
9.62837
9.55427
9.49631
9.4552
9.43173
9.4269
9.44191
9.47834
9.5383
9.62473
9.7437
9.89997
10.1032
10.343
10.6726
10.9506
11.6552
11.4582
11.2714
11.0949
10.9295
10.776
10.6354
10.5086
10.3963
10.2993
10.2183
10.1539
10.1067
10.0774
10.0669
10.0762
10.1068
10.1607
10.2411
10.3546
10.5031
10.6964
10.9203
11.2328
11.4785
12.5564
12.3445
12.1433
11.9529
11.774
11.6075
11.4542
11.3151
11.1911
11.0828
10.9909
10.9159
10.8584
10.8189
10.7983
10.7974
10.8176
10.8612
10.932
11.0351
11.171
11.3493
11.5523
11.843
12.0528
13.6007
13.3709
13.1521
12.9445
12.7487
12.5656
12.396
12.2409
12.1012
11.9775
11.8705
11.7806
11.7083
11.6541
11.6186
11.6027
11.608
11.6371
11.694
11.7814
11.8991
12.0569
12.2334
12.4972
12.6675
14.7813
14.5314
14.2925
14.0649
13.8491
13.6461
13.4568
13.2821
13.1228
12.9798
12.8534
12.7442
12.6525
12.5788
12.5237
12.4882
12.4742
12.4852
12.5225
12.5887
12.6824
12.814
12.9586
13.1897
13.318
16.087
15.8152
15.5541
15.3039
15.0656
14.8398
14.6276
14.4299
14.2476
14.0813
13.9316
13.7988
13.6834
13.5858
13.5065
13.4471
13.4105
13.3981
13.4105
13.4499
13.5143
13.614
13.7218
13.9144
13.9999
17.5042
17.2107
16.9274
16.6547
16.3934
16.1445
15.9088
15.6874
15.4812
15.2906
15.1164
14.9588
14.8184
14.6955
14.5912
14.508
14.4475
14.4101
14.396
14.407
14.4406
14.5069
14.5771
14.7291
14.7721
19.0053
18.6907
18.3855
18.0904
17.8063
17.5341
17.2748
17.0294
16.7987
16.5834
16.3839
16.2009
16.0347
15.8863
15.7572
15.6499
15.5642
15.5003
15.4581
15.4393
15.4407
15.4723
15.5037
15.6145
15.6115
20.5537
20.2169
19.8886
19.5696
19.261
18.9637
18.6788
18.4072
18.1498
17.9071
17.6799
17.4687
17.2745
17.0985
16.943
16.808
16.6932
16.5988
16.5246
16.4718
16.4371
16.4303
16.4194
16.487
16.433
22.1125
21.7533
21.4015
21.0581
20.7244
20.4012
20.0898
19.7909
19.5055
19.2342
18.9779
18.7376
18.5146
18.3111
18.1268
17.9616
17.8151
17.6875
17.5783
17.4889
17.4153
17.3676
17.3124
17.3352
17.2291
23.6395
23.2588
22.8842
22.517
22.1585
21.8098
21.472
21.1459
20.8325
20.5326
20.2475
19.9788
19.7286
19.4965
19.2822
19.0854
18.9058
18.7435
18.598
18.4703
18.3566
18.2669
18.1667
18.1438
17.987
25.0898
24.6896
24.2939
23.9047
23.523
23.1502
22.7873
22.4354
22.0952
21.7683
21.4564
21.1621
20.8848
20.6242
20.3799
20.1515
19.9388
19.7417
19.5597
19.3939
19.2401
19.1085
18.9641
18.8961
18.691
26.4184
26.0017
25.588
25.1794
24.7774
24.3832
23.9979
23.6226
23.2584
22.9074
22.5728
22.2542
21.9513
21.6636
21.3906
21.132
20.8874
20.6567
20.4394
20.2367
20.0443
19.8724
19.6858
19.5747
19.3249
27.583
27.1539
26.7263
26.3024
25.8839
25.4722
25.0683
24.6734
24.2892
23.9192
23.5644
23.2243
22.8984
22.5862
22.287
22.0005
21.7264
21.4646
21.2146
20.9775
20.7491
20.5398
20.3142
20.1632
19.8729
28.5469
28.1105
27.6741
27.2401
26.8102
26.3858
25.9683
25.5586
25.1598
24.775
24.4039
24.046
23.7007
23.3674
23.0456
22.7348
22.4346
22.1452
21.8659
21.598
21.3373
21.0944
20.8338
20.6475
20.3214
29.2763
28.8382
28.3984
27.9597
27.5238
27.0923
26.6663
26.2472
25.839
25.4434
25.0601
24.6883
24.3276
23.9772
23.6366
23.3054
22.9832
22.6702
22.3659
22.0715
21.783
21.5113
21.2208
21.0047
20.6495
29.7619
29.3281
28.891
28.4537
28.0179
27.5852
27.1569
26.7342
26.3215
25.9199
25.5291
25.1484
24.777
24.4145
24.0601
23.7136
23.3747
23.0435
22.7196
22.4044
22.0941
21.7996
21.4858
21.2461
20.8705
30.0011
29.5772
29.1488
28.7188
28.2893
27.8617
27.4373
27.0172
26.6048
26.2022
25.809
25.4245
25.048
24.6787
24.3161
23.96
23.6101
23.2666
22.9292
22.5994
22.2736
21.9627
21.6324
21.3754
20.9876
29.997
29.5874
29.1724
28.7548
28.3367
27.9197
27.5047
27.0928
26.6857
26.2866
25.8957
25.5122
25.1353
24.7644
24.399
24.0388
23.6837
23.3338
22.9889
22.6508
22.3157
21.9949
21.6548
21.3865
20.9938
29.7646
29.3723
28.9739
28.5724
28.1698
27.7675
27.3664
26.9675
26.5714
26.1799
25.795
25.4164
25.0436
24.6758
24.3123
23.9532
23.5981
23.2474
22.9008
22.56
22.2218
21.897
21.5535
21.2797
20.8885
29.3292
28.9554
28.5754
28.1921
27.8074
27.4226
27.0386
26.656
26.2751
25.8968
25.5221
25.1515
24.7863
24.4253
24.0678
23.7141
23.3639
23.0172
22.674
22.3359
21.9999
21.6764
21.3351
21.0609
20.6771
28.7254
28.3697
28.008
27.6432
27.2771
26.911
26.5456
26.1812
25.8181
25.4566
25.0969
24.7397
24.3854
24.034
23.6855
23.3408
22.9992
22.6605
22.3247
21.9935
21.6643
21.3464
21.0123
20.7415
20.3712
27.953
27.6141
27.2704
26.9246
26.5782
26.2323
25.8874
25.5437
25.2012
24.8598
24.5195
24.1807
23.8434
23.5079
23.1743
22.843
22.5139
22.1872
21.8629
21.5431
21.2253
20.9176
20.5963
20.333
19.9845
27.0294
26.7038
26.3755
26.0469
25.7193
25.3935
25.0696
24.7477
24.4274
24.1086
23.7909
23.4743
23.1588
22.8445
22.5315
22.2199
21.9099
21.6017
21.2954
20.9923
20.6909
20.3977
20.0954
19.844
19.5257
26.0519
25.7342
25.4165
25.101
24.7884
24.4793
24.1736
23.871
23.5709
23.273
22.9769
22.6822
22.3887
22.0964
21.8053
21.5155
21.227
20.9399
20.6545
20.3717
20.0905
19.8165
19.5358
19.2972
19.0109
25.0582
24.7442
24.4332
24.1269
23.826
23.5304
23.2397
22.9535
22.6709
22.3915
22.1147
21.84
21.5672
21.2961
21.0264
20.7583
20.4916
20.2267
19.9634
19.7028
19.444
19.1922
18.9354
18.716
18.46
24.0809
23.7666
23.4596
23.1601
22.8683
22.5836
22.3054
22.0328
21.7651
21.5014
21.2413
20.9843
20.7299
20.4779
20.2282
19.9805
19.7351
19.4918
19.2509
19.0132
18.778
18.5502
18.3194
18.1236
17.8978
23.1544
22.8353
22.5308
22.2368
21.9525
21.677
21.4091
21.1479
20.8925
20.6421
20.3961
20.1541
19.9156
19.6806
19.4486
19.2198
18.9941
18.7717
18.5526
18.3378
18.1268
17.9242
17.7208
17.5514
17.3562
22.3136
21.9929
21.6886
21.3998
21.1221
20.8542
20.5949
20.343
20.0976
19.858
19.6237
19.3943
19.1695
18.9491
18.733
18.5213
18.314
18.1113
17.9134
17.7213
17.5348
17.3581
17.1831
17.0415
16.8769
21.6077
21.2894
20.9884
20.7035
20.4309
20.1688
19.916
19.6712
19.4336
19.2027
18.9781
18.7593
18.5463
18.3389
18.1371
17.9411
17.7509
17.5671
17.3899
17.2202
17.0581
16.9075
16.7614
16.6479
16.5129
21.1095
20.7965
20.4998
20.2164
19.9464
19.6876
19.4388
19.199
18.9674
18.7436
18.527
18.3175
18.115
17.9194
17.7307
17.5494
17.3755
17.2097
17.0524
16.9046
16.7666
16.642
16.5247
16.4386
16.3309
20.9214
20.609
20.3115
20.0269
19.7549
19.4961
19.2489
19.0123
18.7853
18.5673
18.3579
18.1566
17.9635
17.7785
17.602
17.4342
17.2755
17.1267
16.9884
16.8617
16.7472
16.6482
16.5593
16.5003
16.416
21.1735
20.853
20.5489
20.2598
19.9846
19.7232
19.4762
19.2417
19.0184
18.8054
18.6021
18.4083
18.2239
18.049
17.8842
17.7298
17.5867
17.4558
17.338
17.2349
17.1472
17.0784
17.023
16.9976
16.9343
22.1575
21.8258
21.5142
21.2201
20.9418
20.6768
20.4284
20.1943
19.9733
19.7643
19.567
19.3811
19.207
19.0449
18.8957
18.7604
18.6399
18.5357
18.4493
18.3828
18.3374
18.3175
18.3145
18.3482
18.303
24.1444
23.7843
23.4471
23.1301
22.8328
22.5513
22.2877
22.044
21.8185
21.6101
21.4181
21.2425
21.0835
20.9419
20.8189
20.7156
20.6339
20.5755
20.5428
20.5387
20.565
20.628
20.7117
20.846
20.8129
27.772
27.3435
26.9422
26.5692
26.2255
25.9067
25.609
25.3444
25.1097
24.9026
24.722
24.5674
24.4393
24.3388
24.2675
24.2276
24.2214
24.252
24.323
24.4392
24.6037
24.8259
25.0784
25.3997
25.4018
34.1873
33.6236
33.1082
32.6483
32.2417
31.8773
31.5423
31.2594
31.0231
30.8303
30.68
30.5728
30.5107
30.4963
30.5331
30.625
30.7766
30.9934
31.2824
31.6524
32.1108
32.673
33.2971
34.0181
34.1919
45.2575
44.4572
43.7628
43.1875
42.7131
42.3107
41.9572
41.6665
41.4457
41.2937
41.2136
41.2114
41.2941
41.469
41.7438
42.1262
42.6252
43.252
44.0207
44.9503
46.0589
47.3769
48.8476
50.4894
51.2336
63.5807
62.3974
61.4146
60.6506
60.0526
59.5634
59.1599
58.8337
58.6295
58.5585
58.6367
58.88
59.3029
59.9177
60.7357
61.7691
63.0335
64.5501
66.3479
68.4664
70.9482
73.8576
77.1303
80.7758
83.0029
92.0439
90.2452
88.7142
87.4962
86.5059
85.6842
85.0422
84.6102
84.4691
84.6523
85.1855
86.0846
87.3584
89.0121
91.0527
93.4933
96.3582
99.6865
103.535
107.983
113.119
119.077
125.799
133.374
138.681
133.329
130.417
127.67
125.323
123.374
121.868
120.915
120.63
121.071
122.251
124.155
126.758
130.03
133.949
138.51
143.73
149.652
156.352
163.942
172.573
182.419
193.749
206.518
221.201
232.072
190.44
185.233
179.912
175.483
172.273
170.467
170.19
171.506
174.264
178.34
183.606
189.946
197.272
205.536
214.734
224.914
236.177
248.679
262.635
278.331
296.089
316.439
339.37
366.45
387.008
269.706
259.662
250.045
243.611
240.799
241.437
245.21
251.68
260.309
270.765
282.772
296.131
310.728
326.537
343.625
362.144
382.33
404.507
429.084
456.593
487.63
523.192
563.486
612.211
651.046
384.66
367.364
353.911
350.127
354.513
365.131
380.163
398.257
418.789
441.241
465.263
490.684
517.501
545.865
576.061
608.495
643.682
682.257
725.001
772.872
827.037
889.103
960.927
1047.5
1127.59
301.419
289.382
274.606
262.814
255.844
254.215
257.409
263.369
271.07
279.948
289.679
300.096
311.159
322.927
335.539
349.209
364.206
380.864
399.581
420.829
445.223
473.402
506.68
545.997
600.918
)
;

boundaryField
{
    inlet
    {
        type            fixedValue;
        value           uniform 14.855;
    }
    outlet
    {
        type            zeroGradient;
    }
    upperWall
    {
        type            zeroGradient;
    }
    lowerWall
    {
        type            zeroGradient;
    }
    frontAndBack
    {
        type            empty;
    }
}


// ************************************************************************* //
