/*--------------------------------*- C++ -*----------------------------------*\
| =========                 |                                                 |
| \\      /  F ield         | OpenFOAM: The Open Source CFD Toolbox           |
|  \\    /   O peration     | Version:  1.4.2                                 |
|   \\  /    A nd           | Web:      http://www.openfoam.org               |
|    \\/     M anipulation  |                                                 |
\*---------------------------------------------------------------------------*/
FoamFile
{
    version     2.0;
    format      ascii;
    class       volScalarField;
    object      epsilon;
    location    "300";
}
// * * * * * * * * * * * * * * * * * * * * * * * * * * * * * * * * * * * * * //

dimensions      [0 2 -3 0 0 0 0];

internalField   nonuniform List<scalar> 
12225
(
443.025
353.45
290.582
245.338
212.177
187.578
169.224
155.545
145.453
138.171
133.138
129.936
128.246
127.821
128.466
130.018
132.343
135.596
60.1669
73.6171
79.573
83.7051
87.7304
92.378
98.0028
104.788
112.832
122.188
132.879
144.9
158.216
172.77
188.471
205.193
222.719
241.146
26.2969
33.7103
37.8444
40.6845
42.9337
44.9608
46.9784
49.1152
51.4517
54.0403
56.9146
60.0952
63.5917
67.4035
71.5174
75.9025
80.4908
85.1508
18.7363
22.7255
25.4819
27.3745
28.8156
30.0114
31.0731
32.0745
33.0654
34.0792
35.138
36.2564
37.4431
38.702
40.0323
41.4281
42.8768
44.3413
16.1691
18.1657
19.9357
21.2945
22.3456
23.1837
23.8839
24.5009
25.0686
25.6084
26.1354
26.6602
27.1901
27.7298
28.2817
28.8462
29.4224
29.9935
15.2356
16.0879
17.0512
17.9411
18.6937
19.3152
19.8329
20.2726
20.6561
21.0005
21.3185
21.6192
21.9088
22.1914
22.4698
22.7457
23.0201
23.2842
14.8943
15.1707
15.5881
16.0552
16.5106
16.9274
17.2962
17.6164
17.8943
18.1381
18.355
18.5511
18.7314
18.8994
19.0581
19.2092
19.3536
19.4875
14.7876
14.8382
14.9923
15.2109
15.4566
15.7052
15.9425
16.1612
16.3589
16.5361
16.6946
16.8368
16.9653
17.0826
17.1905
17.2903
17.3818
17.4613
14.7441
14.6885
14.7005
14.7669
14.869
14.9907
15.1201
15.2491
15.3728
15.4886
15.5955
15.6934
15.7829
15.8648
15.94
16.0091
16.0717
16.1242
14.7239
14.6133
14.5424
14.509
14.5065
14.5269
14.5629
14.6084
14.6588
14.7108
14.7624
14.8122
14.8595
14.9039
14.9456
14.9846
15.0208
15.0521
14.715
14.5789
14.4654
14.3753
14.3071
14.2579
14.2245
14.2034
14.1917
14.1867
14.1864
14.1895
14.1946
14.201
14.2083
14.216
14.2238
14.2307
14.711
14.5641
14.4315
14.3135
14.2101
14.1204
14.0433
13.9773
13.9209
13.8727
13.8312
13.7953
13.7641
13.7366
13.7124
13.6909
13.6717
13.6544
14.709
14.5577
14.4174
14.2875
14.168
14.0585
13.9584
13.8672
13.7842
13.7086
13.6397
13.5767
13.5192
13.4663
13.4178
13.373
13.3317
13.2941
14.7078
14.5545
14.4111
14.2767
14.1509
14.0331
13.923
13.8202
13.7241
13.6344
13.5506
13.4723
13.3991
13.3306
13.2666
13.2065
13.1504
13.0988
14.7069
14.5525
14.4077
14.2715
14.1434
14.0227
13.9088
13.8015
13.7001
13.6045
13.5142
13.429
13.3484
13.2723
13.2004
13.1324
13.0683
13.0089
14.7061
14.5509
14.4054
14.2684
14.1394
14.0175
13.9024
13.7935
13.6904
13.5928
13.5002
13.4124
13.3292
13.2501
13.1751
13.104
13.0367
12.974
14.7056
14.5499
14.4038
14.2664
14.137
14.0147
13.8991
13.7897
13.6861
13.5879
13.4946
13.4062
13.3221
13.2423
13.1664
13.0944
13.0261
12.9624
14.7054
14.5495
14.4033
14.2658
14.1361
14.0138
13.8981
13.7887
13.685
13.5867
13.4935
13.4051
13.3211
13.2413
13.1655
13.0935
13.0254
12.9618
14.7055
14.5498
14.4038
14.2664
14.1371
14.015
13.8998
13.7908
13.6877
13.5901
13.4977
13.4102
13.3272
13.2486
13.174
13.1033
13.0364
12.9742
14.7059
14.5507
14.4054
14.2689
14.1407
14.02
13.9066
13.7998
13.6992
13.6046
13.5155
13.4315
13.3523
13.2777
13.2072
13.1408
13.0782
13.0203
14.7067
14.5529
14.4096
14.2762
14.1521
14.0369
13.9301
13.8311
13.7393
13.6542
13.5752
13.5017
13.4333
13.3695
13.3099
13.2542
13.2021
13.1542
14.7085
14.559
14.4231
14.3008
14.1915
14.0945
14.0085
13.9322
13.8644
13.8039
13.7494
13.7001
13.6552
13.614
13.576
13.5406
13.5076
13.4775
14.7142
14.5803
14.4711
14.3857
14.3214
14.2744
14.2408
14.2173
14.2009
14.1892
14.1807
14.1738
14.1679
14.1621
14.1562
14.1499
14.1432
14.1364
14.7358
14.6588
14.6348
14.653
14.6996
14.7626
14.8329
14.9042
14.9722
15.0346
15.0902
15.1387
15.1802
15.2152
15.2443
15.268
15.2872
15.3027
14.8205
14.9295
15.1371
15.393
15.6577
15.9089
16.1358
16.3338
16.5028
16.6451
16.7641
16.8632
16.9455
17.0137
17.0703
17.1172
17.1563
17.1889
15.1411
15.7845
16.5149
17.2036
17.7926
18.2779
18.6713
18.9876
19.2413
19.4454
19.6104
19.7449
19.8555
19.9476
20.0253
20.0917
20.1495
20.2003
16.3185
18.2976
19.9596
21.2324
22.1794
22.8816
23.4051
23.8013
24.1066
24.3468
24.54
24.6996
24.8353
24.9545
25.0624
25.163
25.2591
25.3525
20.7537
25.6352
28.691
30.5983
31.839
32.6618
33.2195
33.6144
33.9117
34.1535
34.3672
34.5707
34.7755
34.9889
35.2153
35.4568
35.7143
35.9868
43.9601
54.4821
58.706
60.4171
60.9701
60.9827
60.836
60.7432
60.7714
60.9496
61.2871
61.7821
62.4272
63.2124
64.1259
65.1552
66.2858
67.5099
332.627
280.253
240.733
210.195
186.158
166.948
151.396
138.666
128.146
119.382
112.03
105.827
100.567
96.0894
92.2653
88.9913
86.1839
83.7739
1.58227
2.11653
2.67279
3.69127
5.5148
8.70723
12.8378
18.0629
24.6343
32.9587
41.2512
50.2331
60.0326
70.6754
82.1725
94.5345
107.773
121.901
136.935
152.89
169.786
187.643
206.483
226.33
247.212
269.156
292.194
316.358
341.685
368.212
395.982
425.037
455.424
487.191
520.39
555.076
591.305
629.135
668.626
709.84
752.839
797.687
844.444
893.172
943.926
996.762
1051.73
1108.86
1168.2
1229.75
1293.53
1359.53
1427.72
1498.05
1570.44
1644.81
1721.04
1799.01
1878.58
1959.63
2042.08
2125.93
2211.33
2297.63
2382.33
2464.6
2543.59
2618.41
2688.16
2751.97
2809
2858.47
2899.71
2932.16
2955.42
2969.2
2973.41
2968.08
2953.43
2929.8
2897.64
2857.53
2810.12
2756.1
2696.23
2631.26
2561.95
2489.04
2413.24
2335.24
2255.67
2175.13
2094.17
2013.35
1933.31
1854.42
1778.09
1705.4
1640.83
1584.62
1531.28
1479.49
1428.89
1379.42
1331.09
1283.93
1237.97
1193.25
1149.78
1107.6
1066.71
1027.11
988.818
951.815
916.098
881.651
848.458
816.498
785.749
756.185
727.779
700.503
674.327
649.22
625.151
602.088
579.999
558.852
538.614
519.253
500.738
483.038
466.121
449.958
434.519
419.774
405.697
392.258
379.433
367.195
355.518
344.38
333.756
323.624
313.963
304.752
295.97
287.599
279.621
272.018
264.772
257.869
251.292
245.027
239.059
233.377
227.966
222.814
217.91
213.243
208.808
204.592
200.582
196.767
193.14
189.689
186.406
183.281
180.304
177.463
174.746
172.137
169.619
167.164
164.736
162.278
159.698
156.809
153.342
147.719
6.16165
5.95183
7.84301
10.3135
13.5305
17.6337
22.6194
28.3926
34.8356
41.8195
49.1577
56.8768
64.9843
73.4769
82.3515
91.6077
101.248
111.278
121.703
132.534
143.778
155.448
167.555
180.111
193.128
206.621
220.603
235.087
250.089
265.623
281.703
298.344
315.561
333.368
351.78
370.811
390.472
410.778
431.739
453.364
475.661
498.636
522.293
546.632
571.65
597.34
623.693
650.693
678.323
706.56
735.376
764.741
794.62
824.977
855.777
886.981
918.557
950.475
982.713
1015.26
1048.1
1081.25
1114.72
1148.64
1181.96
1214.24
1245.15
1274.35
1301.47
1326.2
1348.22
1367.23
1383
1395.31
1404.03
1409.04
1410.33
1407.9
1401.82
1392.21
1379.23
1363.08
1343.98
1322.19
1297.96
1271.56
1243.29
1213.4
1182.16
1149.84
1116.67
1082.88
1048.67
1014.22
979.679
945.021
910.294
876.415
844.315
814.116
785.17
757.168
729.973
703.532
677.823
652.838
628.576
605.035
582.217
560.118
538.735
518.065
498.101
478.834
460.254
442.352
425.114
408.527
392.577
377.249
362.527
348.394
334.835
321.832
309.368
297.425
285.987
275.037
264.556
254.529
244.938
235.768
227.002
218.624
210.619
202.973
195.669
188.695
182.037
175.681
169.614
163.824
158.3
153.028
147.999
143.202
138.625
134.261
130.098
126.129
122.343
118.734
115.293
112.012
108.885
105.903
103.062
100.354
97.7728
95.3138
92.9746
90.7506
88.6342
86.6185
84.6988
82.8708
81.1305
79.4744
77.8989
76.4007
74.977
73.6257
72.3458
71.1379
70.0071
68.967
68.0525
67.3562
67.1515
68.3143
15.0453
12.1164
13.7006
16.5831
20.3782
24.9966
30.3575
36.3473
42.8498
49.7676
57.0321
64.62
72.5207
80.728
89.2398
98.0568
107.182
116.621
126.379
136.463
146.879
157.634
168.735
180.189
192.002
204.179
216.725
229.647
242.948
256.632
270.702
285.162
300.013
315.257
330.894
346.924
363.346
380.157
397.354
414.932
432.885
451.207
469.887
488.917
508.285
527.977
547.98
568.28
588.861
609.707
630.804
652.137
673.694
695.464
717.441
739.619
761.998
784.579
807.366
830.357
853.549
876.923
900.438
923.975
947.154
969.71
991.397
1011.96
1031.14
1048.67
1064.31
1077.82
1089
1097.69
1103.76
1107.12
1107.73
1105.59
1100.74
1093.27
1083.28
1070.91
1056.33
1039.72
1021.27
1001.18
979.655
956.898
933.1
908.442
883.095
857.214
830.932
804.357
777.618
750.663
724.323
698.727
674.075
650.361
627.436
605.185
583.541
562.476
541.977
522.042
502.669
483.861
465.618
447.94
430.826
414.273
398.277
382.831
367.929
353.562
339.722
326.398
313.579
301.254
289.41
278.036
267.117
256.641
246.595
236.964
227.736
218.897
210.433
202.332
194.579
187.163
180.069
173.287
166.803
160.606
154.684
149.027
143.622
138.46
133.53
128.822
124.327
120.036
115.939
112.028
108.296
104.733
101.333
98.0886
94.9923
92.0376
89.2183
86.5281
83.9613
81.5124
79.1759
76.9468
74.8204
72.7919
70.8578
69.0141
67.2567
65.5822
63.9863
62.4647
61.0143
59.6322
58.3154
57.0619
55.8694
54.7369
53.6643
52.6533
51.7094
50.8452
50.0891
49.5044
49.2455
49.6412
24.6448
17.4685
18.7455
21.8663
25.9718
30.8357
36.3402
42.3855
48.8856
55.774
63.0064
70.559
78.4193
86.5813
95.0431
103.806
112.871
122.243
131.924
141.919
152.23
162.86
173.811
185.084
196.68
208.597
220.834
233.389
246.258
259.437
272.922
286.705
300.781
315.141
329.777
344.68
359.838
375.242
390.88
406.74
422.81
439.075
455.525
472.146
488.926
505.852
522.916
540.107
557.418
574.845
592.386
610.042
627.819
645.725
663.775
681.985
700.375
718.966
737.78
756.831
776.126
795.659
815.399
835.218
854.906
874.266
893.086
911.13
928.146
943.874
958.06
970.461
980.863
989.08
994.967
998.42
999.377
997.822
993.778
987.308
978.512
967.521
954.486
939.573
922.966
904.856
885.439
864.906
843.432
821.183
798.308
774.951
751.216
727.211
703.195
679.455
656.178
633.452
611.36
589.915
569.084
548.827
529.117
509.94
491.288
473.159
455.552
438.467
421.902
405.857
390.328
375.313
360.805
346.798
333.286
320.261
307.713
295.633
284.011
272.836
262.096
251.78
241.876
232.373
223.257
214.517
206.14
198.115
190.429
183.069
176.025
169.284
162.835
156.667
150.768
145.129
139.738
134.585
129.661
124.957
120.462
116.168
112.066
108.149
104.407
100.834
97.422
94.1638
91.0527
88.0821
85.2459
82.5379
79.9524
77.484
75.1273
72.8773
70.7293
68.6787
66.721
64.8521
63.0683
61.3659
59.7414
58.1914
56.7128
55.3021
53.9563
52.6726
51.4484
50.2817
49.1706
48.1142
47.1123
46.1663
45.2805
44.4646
43.7382
43.1407
42.7544
42.7008
32.4437
21.8592
22.7875
25.9836
30.2256
35.1816
40.7094
46.7211
53.1539
59.9631
67.1197
74.6065
82.4143
90.5388
98.9789
107.735
116.809
126.202
135.916
145.952
156.309
166.987
177.983
189.295
200.918
212.846
225.073
237.589
250.386
263.454
276.779
290.351
304.155
318.176
332.4
346.81
361.39
376.123
390.992
405.98
421.072
436.25
451.501
466.811
482.168
497.564
512.991
528.447
543.931
559.449
575.01
590.628
606.323
622.121
638.053
654.154
670.462
687.02
703.866
721.038
738.561
756.448
774.694
793.191
811.797
830.344
848.629
866.408
883.413
899.354
913.941
926.895
937.959
946.912
953.571
957.801
959.517
958.682
955.302
949.432
941.173
930.665
918.07
903.559
887.324
869.576
850.531
830.394
809.346
787.563
765.179
742.392
719.253
696.209
673.33
650.743
628.554
606.837
585.648
565.008
544.919
525.371
506.357
487.868
469.903
452.457
435.529
419.118
403.219
387.831
372.947
358.564
344.675
331.272
318.348
305.893
293.899
282.355
271.251
260.576
250.318
240.466
231.009
221.934
213.23
204.885
196.886
189.222
181.881
174.852
168.123
161.683
155.521
149.626
143.987
138.595
133.44
128.511
123.8
119.298
114.995
110.883
106.954
103.2
99.6136
96.1874
92.9143
89.7877
86.801
83.9481
81.2229
78.6199
76.1334
73.7584
71.4898
69.3228
67.2529
65.2757
63.3871
61.5831
59.86
58.2143
56.6427
55.1418
53.7087
52.3405
51.0343
49.7874
48.5973
47.4621
46.3801
45.3502
44.3723
43.4475
42.5791
41.7745
41.0478
40.4247
39.9518
39.6783
38.799
25.2879
25.7857
28.904
33.1373
38.0658
43.5247
49.4305
55.7348
62.4079
69.4322
76.7977
84.4998
92.5368
100.909
109.617
118.662
128.045
137.766
147.824
158.217
168.942
179.994
191.367
203.052
215.041
227.322
239.884
252.712
265.79
279.104
292.634
306.362
320.269
334.334
348.535
362.853
377.265
391.75
406.287
420.856
435.44
450.021
464.586
479.122
493.622
508.082
522.503
536.89
551.256
565.618
580.002
594.441
608.974
623.647
638.516
653.638
669.076
684.894
701.153
717.904
735.185
753.013
771.323
790.007
808.914
827.833
846.503
864.617
881.84
897.827
912.24
924.768
935.135
943.114
948.532
951.275
951.292
948.563
943.129
935.103
924.649
911.972
897.233
880.649
862.458
842.924
822.295
800.747
778.508
755.636
732.626
709.566
686.623
663.903
641.505
619.509
597.973
576.942
556.441
536.48
517.062
498.186
479.849
462.048
444.78
428.041
411.829
396.137
380.961
366.295
352.131
338.461
325.278
312.573
300.334
288.553
277.218
266.319
255.843
245.78
236.116
226.841
217.943
209.409
201.227
193.385
185.872
178.675
171.784
165.186
158.872
152.829
147.048
141.517
136.228
131.17
126.333
121.709
117.288
113.062
109.023
105.163
101.473
97.9472
94.5777
91.3577
88.2807
85.3403
82.5306
79.8457
77.28
74.8282
72.4853
70.2463
68.1067
66.0619
64.1077
62.2401
60.4552
58.7494
57.1192
55.5613
54.0725
52.65
51.2908
49.9923
48.7517
47.5669
46.4359
45.357
44.3292
43.3523
42.427
41.5562
40.7454
40.0051
39.3528
38.8162
38.4166
43.4929
27.7637
27.799
30.7128
34.8074
39.5983
44.9002
50.629
56.7435
63.2227
70.0563
77.2398
84.7723
92.6544
100.888
109.475
118.416
127.713
137.365
147.371
157.728
168.431
179.473
190.848
202.544
214.551
226.855
239.441
252.292
265.39
278.715
292.247
305.962
319.837
333.849
347.971
362.18
376.449
390.754
405.069
419.373
433.643
447.86
462.007
476.073
490.048
503.928
517.716
531.421
545.058
558.653
572.238
585.856
599.559
613.411
627.482
641.854
656.615
671.855
687.666
704.131
721.321
739.28
757.995
777.393
797.328
817.581
837.857
857.8
877.008
895.063
911.554
926.097
938.356
948.048
954.967
958.947
959.975
957.965
952.922
944.975
934.319
921.187
905.835
888.52
869.497
849.072
827.492
804.918
781.828
758.352
734.76
711.254
687.922
664.872
642.192
619.947
598.19
576.956
556.269
536.141
516.575
497.572
479.13
461.245
443.912
427.127
410.883
395.175
379.993
365.332
351.182
337.534
324.379
311.706
299.504
287.763
276.47
265.615
255.184
245.166
235.548
226.319
217.465
208.974
200.834
193.034
185.56
178.401
171.546
164.982
158.7
152.687
146.934
141.43
136.165
131.129
126.312
121.707
117.303
113.092
109.066
105.218
101.538
98.0211
94.6588
91.4446
88.3722
85.4351
82.6274
79.9434
77.3776
74.9247
72.5796
70.3377
68.1941
66.1447
64.1851
62.3114
60.5197
58.8065
57.1683
55.6019
54.104
52.6717
51.3023
49.993
48.7413
47.545
46.4022
45.3113
44.2712
43.2817
42.3433
41.4582
40.6309
39.8692
39.1851
38.5953
38.1099
46.447
29.3255
28.9216
31.5418
35.3895
39.944
45.0057
50.4878
56.3509
62.5777
69.1612
76.1
83.3951
91.0492
99.0653
107.446
116.195
125.312
134.798
144.652
154.871
165.45
176.382
187.66
199.271
211.205
223.446
235.978
248.783
261.842
275.132
288.631
302.314
316.155
330.128
344.204
358.354
372.551
386.766
400.971
415.139
429.244
443.264
457.179
470.973
484.634
498.157
511.543
524.799
537.943
551.002
564.014
577.028
590.109
603.331
616.787
630.58
644.826
659.651
675.183
691.549
708.861
727.206
746.634
767.108
788.495
810.559
832.96
855.271
877.006
897.653
916.707
933.702
948.233
959.945
968.655
974.004
975.869
974.254
969.263
961.088
949.969
936.176
920.041
901.872
881.868
860.497
838.081
814.835
791.051
766.941
742.716
718.551
694.586
670.97
647.793
625.104
602.949
581.359
560.352
539.935
520.111
500.877
482.228
464.159
446.663
429.732
413.359
397.535
382.252
367.5
353.269
339.55
326.331
313.601
301.348
289.561
278.228
267.335
256.871
246.822
237.176
227.92
219.041
210.527
202.365
194.543
187.048
179.869
172.994
166.411
160.109
154.077
148.305
142.781
137.496
132.44
127.604
122.978
118.553
114.322
110.275
106.405
102.705
99.1658
95.7818
92.5457
89.4511
86.4918
83.6618
80.9554
78.3671
75.8916
73.5239
71.2592
69.093
67.0208
65.0385
63.1421
61.3279
59.5921
57.9314
56.3425
54.8222
53.3675
51.9756
50.6439
49.3699
48.1514
46.9867
45.874
44.8125
43.8016
42.8418
41.9349
41.0842
40.2956
39.5772
38.9392
38.3867
47.7406
30.0462
29.2659
31.542
35.0632
39.3016
44.0517
49.2238
54.7775
60.6949
66.9695
73.6004
80.5896
87.9407
95.658
103.745
112.206
121.044
130.258
139.85
149.816
160.152
170.854
181.912
193.317
205.056
217.116
229.48
242.129
255.045
268.204
281.583
295.157
308.897
322.776
336.765
350.831
364.945
379.074
393.187
407.254
421.244
435.131
448.89
462.5
475.946
489.216
502.308
515.226
527.985
540.61
553.14
565.627
578.142
590.774
603.63
616.841
630.554
644.936
660.163
676.419
693.877
712.682
732.967
754.742
777.887
802.141
827.1
852.242
876.968
900.648
922.665
942.459
959.586
973.472
983.686
990.005
992.383
990.902
985.739
977.169
965.49
950.945
934.037
915.132
894.523
872.568
849.577
825.811
801.523
776.925
752.212
727.548
703.078
678.929
655.21
632.032
609.45
587.487
566.152
545.446
525.364
505.899
487.042
468.783
451.114
434.026
417.507
401.549
386.142
371.276
356.939
343.12
329.807
316.99
304.655
292.791
281.384
270.421
259.89
249.778
240.071
230.756
221.821
213.252
205.037
197.164
189.619
182.391
175.467
168.837
162.489
156.412
150.594
145.027
139.698
134.599
129.721
125.053
120.587
116.315
112.228
108.318
104.578
101
97.5775
94.3033
91.171
88.1744
85.3075
82.5647
79.9403
77.4293
75.0264
72.727
70.5265
68.4205
66.4048
64.4754
62.6286
60.8607
59.1683
57.548
55.9968
54.5114
53.089
51.7272
50.4236
49.176
47.9825
46.8417
45.7525
44.7144
43.7276
42.7934
41.9144
41.0949
40.3402
39.6563
39.0464
47.5398
30.0276
28.959
30.8768
34.0245
37.8923
42.2778
47.0894
52.2834
57.8395
63.7495
70.0118
76.6284
83.6035
90.9419
98.6487
106.728
115.185
124.02
133.235
142.828
152.798
163.14
173.846
184.909
196.317
208.057
220.114
232.471
245.109
258.006
271.139
284.483
298.01
311.691
325.495
339.391
353.345
367.324
381.292
395.216
409.062
422.797
436.392
449.82
463.06
476.094
488.914
501.517
513.914
526.122
538.178
550.129
562.05
574.035
586.211
598.732
611.783
625.578
640.356
656.373
673.892
693.15
714.374
737.632
762.816
789.63
817.57
845.973
874.097
901.171
926.447
949.241
968.726
984.295
995.586
1002.5
1005.1
1003.51
998.017
988.997
976.825
961.864
944.539
925.227
904.272
882.003
858.719
834.687
810.144
785.299
760.337
735.417
710.679
686.243
662.216
638.695
615.766
593.516
571.942
551.033
530.775
511.155
492.158
473.772
455.985
438.785
422.163
406.106
390.605
375.648
361.224
347.322
333.929
321.033
308.623
296.684
285.205
274.173
263.573
253.394
243.621
234.242
225.244
216.613
208.337
200.403
192.798
185.512
178.53
171.843
165.439
159.306
153.433
147.811
142.429
137.277
132.346
127.626
123.11
118.787
114.65
110.691
106.902
103.276
99.8063
96.4854
93.3071
90.2651
87.3534
84.5664
81.8985
79.3446
76.8995
74.5585
72.3169
70.1706
68.1151
66.1466
64.2613
62.4554
60.7256
59.0685
57.4807
55.9593
54.5015
53.1047
51.7667
50.4854
49.2588
48.0856
46.9645
45.8951
44.8773
43.9122
43.0015
42.1482
41.3557
40.6272
39.9653
46.0209
29.3879
28.1393
29.7197
32.4818
35.9543
39.9446
44.3609
49.1564
54.3076
59.8041
65.6432
71.8263
78.3577
85.2428
92.4872
100.097
108.076
116.428
125.156
134.261
143.741
153.593
163.814
174.395
185.328
196.603
208.205
220.119
232.328
244.812
257.549
270.515
283.683
297.024
310.509
324.105
337.778
351.491
365.209
378.892
392.505
406.01
419.371
432.556
445.538
458.292
470.802
483.062
495.072
506.845
518.403
529.786
541.058
552.321
563.711
575.411
587.648
600.698
614.87
630.514
648.013
667.749
690.054
715.051
742.638
772.455
803.828
835.891
867.719
898.41
926.828
951.999
973.221
989.904
1001.74
1008.83
1011.33
1009.53
1003.78
994.479
982.04
966.871
949.379
929.942
908.911
886.607
863.322
839.313
814.811
790.017
765.106
740.232
715.526
691.104
667.065
643.502
620.495
598.127
576.476
555.519
535.23
515.587
496.571
478.166
460.36
443.139
426.493
410.411
394.881
379.892
365.434
351.495
338.063
325.127
312.674
300.691
289.166
278.086
267.438
257.209
247.386
237.955
228.905
220.221
211.892
203.904
196.246
188.905
181.869
175.127
168.668
162.48
156.553
150.877
145.44
140.235
135.25
130.477
125.907
121.532
117.343
113.332
109.492
105.815
102.295
98.9246
95.6972
92.6067
89.6472
86.8129
84.0984
81.4984
79.0079
76.6222
74.3365
72.1467
70.0484
68.0377
66.1108
64.264
62.4938
60.7965
59.1691
57.6087
56.1124
54.6779
53.3028
51.985
50.7227
49.5144
48.359
47.2557
46.2045
45.2059
44.2612
43.3723
42.541
41.7689
41.0586
43.3092
28.2544
26.9558
28.252
30.6511
33.7331
37.3205
41.3241
45.6958
50.4103
55.4553
60.8268
66.526
72.5568
78.9249
85.6366
92.6981
100.115
107.893
116.036
124.545
133.422
142.666
152.274
162.241
172.562
183.228
194.227
205.546
217.171
229.085
241.266
253.693
266.342
279.185
292.193
305.334
318.573
331.875
345.202
358.512
371.766
384.922
397.941
410.785
423.419
435.815
447.951
459.817
471.411
482.742
493.819
504.646
515.273
525.797
536.364
547.184
558.547
570.826
584.396
599.716
617.315
637.794
661.565
688.779
719.294
752.695
787.992
823.993
859.608
893.353
923.997
950.611
972.574
989.54
1001.42
1008.33
1010.54
1008.42
1002.36
992.802
980.18
964.92
947.423
928.066
907.192
885.112
862.105
838.416
814.263
789.836
765.298
740.793
716.444
692.358
668.628
645.337
622.563
600.381
578.873
558.073
537.938
518.441
499.56
481.277
463.58
446.455
429.892
413.881
398.412
383.473
369.056
355.148
341.74
328.82
316.376
304.396
292.868
281.78
271.119
260.872
251.028
241.573
232.494
223.78
215.417
207.393
199.697
192.317
185.24
178.455
171.952
165.719
159.747
154.023
148.54
143.286
138.253
133.431
128.813
124.388
120.15
116.091
112.202
108.477
104.908
101.49
98.2143
95.0763
92.0696
89.1886
86.4278
83.7819
81.246
78.8154
76.4854
74.2516
72.11
70.0566
68.0873
66.1987
64.3868
62.6483
60.9802
59.3797
57.8439
56.3705
54.9572
53.6018
52.3026
51.058
49.8668
48.7284
47.6424
46.609
45.629
44.7035
43.8333
43.0188
42.2628
40.0307
26.8849
25.6082
26.6758
28.7547
31.4718
34.6672
38.258
42.1977
46.4605
51.0333
55.9113
61.0949
66.5876
72.3951
78.5239
84.9808
91.7726
98.9051
106.384
114.212
122.393
130.928
139.816
149.056
158.642
168.57
178.83
189.414
200.308
211.498
222.967
234.696
246.662
258.84
271.205
283.725
296.367
309.095
321.871
334.655
347.403
360.072
372.619
385.001
397.18
409.125
420.813
432.236
443.406
454.281
464.851
475.13
485.172
495.083
505.024
515.233
526.036
537.876
551.277
566.823
585.205
607.26
633.422
663.769
697.952
735.186
774.31
813.949
852.37
888.041
919.771
946.753
968.537
984.968
996.113
1002.21
1003.64
1000.8
994.167
984.185
971.305
955.951
938.518
919.365
898.818
877.17
854.677
831.569
808.042
784.271
760.404
736.571
712.884
689.438
666.32
643.604
621.361
599.66
578.573
558.165
538.391
519.225
500.646
482.639
465.19
448.291
431.931
416.102
400.795
386.001
371.711
357.916
344.606
331.77
319.399
307.48
296.004
284.958
274.33
264.109
254.283
244.839
235.766
227.052
218.684
210.652
202.942
195.544
188.447
181.639
175.109
168.847
162.843
157.087
151.569
146.279
141.208
136.348
131.69
127.225
122.946
118.844
114.913
111.145
107.534
104.072
100.753
97.5719
94.5219
91.5976
88.7936
86.1047
83.526
81.0528
78.6805
76.4048
74.2215
72.1267
70.1163
68.1864
66.3335
64.5545
62.8464
61.2063
59.6316
58.1197
56.6684
55.2756
53.9395
52.6585
51.4316
50.2577
49.1366
48.068
47.0525
46.0903
45.1816
44.326
43.5269
36.2625
25.3464
24.1956
25.099
26.9064
29.2905
32.112
35.2978
38.806
42.6119
46.7026
51.0725
55.7212
60.6517
65.8692
71.38
77.1912
83.3098
89.7428
96.4964
103.576
110.986
118.729
126.807
135.22
143.968
153.045
162.449
172.17
182.201
192.53
203.144
214.026
225.157
236.518
248.083
259.825
271.714
283.715
295.793
307.906
320.012
332.067
344.025
355.842
367.479
378.901
390.088
401.042
411.738
422.142
432.25
442.09
451.737
461.317
471.028
481.153
492.081
504.349
518.554
535.474
555.991
581.075
611.059
645.79
684.548
726.122
769.02
811.313
851.184
887.19
918.339
944.07
964.182
978.742
988.004
992.342
992.204
988.067
980.41
969.696
956.361
940.812
923.415
904.503
884.371
863.283
841.467
819.124
796.43
773.536
750.572
727.651
704.871
682.317
660.062
638.175
616.718
595.753
575.35
555.556
536.339
517.68
499.564
481.979
464.918
448.372
432.334
416.799
401.758
387.206
373.135
359.538
346.405
333.729
321.499
309.707
298.342
287.394
276.853
266.706
256.944
247.554
238.527
229.849
221.511
213.501
205.808
198.421
191.329
184.521
177.988
171.718
165.703
159.932
154.396
149.086
143.992
139.107
134.422
129.929
125.62
121.487
117.523
113.722
110.076
106.578
103.224
100.006
96.9191
93.9575
91.1158
88.3891
85.7723
83.261
80.8505
78.5366
76.3151
74.1817
72.1325
70.164
68.2727
66.4556
64.7097
63.0321
61.4202
59.8714
58.3837
56.9548
55.5831
54.2669
53.005
51.7965
50.6408
49.5377
48.487
47.4889
46.5429
45.6481
44.8083
32.1123
23.6404
22.7339
23.5406
25.1243
27.2104
29.6829
32.481
35.5689
38.9249
42.5368
46.3986
50.5091
54.8704
59.4867
64.364
69.5089
74.9286
80.6304
86.6212
92.9075
99.495
106.388
113.592
121.107
128.935
137.077
145.529
154.288
163.349
172.704
182.343
192.254
202.423
212.833
223.464
234.293
245.294
256.435
267.685
279.005
290.354
301.69
312.969
324.147
335.185
346.049
356.719
367.198
377.461
387.496
397.322
406.999
416.639
426.417
436.596
447.552
459.735
473.755
490.404
510.669
535.681
566.191
602.203
643.032
687.331
733.331
778.925
822.067
861.143
895.067
923.256
945.541
962.047
973.093
979.11
980.584
978.02
971.913
962.735
950.924
936.881
920.97
903.515
884.805
865.095
844.608
823.538
802.055
780.305
758.414
736.493
714.635
692.922
671.426
650.21
629.333
608.848
588.811
569.287
550.276
531.771
513.762
496.243
479.208
462.652
446.573
430.965
415.825
401.148
386.93
373.165
359.846
346.969
334.525
322.507
310.906
299.715
288.923
278.522
268.501
258.851
249.561
240.622
232.022
223.751
215.799
208.156
200.81
193.753
186.974
180.463
174.21
168.206
162.442
156.909
151.597
146.499
141.606
136.91
132.403
128.078
123.927
119.943
116.12
112.45
108.928
105.548
102.302
99.187
96.196
93.3242
90.5667
87.9185
85.3752
82.9323
80.5856
78.3304
76.1629
74.0793
72.0764
70.1508
68.2993
66.5191
64.8073
63.1613
61.5787
60.0571
58.5947
57.1895
55.8401
54.5452
53.3037
52.1149
50.9786
49.8942
48.8616
47.88
46.9481
46.0702
27.8581
21.7841
21.2188
21.994
23.4014
25.2275
27.3823
29.8186
32.5081
35.4328
38.582
41.9498
45.5344
49.3366
53.3596
57.6084
62.089
66.808
71.7727
76.9904
82.4681
88.2127
94.2303
100.526
107.105
113.971
121.125
128.57
136.303
144.324
152.629
161.212
170.066
179.181
188.546
198.146
207.963
217.976
228.161
238.489
248.929
259.444
269.996
280.546
291.056
301.491
311.825
322.043
332.149
342.158
352.093
362.021
372.065
382.407
393.297
405.08
418.226
433.346
451.253
473.013
499.873
532.858
572.036
616.594
664.885
714.713
763.551
809.181
849.95
884.858
913.484
935.844
952.24
963.133
969.061
970.577
968.218
962.489
953.858
942.745
929.532
914.557
898.123
880.495
861.909
842.569
822.654
802.319
781.699
760.911
740.055
719.218
698.476
677.894
657.532
637.441
617.67
598.265
579.273
560.705
542.57
524.869
507.604
490.776
474.382
458.424
442.899
427.807
413.146
398.913
385.106
371.722
358.756
346.203
334.059
322.316
310.968
300.008
289.429
279.221
269.377
259.887
250.743
241.934
233.453
225.289
217.432
209.873
202.603
195.612
188.891
182.43
176.221
170.254
164.521
159.013
153.722
148.639
143.757
139.068
134.565
130.24
126.086
122.097
118.265
114.585
111.05
107.655
104.393
101.26
98.2495
95.3568
92.5772
89.9058
87.3383
84.8701
82.4967
80.214
78.0186
75.9067
73.875
71.9204
70.0396
68.2298
66.4883
64.8124
63.1998
61.6481
60.1555
58.7202
57.3404
56.0151
54.7431
53.5237
52.3562
51.2402
50.1751
49.1602
48.1939
47.2807
23.7503
19.8069
19.6405
20.4434
21.7247
23.3357
25.2138
27.3259
29.6515
32.1772
34.8943
37.7976
40.8848
44.1559
47.613
51.26
55.102
59.1449
63.3957
67.8615
72.5498
77.468
82.6232
88.0223
93.6715
99.5764
105.742
112.172
118.868
125.834
133.068
140.57
148.337
156.365
164.648
173.176
181.94
190.924
200.112
209.483
219.013
228.674
238.437
248.273
258.156
268.067
277.997
287.956
297.976
308.118
318.479
329.203
340.501
352.66
366.062
381.217
398.794
419.673
445.045
476.369
514.765
560.078
611.141
665.547
720.294
772.446
819.651
860.41
894.066
920.613
940.462
954.245
962.661
966.4
966.098
962.325
955.581
946.304
934.878
921.638
906.879
890.861
873.812
855.931
837.395
818.355
798.946
779.283
759.467
739.587
719.719
699.927
680.27
660.8
641.562
622.601
603.955
585.635
567.661
550.048
532.806
515.943
499.464
483.374
467.674
452.366
437.453
422.935
408.812
395.083
381.748
368.803
356.248
344.077
332.288
320.876
309.834
299.158
288.841
278.875
269.254
259.97
251.014
242.379
234.056
226.037
218.312
210.873
203.712
196.819
190.187
183.806
177.667
171.764
166.087
160.628
155.38
150.335
145.485
140.823
136.342
132.035
127.895
123.917
120.092
116.416
112.883
109.486
106.22
103.081
100.062
97.1587
94.367
91.682
89.0989
86.6134
84.2215
81.9194
79.7036
77.5706
75.5171
73.5398
71.6359
69.8024
68.0366
66.336
64.6982
63.1211
61.6026
60.141
58.7347
57.3825
56.0832
54.836
53.6402
52.4953
51.4005
50.3549
49.3571
48.4116
19.9315
17.718
17.9686
18.8563
20.0727
21.5292
23.1896
25.0345
27.0513
29.2312
31.5682
34.0583
36.6995
39.4918
42.4368
45.5376
48.7986
52.2253
55.824
59.6017
63.5658
67.7241
72.0844
76.6544
81.4416
86.4533
91.6962
97.1765
102.9
108.87
115.093
121.569
128.302
135.292
142.539
150.041
157.794
165.793
174.03
182.493
191.169
200.045
209.105
218.34
227.746
237.333
247.134
257.207
267.652
278.616
290.305
302.999
317.069
333
351.422
373.151
399.261
431.182
470.699
518.975
574.787
635.704
698.169
758.297
812.773
859.418
897.29
926.463
947.654
961.879
970.212
973.644
973.017
969.027
962.238
953.11
942.021
929.284
915.165
899.891
883.661
866.648
849.006
830.87
812.358
793.575
774.612
755.55
736.459
717.403
698.44
679.612
660.96
642.535
624.358
606.444
588.812
571.475
554.447
537.739
521.362
505.323
489.629
474.285
459.294
444.661
430.386
416.474
402.923
389.735
376.911
364.448
352.345
340.6
329.211
318.172
307.481
297.133
287.121
277.44
268.084
259.046
250.319
241.896
233.769
225.93
218.373
211.088
204.068
197.306
190.792
184.52
178.481
172.668
167.073
161.688
156.507
151.522
146.725
142.111
137.673
133.403
129.295
125.344
121.544
117.887
114.37
110.986
107.731
104.598
101.583
98.6819
95.8893
93.2008
90.6121
88.1193
85.7186
83.4062
81.1788
79.033
76.9654
74.9731
73.053
71.2025
69.4188
67.6995
66.0422
64.4449
62.9056
61.4225
59.994
58.619
57.2963
56.025
54.8043
53.6336
52.5121
51.439
50.4128
49.4382
17.3515
16.1027
16.6467
17.6265
18.8361
20.2227
21.7657
23.454
25.2803
27.2389
29.3262
31.5397
33.8784
36.3428
38.9349
41.6578
44.5157
47.5139
50.6584
53.956
57.414
61.0401
64.8421
68.8282
73.0065
77.3851
81.9717
86.7741
91.7994
97.0546
102.546
108.279
114.26
120.493
126.984
133.736
140.752
148.036
155.588
163.408
171.497
179.855
188.491
197.42
206.675
216.317
226.444
237.206
248.817
261.568
275.851
292.17
311.181
333.729
360.916
394.172
435.41
486.614
548.261
617.211
689.258
759.327
822.786
876.449
918.919
950.343
971.874
985.117
991.709
993.085
990.42
984.616
976.329
966.05
954.147
940.907
926.554
911.271
895.213
878.512
861.286
843.641
825.669
807.455
789.074
770.595
752.077
733.573
715.131
696.796
678.624
660.629
642.833
625.261
607.93
590.856
574.049
557.522
541.283
525.343
509.708
494.385
479.381
464.7
450.347
436.324
422.635
409.281
396.264
383.585
371.245
359.243
347.577
336.247
325.25
314.582
304.241
294.222
284.521
275.133
266.051
257.27
248.785
240.587
232.671
225.029
217.656
210.542
203.681
197.066
190.69
184.545
178.623
172.919
167.424
162.132
157.035
152.128
147.403
142.854
138.474
134.258
130.2
126.293
122.531
118.91
115.425
112.068
108.837
105.725
102.728
99.8419
97.0611
94.3819
91.8004
89.3126
86.9149
84.6038
82.3758
80.2278
78.1565
76.159
74.2324
72.3741
70.5814
68.8518
67.1833
65.5736
64.0209
62.5235
61.0797
59.6884
58.3484
57.0588
55.8188
54.6277
53.4847
52.3891
51.3394
50.3403
15.1984
14.5842
15.3853
16.4879
17.7466
19.1308
20.6309
22.2423
23.9622
25.7888
27.7211
29.7589
31.9031
34.1555
36.5189
38.997
41.5944
44.3163
47.1688
50.1584
53.2924
56.5783
60.024
63.6377
67.4278
71.4028
75.5712
79.9416
84.5222
89.3213
94.3471
99.6076
105.111
110.865
116.879
123.162
129.724
136.574
143.723
151.183
158.966
167.092
175.591
184.514
193.942
204.003
214.889
226.877
240.348
255.808
273.919
295.534
321.764
354.042
394.266
444.764
507.609
582.336
663.64
745.326
821.028
885.812
937.063
974.428
999.19
1013.48
1019.6
1019.65
1015.28
1007.67
997.713
986.027
972.985
958.867
943.882
928.188
911.905
895.135
877.962
860.463
842.707
824.756
806.668
788.498
770.294
752.101
733.957
715.9
697.961
680.173
662.563
645.152
627.955
610.989
594.267
577.799
561.595
545.663
530.012
514.646
499.574
484.8
470.329
456.165
442.313
428.774
415.553
402.65
390.068
377.807
365.867
354.248
342.95
331.97
321.308
310.959
300.921
291.189
281.761
272.631
263.794
255.244
246.976
238.984
231.261
223.802
216.599
209.645
202.935
196.461
190.216
184.194
178.387
172.79
167.394
162.195
157.184
152.357
147.706
143.225
138.909
134.751
130.746
126.888
123.171
119.591
116.143
112.82
109.619
106.535
103.563
100.698
97.9369
95.2745
92.7074
90.2319
87.8444
85.5415
83.32
81.1766
79.1083
77.1123
75.1856
73.3258
71.5302
69.7965
68.1225
66.5062
64.9456
63.4391
61.9852
60.5825
59.2299
57.9265
56.6714
55.464
54.3034
53.1891
52.1194
51.0993
13.3984
13.1076
14.1412
15.4119
16.7889
18.249
19.7894
21.4114
23.1174
24.91
26.7916
28.7649
30.8328
32.9985
35.2659
37.6394
40.124
42.725
45.4484
48.3007
51.2887
54.4198
57.7018
61.1426
64.7507
68.5347
72.5033
76.6657
81.0308
85.6079
90.4065
95.4364
100.708
106.232
112.021
118.091
124.456
131.136
138.152
145.527
153.291
161.485
170.172
179.446
189.459
200.443
212.743
226.849
243.426
263.371
287.864
318.45
357.191
406.632
469.44
547.69
637.951
731.877
821.146
898.733
960.434
1005.14
1034.12
1050
1055.79
1054.32
1047.84
1038.08
1026.08
1012.5
997.791
982.291
966.199
949.647
932.724
915.497
898.02
880.338
862.493
844.525
826.472
808.373
790.263
772.176
754.143
736.195
718.358
700.657
683.113
665.749
648.583
631.63
614.903
598.413
582.17
566.181
550.456
534.999
519.818
504.916
490.3
475.974
461.942
448.208
434.774
421.643
408.818
396.3
384.091
372.191
360.599
349.317
338.342
327.674
317.31
307.247
297.482
288.013
278.834
269.941
261.33
252.995
244.931
237.131
229.592
222.305
215.265
208.465
201.9
195.562
189.446
183.544
177.851
172.359
167.063
161.957
157.033
152.287
147.711
143.301
139.05
134.952
131.004
127.198
123.529
119.994
116.586
113.3
110.134
107.081
104.137
101.298
98.5602
95.9192
93.3711
90.9123
88.5394
86.249
84.0381
81.9036
79.8424
77.8518
75.929
74.0715
72.2768
70.5425
68.8666
67.2469
65.6817
64.1693
62.708
61.2966
59.9341
58.6193
57.3515
56.1299
54.9539
53.8227
52.735
51.6955
11.898
11.7202
13.0269
14.5588
16.1643
17.8207
19.5315
21.3053
23.1506
25.0741
27.0814
29.1771
31.3654
33.6507
36.0375
38.5306
41.135
43.8562
46.6999
49.672
52.779
56.0278
59.4256
62.9798
66.6985
70.5898
74.6623
78.9252
83.3876
88.0595
92.951
98.0733
103.439
109.061
114.958
121.149
127.66
134.521
141.766
149.436
157.581
166.269
175.606
185.755
196.975
209.675
224.476
242.27
264.295
292.29
328.57
376.166
438.593
518.586
616.491
722.999
826.713
918.009
990.803
1043.15
1076.38
1093.71
1098.94
1095.63
1086.71
1074.33
1059.88
1044.07
1027.43
1010.26
992.766
975.071
957.238
939.303
921.287
903.205
885.071
866.901
848.713
830.527
812.364
794.246
776.195
758.234
740.384
722.665
705.096
687.693
670.472
653.449
636.637
620.047
603.688
587.571
571.702
556.089
540.737
525.652
510.839
496.303
482.047
468.077
454.395
441.005
427.909
415.11
402.609
390.408
378.508
366.908
355.61
344.612
333.912
323.51
313.403
303.589
294.063
284.823
275.864
267.182
258.773
250.631
242.751
235.127
227.753
220.625
213.736
207.079
200.649
194.439
188.443
182.656
177.07
171.68
166.48
161.463
156.624
151.956
147.455
143.114
138.928
134.891
130.999
127.246
123.626
120.136
116.77
113.524
110.394
107.374
104.461
101.65
98.938
96.3207
93.7943
91.3552
89.0001
86.7255
84.5284
82.4058
80.3549
78.3728
76.457
74.6048
72.8139
71.082
69.407
67.7867
66.2194
64.7034
63.2372
61.8194
60.4488
59.1246
57.8458
56.6117
55.4218
54.2753
53.171
52.1137
10.6505
10.5603
12.3306
14.3273
16.3765
18.4645
20.6058
22.8163
25.1089
27.4928
29.974
32.5567
35.2445
38.0415
40.9521
43.9811
47.133
50.4125
53.8244
57.3736
61.0649
64.9036
68.8953
73.0456
77.3606
81.847
86.5118
91.3628
96.4085
101.658
107.123
112.813
118.743
124.932
131.401
138.182
145.317
152.853
160.849
169.369
178.496
188.342
199.086
211.008
224.569
240.54
260.173
285.267
318.371
363.364
424.491
505.604
609.497
727.872
845.49
949.705
1032.25
1090.46
1126.12
1143.34
1146.86
1141
1129.19
1113.87
1096.83
1078.75
1060.13
1041.26
1022.32
1003.41
984.576
965.828
947.163
928.573
910.047
891.579
873.165
854.808
836.515
818.296
800.161
782.126
764.204
746.41
728.759
711.266
693.943
676.803
659.858
643.118
626.595
610.297
594.233
578.409
562.834
547.512
532.449
517.651
503.122
488.867
474.89
461.195
447.785
434.663
421.831
409.292
397.048
385.098
373.445
362.088
351.026
340.26
329.786
319.604
309.711
300.103
290.778
281.732
272.961
264.46
256.224
248.249
240.529
233.059
225.832
218.844
212.089
205.56
199.251
193.157
187.271
181.588
176.101
170.805
165.693
160.76
156
151.407
146.976
142.701
138.577
134.599
130.761
127.059
123.487
120.042
116.718
113.511
110.417
107.43
104.548
101.767
99.0815
96.4888
93.9851
91.5669
89.2309
86.9737
84.7924
82.6838
80.6452
78.6739
76.7671
74.9225
73.1376
71.4101
69.738
68.1191
66.5517
65.0341
63.5646
62.142
60.7651
59.4328
58.1443
56.899
55.6962
54.5355
53.4159
52.3421
10.0426
10.109
12.8333
15.839
18.8892
22.0207
25.2658
28.6456
32.174
35.8591
39.7032
43.7043
47.8611
52.1745
56.6463
61.2774
66.0678
71.0162
76.1205
81.3778
86.7849
92.3385
98.0349
103.871
109.846
115.956
122.204
128.592
135.125
141.81
148.657
155.677
162.889
170.319
178.004
186.004
194.403
203.3
212.799
223.023
234.132
246.328
259.961
275.577
294.12
317.357
348.357
391.028
450.191
532.524
640.696
767.008
893.65
1005.35
1091.83
1150.24
1183.36
1196.67
1195.97
1186.21
1171
1152.86
1133.41
1113.45
1093.27
1073.08
1053.01
1033.12
1013.44
993.989
974.738
955.668
936.758
917.986
899.335
880.795
862.359
844.024
825.794
807.674
789.671
771.794
754.055
736.462
719.028
701.762
684.675
667.776
651.075
634.58
618.301
602.244
586.418
570.83
555.485
540.39
525.55
510.971
496.659
482.617
468.85
455.361
442.155
429.235
416.603
404.261
392.211
380.454
368.99
357.819
346.942
336.356
326.059
316.051
306.328
296.886
287.723
278.834
270.216
261.863
253.771
245.935
238.349
231.008
223.905
217.037
210.396
203.977
197.773
191.78
185.99
180.398
174.999
169.785
164.753
159.894
155.205
150.68
146.313
142.098
138.032
134.107
130.32
126.666
123.14
119.737
116.453
113.283
110.223
107.27
104.418
101.665
99.0055
96.4372
93.9562
91.5589
89.2422
87.0027
84.8375
82.7436
80.7181
78.7584
76.8619
75.026
73.2483
71.5267
69.8589
68.243
66.677
65.1592
63.688
62.2621
60.8801
59.5411
58.2443
56.9888
55.7742
54.6002
53.4662
52.377
9.54745
12.2331
17.4287
23.6169
29.8367
36.4681
43.5797
51.1872
59.2898
67.871
76.8915
86.2925
96.0223
106.04
116.303
126.763
137.367
148.058
158.782
169.481
180.104
190.604
200.94
211.079
220.996
230.679
240.124
249.34
258.347
267.175
275.853
284.419
292.933
301.48
310.168
319.186
328.795
339.227
350.701
363.587
378.275
395.066
414.893
438.944
469.387
510.87
569.512
650.442
755.411
876.045
996.215
1099.77
1175.89
1222.46
1243.87
1247.1
1238.7
1223.61
1205
1184.81
1164.07
1143.46
1122.9
1102.43
1082.09
1061.94
1041.98
1022.24
1002.72
983.406
964.281
945.329
926.533
907.878
889.353
870.95
852.664
834.496
816.446
798.52
780.723
763.063
745.547
728.183
710.98
693.946
677.089
660.417
643.939
627.662
611.594
595.742
580.114
564.716
549.555
534.638
519.97
505.558
491.407
477.523
463.909
450.572
437.514
424.74
412.251
400.051
388.142
376.524
365.198
354.163
343.421
332.968
322.803
312.924
303.329
294.013
284.973
276.206
267.706
259.468
251.489
243.762
236.282
229.044
222.042
215.27
208.723
202.394
196.277
190.367
184.657
179.142
173.816
168.673
163.708
158.914
154.286
149.819
145.508
141.346
137.33
133.453
129.711
126.1
122.614
119.249
116.001
112.865
109.837
106.914
104.09
101.363
98.729
96.1837
93.7241
91.3468
89.0485
86.8261
84.6766
82.597
80.5846
78.6366
76.7505
74.9237
73.1539
71.4387
69.776
68.1638
66.6001
65.0832
63.6113
62.1831
60.7972
59.4525
58.1482
56.8835
55.658
54.4716
53.3239
52.2203
8.51095
31.2651
52.5171
76.6755
102.411
131.409
163.547
198.403
235.375
273.717
312.556
350.992
388.341
424.046
457.664
488.857
517.395
543.143
566.052
586.145
603.502
618.251
630.557
640.612
648.634
654.854
659.516
662.871
665.175
666.674
667.578
668.115
668.58
669.302
670.734
673.679
678.947
686.697
697.106
711.327
730.05
752.764
780.294
814.955
860.456
919.763
993.348
1076.95
1159.32
1226.67
1269.83
1288.12
1287.37
1275.18
1257.61
1238.22
1218.59
1199.29
1180.29
1161.73
1143.16
1124.47
1105.6
1086.58
1067.48
1048.36
1029.27
1010.25
991.328
972.516
953.821
935.244
916.782
898.434
880.197
862.07
844.054
826.152
808.367
790.704
773.168
755.766
738.505
721.39
704.431
687.633
671.004
654.551
638.282
622.204
606.325
590.651
575.191
559.951
544.939
530.162
515.627
501.341
487.309
473.538
460.034
446.802
433.846
421.171
408.78
396.675
384.859
373.334
362.1
351.158
340.505
330.143
320.068
310.278
300.771
291.543
282.59
273.908
265.492
257.338
249.441
241.794
234.393
227.232
220.305
213.606
207.129
200.869
194.82
188.974
183.327
177.873
172.605
167.519
162.607
157.865
153.287
148.868
144.602
140.485
136.51
132.673
128.969
125.394
121.943
118.61
115.393
112.287
109.287
106.389
103.591
100.887
98.2744
95.7497
93.3093
90.9499
88.6684
86.4616
84.3265
82.2602
80.2599
78.3229
76.4467
74.6286
72.8664
71.1577
69.5002
67.892
66.331
64.8153
63.3433
61.9133
60.5241
59.1744
57.8632
56.59
55.3542
54.1559
52.9952
51.878
13.1186
331.199
544.506
755.053
974.876
1196.8
1410.86
1608.1
1781.93
1928.03
2044.12
2129.88
2186.54
2217.13
2225.35
2215.07
2190.05
2153.71
2109.03
2058.5
2004.16
1947.64
1890.2
1832.81
1776.23
1721.01
1667.59
1616.32
1567.48
1521.28
1477.87
1437.72
1401.19
1368.63
1340.34
1317.13
1298.4
1283.58
1272.2
1262.67
1254.15
1248.04
1246.22
1250.7
1262.57
1280.1
1297.56
1306.77
1302.29
1285.35
1262.16
1239.13
1219.68
1204.21
1191.55
1180.32
1169.27
1157.96
1145.7
1132.32
1117.83
1102.34
1086.04
1069.1
1051.7
1033.97
1016.04
997.986
979.879
961.763
943.67
925.622
907.634
889.716
871.878
854.126
836.465
818.902
801.443
784.094
766.86
749.749
732.767
715.92
699.215
682.658
666.257
650.018
633.949
618.058
602.351
586.837
571.524
556.419
541.53
526.866
512.434
498.242
484.297
470.606
457.176
444.012
431.121
418.507
406.174
394.126
382.365
370.894
359.712
348.822
338.222
327.911
317.888
308.151
298.696
289.52
280.619
271.99
263.627
255.525
247.679
240.084
232.734
225.624
218.747
212.097
205.669
199.457
193.453
187.654
182.051
176.64
171.415
166.369
161.497
156.794
152.253
147.87
143.638
139.554
135.611
131.805
128.131
124.584
121.16
117.854
114.661
111.578
108.601
105.725
102.946
100.262
97.6674
95.1598
92.7356
90.3913
88.124
85.9304
83.8076
81.7527
79.7629
77.8356
75.968
74.1577
72.4022
70.6993
69.0466
67.442
65.8834
64.369
62.8968
61.4653
60.0729
58.7185
57.4009
56.1194
54.8737
53.664
52.4909
51.3607
263.326
436.231
637.134
852.695
1071.49
1284.75
1486.85
1674.67
1845.88
2000.32
2138.27
2259.97
2365.01
2453.14
2524.12
2577.85
2614.43
2634.26
2638.09
2627.02
2602.47
2566.14
2519.87
2465.59
2405.18
2340.45
2273.03
2204.37
2135.69
2068
2002.2
1937.97
1875.49
1815.17
1756.88
1699.1
1641.88
1585.36
1529.83
1475.83
1423.96
1374.86
1329.12
1286.89
1247.18
1208.2
1169.54
1134.59
1108.72
1094.93
1092.03
1096.31
1103.87
1111.57
1117.47
1120.85
1120.99
1117.99
1112.05
1103.56
1092.92
1080.52
1066.72
1051.85
1036.16
1019.88
1003.17
986.161
968.953
951.619
934.215
916.781
899.348
881.937
864.567
847.25
829.998
812.821
795.726
778.722
761.816
745.015
728.325
711.753
695.305
678.99
662.812
646.781
630.903
615.185
599.637
584.267
569.082
554.092
539.305
524.731
510.378
496.255
482.37
468.731
455.345
442.221
429.363
416.778
404.471
392.445
380.705
369.253
358.089
347.216
336.633
326.34
316.334
306.615
297.178
288.021
279.141
270.532
262.19
254.11
246.287
238.715
231.389
224.302
217.45
210.825
204.422
198.234
192.256
186.481
180.903
175.517
170.316
165.294
160.446
155.766
151.248
146.887
142.678
138.615
134.693
130.907
127.253
123.725
120.319
117.03
113.854
110.788
107.826
104.965
102.201
99.5299
96.9486
94.4534
92.0409
89.7078
87.4509
85.2672
83.1536
81.1072
79.1254
77.2052
75.3442
73.5398
71.7895
70.0908
68.4416
66.8396
65.2827
63.7687
62.2959
60.8624
59.4667
58.1073
56.7832
55.4937
54.2383
53.0175
51.8323
50.6898
255.108
271.952
292.237
316.41
344.688
377.065
413.39
453.492
497.725
545.454
596.22
649.529
704.924
761.908
819.955
878.511
936.987
994.768
1051.21
1105.67
1157.49
1206.05
1250.77
1291.12
1326.67
1357.09
1382.15
1401.75
1415.86
1424.56
1427.32
1422.69
1410.74
1391.38
1364.85
1331.71
1292.56
1248.11
1199.06
1146.13
1090.1
1032.28
975.094
922.084
877.998
848.54
838.287
847.603
872.225
905.773
942.356
977.664
1009.19
1035.16
1054.99
1068.85
1077.16
1080.56
1079.75
1075.42
1068.19
1058.64
1047.24
1034.41
1020.47
1005.69
990.274
974.397
958.184
941.731
925.115
908.39
891.601
874.781
857.955
841.143
824.361
807.624
790.941
774.323
757.778
741.315
724.94
708.662
692.487
676.422
660.476
644.655
628.968
613.424
598.03
582.796
567.732
552.847
538.15
523.653
509.363
495.292
481.448
467.841
454.479
441.37
428.522
415.942
403.634
391.604
379.857
368.395
357.22
346.335
335.739
325.433
315.414
305.682
296.234
287.067
278.176
269.559
261.21
253.124
245.296
237.721
230.393
223.305
216.453
209.83
203.429
197.244
191.27
185.501
179.929
174.549
169.354
164.34
159.5
154.828
150.319
145.966
141.766
137.712
133.799
130.022
126.376
122.857
119.46
116.18
113.013
109.955
107.002
104.149
101.393
98.7293
96.1553
93.6672
91.2615
88.9349
86.6842
84.5063
82.3982
80.357
78.3799
76.4641
74.6071
72.8061
71.0588
69.3626
67.7152
66.1143
64.5576
63.0432
61.5688
60.1327
58.7331
57.3686
56.0378
54.7401
53.4752
52.2435
51.0469
49.8926
87.7204
90.651
94.0474
97.9898
102.555
107.806
113.793
120.556
128.228
137.076
147.139
158.43
170.904
184.565
199.404
215.401
232.517
250.696
269.86
289.909
310.719
332.14
353.994
376.079
398.166
420.005
441.32
461.815
481.164
498.82
514.163
528.083
540.007
549.322
555.408
557.663
555.521
548.423
535.879
517.934
496.428
476.802
467.103
474.13
500.812
544.645
600.058
661.625
724.932
786.389
843.361
894.036
937.381
972.905
1000.68
1021.2
1035.18
1043.43
1046.79
1046.08
1042
1035.19
1026.19
1015.47
1003.38
990.226
976.259
961.667
946.602
931.18
915.495
899.616
883.6
867.49
851.32
835.115
818.897
802.684
786.49
770.328
754.207
738.137
722.127
706.185
690.32
674.54
658.852
643.266
627.791
612.435
597.209
582.122
567.185
552.409
537.804
523.381
509.151
495.126
481.315
467.73
454.379
441.272
428.418
415.824
403.497
391.443
379.667
368.174
356.965
346.044
335.411
325.067
315.011
305.241
295.756
286.553
277.628
268.978
260.597
252.482
244.626
237.025
229.673
222.563
215.69
209.048
202.63
196.431
190.443
184.661
179.078
173.689
168.487
163.465
158.619
153.943
149.429
145.074
140.871
136.816
132.902
129.125
125.48
121.961
118.565
115.287
112.122
109.066
106.115
103.265
100.511
97.8505
95.2794
92.7942
90.3915
88.0679
85.8201
83.6451
81.5398
79.5014
77.5268
75.6135
73.7587
71.9597
70.214
68.5192
66.8727
65.2723
63.7155
62.2002
60.7243
59.2856
57.8825
56.5131
55.1764
53.8714
52.5978
51.3565
50.1497
48.9853
45.0896
45.879
46.7443
47.7014
48.7668
49.9563
51.2838
52.7612
54.4027
56.2304
58.2623
60.5268
63.0877
65.9515
69.1226
72.6031
76.389
80.4632
84.8198
89.4476
94.3289
99.4386
104.743
110.2
115.753
121.335
126.836
132.118
137.046
141.583
146.042
150.351
154.411
158.088
161.208
163.545
164.844
165.041
165.066
168.227
180.301
206.527
248.174
302.729
366.565
436.401
509.278
582.498
653.672
720.76
782.139
836.645
883.585
922.687
954.078
978.201
995.704
1007.35
1013.92
1016.2
1014.88
1010.6
1003.9
995.261
985.057
973.612
961.185
947.987
934.185
919.913
905.276
890.359
875.227
859.932
844.515
829.009
813.44
797.83
782.196
766.554
750.915
735.292
719.695
704.133
688.617
673.155
657.756
642.432
627.19
612.043
597.001
582.074
567.275
552.616
538.108
523.764
509.595
495.615
481.835
468.266
454.919
441.806
428.935
416.316
403.957
391.864
380.044
368.501
357.241
346.264
335.575
325.173
315.059
305.231
295.688
286.428
277.448
268.743
260.31
252.145
244.241
236.594
229.198
222.047
215.135
208.457
202.005
195.773
189.756
183.946
178.338
172.926
167.702
162.661
157.797
153.104
148.576
144.207
139.992
135.926
132.003
128.217
124.565
121.04
117.638
114.355
111.186
108.126
105.172
102.32
99.5643
96.9025
94.3306
91.8449
89.4419
87.1183
84.8709
82.6964
80.5918
78.5542
76.5806
74.6683
72.8145
71.0165
69.2717
67.5776
65.9317
64.3315
62.7746
61.2587
59.7815
58.341
56.935
55.5619
54.2202
52.9092
51.6286
50.3794
49.1645
47.9923
30.2746
30.5549
30.8519
31.1696
31.5122
31.884
32.289
32.7312
33.2138
33.7405
34.3148
34.941
35.6259
36.3742
37.1891
38.0725
39.0277
40.0643
41.177
42.3593
43.6033
44.8992
46.2345
47.5945
48.9609
50.313
51.6497
52.9725
54.2593
55.4913
56.6638
57.7683
58.7938
59.7312
60.5876
61.4232
62.6815
65.7721
73.7026
90.3112
118.278
158.265
209.292
269.259
335.59
405.764
477.485
548.676
617.486
682.321
741.888
795.232
841.754
881.19
913.593
939.275
958.736
972.592
981.512
986.166
987.191
985.169
980.615
973.979
965.642
955.923
945.088
933.355
920.901
907.871
894.38
880.52
866.366
851.978
837.402
822.677
807.834
792.899
777.892
762.831
747.732
732.608
717.47
702.331
687.202
672.093
657.015
641.979
626.997
612.08
597.241
582.492
567.845
553.314
538.913
524.655
510.553
496.621
482.872
469.32
455.976
442.852
429.959
417.308
404.907
392.766
380.89
369.287
357.961
346.916
336.154
325.679
315.49
305.587
295.97
286.635
277.582
268.806
260.303
252.07
244.101
236.391
228.935
221.726
214.76
208.03
201.529
195.251
189.19
183.34
177.694
172.245
166.988
161.917
157.024
152.305
147.752
143.361
139.126
135.041
131.1
127.299
123.633
120.095
116.682
113.389
110.21
107.143
104.182
101.323
98.5621
95.8957
93.3198
90.8308
88.4252
86.0995
83.8504
81.6747
79.5693
77.5312
75.5575
73.6453
71.7918
69.9944
68.2502
66.5568
64.9115
63.3118
61.7553
60.2395
58.762
57.3206
55.9131
54.5376
53.1928
51.8777
50.5923
49.3376
48.1172
46.9403
23.4067
23.5225
23.6426
23.7684
23.9012
24.0424
24.1935
24.356
24.5311
24.7202
24.9243
25.1446
25.3823
25.6385
25.9143
26.2104
26.5275
26.8666
27.2279
27.6104
28.0127
28.4326
28.8672
29.3129
29.7655
30.2202
30.673
31.1209
31.5598
31.9856
32.3951
32.7876
33.1689
33.5661
34.0879
35.1288
37.7088
43.9821
57.0336
79.6118
112.915
156.493
208.862
268.057
331.969
398.555
465.936
532.429
596.548
657.022
712.817
763.157
807.537
845.714
877.685
903.656
923.994
939.173
949.729
956.215
959.175
959.118
956.509
951.758
945.224
937.214
927.987
917.76
906.713
894.994
882.724
870.001
856.906
843.504
829.847
815.978
801.932
787.739
773.422
759.001
744.495
729.919
715.288
700.614
685.911
671.19
656.465
641.748
627.051
612.388
597.773
583.22
568.742
554.354
540.072
525.91
511.883
498.007
484.295
470.762
457.422
444.288
431.372
418.686
406.241
394.045
382.107
370.435
359.035
347.911
337.068
326.507
316.232
306.241
296.536
287.114
277.973
269.112
260.525
252.21
244.162
236.376
228.846
221.567
214.533
207.737
201.175
194.839
188.723
182.821
177.126
171.632
166.332
161.22
156.29
151.536
146.952
142.531
138.268
134.158
130.194
126.372
122.686
119.13
115.701
112.394
109.202
106.123
103.151
100.283
97.5145
94.8411
92.2591
89.7649
87.3549
85.0256
82.7736
80.5957
78.4887
76.4495
74.4752
72.5629
70.7097
68.9128
67.1695
65.4772
63.8332
62.2349
60.6798
59.1652
57.6888
56.248
54.8408
53.4651
52.1193
50.8026
49.5149
48.2578
47.0355
45.8578
19.5455
19.5962
19.6473
19.6997
19.754
19.8109
19.871
19.9349
20.0034
20.0769
20.156
20.2411
20.3328
20.4314
20.5373
20.6509
20.7723
20.9019
21.0397
21.1857
21.3397
21.5012
21.6695
21.8437
22.0227
22.2049
22.3891
22.5736
22.7573
22.9395
23.1214
23.3099
23.5298
23.8608
24.5494
26.2895
30.6149
40.0239
57.2186
83.9344
120.391
165.578
217.848
275.348
336.254
398.86
461.625
523.185
582.355
638.137
689.724
736.513
778.105
814.3
845.078
870.583
891.083
906.938
918.57
926.422
930.944
932.566
931.689
928.679
923.859
917.511
909.881
901.175
891.57
881.212
870.222
858.702
846.735
834.389
821.72
808.775
795.592
782.203
768.635
754.911
741.05
727.072
712.992
698.826
684.587
670.291
655.952
641.583
627.199
612.816
598.448
584.11
569.82
555.592
541.443
527.391
513.45
499.638
485.971
472.465
459.134
445.993
433.056
420.336
407.845
395.594
383.592
371.847
360.368
349.16
338.228
327.576
317.205
307.119
297.316
287.797
278.56
269.602
260.922
252.515
244.377
236.503
228.889
221.529
214.417
207.547
200.914
194.51
188.33
182.368
176.615
171.067
165.717
160.558
155.584
150.788
146.166
141.709
137.414
133.273
129.282
125.434
121.724
118.148
114.7
111.374
108.167
105.074
102.09
99.2107
96.4321
93.7502
91.1609
88.6605
86.2453
83.9118
81.6565
79.4761
77.3674
75.3272
73.3526
71.4405
69.5881
67.7925
66.051
64.3608
62.7192
61.1236
59.5713
58.0597
56.5861
55.1482
53.7435
52.37
51.026
49.7106
48.4241
47.1683
45.9481
44.7745
17.4865
17.5068
17.5273
17.5482
17.5698
17.5923
17.6161
17.6416
17.6689
17.6985
17.7306
17.7655
17.8034
17.8445
17.8891
17.9372
17.9891
18.0448
18.1045
18.1681
18.2356
18.3069
18.3817
18.4597
18.5405
18.6234
18.7079
18.7933
18.8795
18.9673
19.0611
19.1765
19.3619
19.7632
20.7875
23.4194
29.5169
41.5698
61.7569
91.0645
129.148
174.759
226.243
281.878
340.027
399.203
458.09
515.544
570.592
622.426
670.409
714.068
753.095
787.337
816.783
841.546
861.838
877.948
890.213
898.998
904.675
907.608
908.142
906.595
903.255
898.378
892.188
884.879
876.616
867.542
857.774
847.412
836.54
825.227
813.531
801.5
789.173
776.586
763.767
750.74
737.529
724.153
710.63
696.977
683.21
669.346
655.399
641.387
627.325
613.229
599.116
585.004
570.909
556.85
542.844
528.91
515.064
501.326
487.712
474.24
460.926
447.786
434.835
422.088
409.558
397.256
385.194
373.381
361.826
350.536
339.516
328.773
318.308
308.124
298.223
288.604
279.268
270.211
261.433
252.929
244.697
236.731
229.027
221.58
214.384
207.434
200.724
194.247
187.996
181.967
176.151
170.544
165.137
159.925
154.901
150.059
145.393
140.896
136.563
132.387
128.363
124.486
120.749
117.147
113.676
110.329
107.103
103.993
100.993
98.1
95.3091
92.6162
90.0173
87.5086
85.0863
82.7468
80.4865
78.3022
76.1904
74.1481
72.1721
70.2593
68.407
66.6121
64.8719
63.1836
61.5443
59.9515
58.4023
56.894
55.4241
53.9899
52.5889
51.219
49.8784
48.5664
47.2834
46.0318
44.8175
43.6524
16.1362
16.1422
16.1471
16.1513
16.1554
16.1595
16.1639
16.1689
16.1746
16.1812
16.189
16.1979
16.2083
16.2201
16.2336
16.2488
16.2658
16.2846
16.3054
16.3281
16.3527
16.3792
16.4076
16.4375
16.469
16.5016
16.5352
16.5697
16.6054
16.6445
16.6944
16.7782
16.9651
17.4512
18.7482
21.9876
29.0965
42.3961
63.6884
93.5892
131.545
176.26
226.137
279.554
335.003
391.135
446.78
500.937
552.77
601.599
646.896
688.274
725.482
758.399
787.014
811.419
831.783
848.339
861.364
871.158
878.035
882.302
884.259
884.183
882.331
878.933
874.196
868.298
861.397
853.628
845.105
835.926
826.174
815.919
805.219
794.125
782.677
770.913
758.863
746.555
734.011
721.254
708.303
695.179
681.897
668.477
654.936
641.292
627.561
613.763
599.916
586.037
572.147
558.264
544.408
530.599
516.855
503.195
489.64
476.207
462.914
449.778
436.817
424.044
411.476
399.125
387.003
375.121
363.489
352.115
341.006
330.167
319.604
309.319
299.314
289.59
280.148
270.986
262.103
253.496
245.161
237.095
229.294
221.752
214.465
207.426
200.63
194.072
187.743
181.639
175.753
170.078
164.608
159.336
154.255
149.36
144.644
140.101
135.724
131.508
127.447
123.535
119.766
116.134
112.636
109.265
106.016
102.885
99.8665
96.9566
94.1506
91.4443
88.8335
86.3144
83.8831
81.5358
79.2691
77.0794
74.9634
72.9179
70.9397
69.0257
67.1729
65.3784
63.6394
61.953
60.3164
58.7268
57.1814
55.6776
54.2125
52.7835
51.3881
50.024
48.6896
47.384
46.1082
44.8653
43.6624
42.5124
15.0561
15.0547
15.0513
15.0465
15.0406
15.034
15.0269
15.0197
15.0124
15.0053
14.9984
14.9919
14.9858
14.9803
14.9755
14.9713
14.9678
14.9652
14.9634
14.9623
14.9622
14.9628
14.9643
14.9664
14.9692
14.9726
14.9766
14.9813
14.9877
14.9991
15.0257
15.0971
15.298
15.8585
17.3435
20.9179
28.4288
41.9645
63.055
92.1522
128.682
171.421
218.876
269.534
321.994
375.014
427.527
478.638
527.607
573.845
616.896
656.433
692.245
724.223
752.355
776.707
797.411
814.653
828.654
839.66
847.926
853.714
857.277
858.854
858.671
856.933
853.826
849.516
844.148
837.849
830.731
822.888
814.402
805.343
795.77
785.735
775.281
764.447
753.265
741.765
729.972
717.911
705.605
693.073
680.336
667.415
654.328
641.095
627.737
614.272
600.721
587.105
573.445
559.761
546.074
532.406
518.778
505.21
491.723
478.338
465.072
451.946
438.977
426.182
413.577
401.176
388.993
377.04
365.328
353.866
342.663
331.725
321.057
310.664
300.549
290.713
281.158
271.883
262.887
254.168
245.724
237.55
229.644
222
214.614
207.479
200.592
193.945
187.532
181.348
175.385
169.638
164.099
158.763
153.622
148.67
143.901
139.308
134.886
130.627
126.526
122.577
118.775
115.113
111.586
108.19
104.918
101.766
98.7292
95.8027
92.9821
90.2631
87.6413
85.1128
82.6736
80.32
78.0482
75.8548
73.7363
71.6894
69.7109
67.7977
65.9467
64.155
62.4196
60.7377
59.1065
57.523
55.9847
54.4886
53.032
51.6121
50.2266
48.873
47.5498
46.2564
44.9941
43.7673
42.5843
41.4588
14.2246
14.2157
14.2056
14.1941
14.1815
14.1679
14.1536
14.1386
14.1232
14.1075
14.0915
14.0755
14.0594
14.0434
14.0275
14.0117
13.996
13.9806
13.9655
13.9506
13.9359
13.9215
13.9073
13.8934
13.8796
13.8661
13.8528
13.8404
13.83
13.8258
13.8397
13.9056
14.1163
14.7145
16.2675
19.8843
27.2445
40.194
60.0805
87.3249
121.451
161.386
205.781
253.246
302.478
352.321
401.786
450.045
496.425
540.394
581.544
619.583
654.319
685.652
713.556
738.077
759.312
777.403
792.524
804.872
814.655
822.087
827.38
830.738
832.356
832.413
831.075
828.492
824.797
820.109
814.532
808.158
801.068
793.328
785.001
776.138
766.784
756.979
746.758
736.154
725.194
713.905
702.312
690.438
678.306
665.937
653.354
640.579
627.633
614.54
601.32
587.998
574.595
561.134
547.64
534.134
520.64
507.179
493.776
480.45
467.224
454.117
441.149
428.338
415.702
403.256
391.016
378.995
367.205
355.657
344.36
333.322
322.549
312.047
301.82
291.871
282.2
272.809
263.698
254.864
246.307
238.022
230.007
222.258
214.769
207.537
200.554
193.816
187.317
181.05
175.009
169.188
163.579
158.177
152.975
147.966
143.143
138.5
134.032
129.731
125.591
121.606
117.771
114.08
110.526
107.106
103.813
100.642
97.5882
94.6472
91.8142
89.0846
86.4542
83.9187
81.4742
79.1167
76.8426
74.6482
72.53
70.4846
68.5088
66.5994
64.7533
62.9674
61.239
59.565
57.9426
56.369
54.8414
53.3571
51.9132
50.5072
49.1364
47.7988
46.4927
45.2179
43.9765
42.7743
41.6215
40.5313
13.6362
13.6174
13.5982
13.5786
13.5585
13.5378
13.5166
13.4949
13.4729
13.4505
13.4278
13.4049
13.3819
13.3586
13.3353
13.3119
13.2885
13.265
13.2415
13.218
13.1945
13.171
13.1475
13.124
13.1004
13.0769
13.0536
13.031
13.0107
12.997
13.0023
13.061
13.2649
13.8465
15.3305
18.7086
25.4517
37.1801
55.1264
79.762
110.776
147.295
188.146
232.076
277.882
324.481
370.941
416.482
460.471
502.408
541.91
578.702
612.599
643.495
671.353
696.193
718.081
737.122
753.448
767.212
778.581
787.727
794.823
800.041
803.545
805.489
806.018
805.264
803.348
800.38
796.455
791.661
786.074
779.761
772.783
765.19
757.031
748.346
739.173
729.545
719.493
709.047
698.233
687.077
675.605
663.841
651.81
639.537
627.045
614.36
601.505
588.507
575.39
562.18
548.901
535.579
522.239
508.905
495.601
482.351
469.177
456.102
443.147
430.332
417.675
405.194
392.905
380.824
368.963
357.335
345.95
334.817
323.944
313.338
303.002
292.942
283.159
273.655
264.43
255.484
246.815
238.422
230.3
222.447
214.858
207.528
200.453
193.626
187.042
180.694
174.577
168.684
163.008
157.543
152.281
147.218
142.344
137.655
133.144
128.803
124.628
120.611
116.747
113.03
109.453
106.013
102.702
99.5157
96.4494
93.4978
90.6563
87.9202
85.285
82.7466
80.3007
77.9434
75.6709
73.4795
71.3656
69.3257
67.3566
65.455
63.6178
61.8419
60.1244
58.4624
56.8531
55.2937
53.7813
52.3134
50.8871
49.5
48.1496
46.834
45.5517
44.303
43.0908
41.9234
40.8122
39.7684
13.2647
13.2361
13.2076
13.1791
13.1505
13.122
13.0933
13.0645
13.0357
13.0067
12.9777
12.9485
12.9193
12.8901
12.8607
12.8314
12.8019
12.7724
12.7429
12.7133
12.6837
12.654
12.6242
12.5944
12.5645
12.5345
12.5047
12.4755
12.4485
12.4276
12.4243
12.4692
12.6437
13.1489
14.4325
17.3334
23.1028
33.1616
48.6732
70.2024
97.637
130.326
167.295
207.439
249.66
292.947
336.415
379.315
421.037
461.096
499.118
534.829
568.04
598.635
626.557
651.802
674.407
694.443
712.006
727.211
740.185
751.065
759.99
767.099
772.527
776.405
778.856
779.995
779.93
778.756
776.563
773.43
769.43
764.627
759.08
752.84
745.954
738.464
730.41
721.827
712.748
703.204
693.226
682.841
672.078
660.964
649.527
637.793
625.79
613.546
601.087
588.441
575.635
562.698
549.657
536.54
523.372
510.182
496.994
483.836
470.73
457.702
444.774
431.967
419.302
406.799
394.474
382.344
370.423
358.726
347.264
336.047
325.083
314.381
303.947
293.784
283.897
274.288
264.958
255.908
247.136
238.641
230.42
222.471
214.788
207.369
200.208
193.299
186.637
180.216
174.03
168.073
162.336
156.815
151.502
146.391
141.474
136.745
132.198
127.826
123.621
119.579
115.693
111.956
108.363
104.909
101.587
98.3919
95.319
92.363
89.5189
86.7822
84.1481
81.6124
79.1708
76.8192
74.5537
72.3706
70.2662
68.2369
66.2795
64.3907
62.5673
60.8062
59.1045
57.4594
55.868
54.3276
52.8355
51.389
49.9858
48.6233
47.2995
46.0125
44.7615
43.5472
42.374
41.2531
40.1953
39.2055
13.061
13.0249
12.9889
12.9531
12.9175
12.8819
12.8465
12.8112
12.776
12.7409
12.7059
12.671
12.6361
12.6013
12.5666
12.5319
12.4972
12.4626
12.428
12.3934
12.3588
12.3241
12.2895
12.2547
12.2199
12.1851
12.1504
12.1163
12.0838
12.0564
12.0428
12.0672
12.1924
12.5736
13.5592
15.8171
20.383
28.5037
41.3012
59.4514
83.0511
111.681
144.572
180.778
219.311
259.232
299.7
339.992
379.511
417.775
454.409
489.131
521.738
552.098
580.133
605.814
629.149
650.177
668.963
685.586
700.141
712.731
723.465
732.45
739.797
745.613
749.999
753.053
754.866
755.524
755.104
753.681
751.318
748.079
744.016
739.182
733.623
727.38
720.495
713.005
704.943
696.344
687.24
677.663
667.643
657.209
646.394
635.226
623.736
611.953
599.909
587.633
575.157
562.509
549.721
536.821
523.84
510.807
497.75
484.696
471.672
458.703
445.816
433.031
420.373
407.86
395.513
383.349
371.383
359.632
348.107
336.82
325.781
314.998
304.479
294.229
284.253
274.554
265.134
255.994
247.133
238.551
230.245
222.214
214.453
206.958
199.725
192.749
186.023
179.543
173.301
167.292
161.509
155.945
150.593
145.446
140.498
135.741
131.17
126.776
122.554
118.498
114.599
110.854
107.255
103.796
100.472
97.2774
94.2067
91.2548
88.4165
85.6871
83.0619
80.5364
78.1064
75.7675
73.5159
71.3477
69.2591
67.2468
65.3071
63.4369
61.633
59.8924
58.212
56.5892
55.021
53.505
52.0385
50.6192
49.2447
47.9129
46.6221
45.3712
44.1599
42.9896
41.8673
40.8056
39.8052
38.8689
12.9662
12.9257
12.8852
12.8448
12.8045
12.7643
12.7242
12.6843
12.6444
12.6047
12.5652
12.5257
12.4864
12.4472
12.4081
12.3691
12.3301
12.2913
12.2524
12.2137
12.175
12.1363
12.0975
12.0588
12.0201
11.9813
11.9427
11.9044
11.8673
11.8337
11.8094
11.8108
11.8798
12.1212
12.777
14.3373
17.6229
23.7183
33.7168
48.4109
68.1062
92.6152
121.374
153.596
188.409
224.947
262.415
300.114
337.456
373.959
409.239
443.002
475.027
505.163
533.307
559.406
583.438
605.416
625.371
643.353
659.427
673.665
686.147
696.955
706.174
713.886
720.175
725.12
728.797
731.278
732.631
732.92
732.204
730.538
727.975
724.562
720.344
715.365
709.664
703.279
696.248
688.605
680.385
671.623
662.351
652.603
642.412
631.812
620.835
609.515
597.886
585.98
573.832
561.473
548.938
536.258
523.466
510.593
497.67
484.726
471.79
458.89
446.052
433.3
420.659
408.151
395.795
383.612
371.618
359.828
348.258
336.92
325.824
314.981
304.397
294.081
284.037
274.27
264.781
255.573
246.647
238
229.633
221.543
213.726
206.178
198.896
191.874
185.107
178.589
172.313
166.274
160.464
154.877
149.505
144.342
139.381
134.615
130.036
125.638
121.415
117.359
113.464
109.724
106.132
102.682
99.3692
96.1871
93.1304
90.1938
87.3721
84.6604
82.0539
79.5481
77.1385
74.821
72.5915
70.446
68.3809
66.3926
64.4776
62.6326
60.8546
59.1405
57.4874
55.8926
54.3534
52.8673
51.432
50.0453
48.7053
47.4103
46.1593
44.9519
43.7894
42.6743
41.6107
40.6043
39.6581
38.7742
12.9291
12.8865
12.8439
12.8013
12.7587
12.7162
12.6737
12.6313
12.589
12.5467
12.5045
12.4623
12.4203
12.3783
12.3363
12.2945
12.2527
12.2109
12.1692
12.1276
12.0859
12.0443
12.0027
11.9611
11.9194
11.8778
11.8362
11.7949
11.7543
11.7157
11.6827
11.6647
11.6863
11.8096
12.1837
13.1323
15.2567
19.4589
26.7867
38.1442
54.046
74.5355
99.2529
127.57
158.727
191.935
226.444
261.582
296.769
331.523
365.452
398.248
429.674
459.555
487.766
514.227
538.892
561.743
582.784
602.037
619.537
635.329
649.466
662.005
673.007
682.534
690.649
697.412
702.886
707.129
710.197
712.145
713.025
712.887
711.778
709.743
706.826
703.068
698.51
693.19
687.147
680.418
673.041
665.051
656.486
647.382
637.775
627.703
617.201
606.306
595.056
583.487
571.635
559.537
547.229
534.746
522.123
509.393
496.591
483.746
470.892
458.055
445.266
432.549
419.931
407.434
395.08
382.89
370.881
359.071
347.474
336.104
324.974
314.093
303.471
293.115
283.032
273.225
263.698
254.454
245.493
236.815
228.42
220.303
212.464
204.898
197.6
190.566
183.789
177.265
170.987
164.948
159.141
153.56
148.197
143.045
138.097
133.346
128.784
124.405
120.203
116.169
112.297
108.581
105.015
101.592
98.3067
95.1528
92.1249
89.2177
86.4258
83.7444
81.1686
78.6936
76.3152
74.029
71.831
69.7171
67.6838
65.7273
63.8444
62.0317
60.2862
58.6048
56.9849
55.4238
53.9189
52.4679
51.0687
49.7195
48.4187
47.1654
45.9588
44.7988
43.6864
42.6237
41.6143
40.6631
39.7744
38.9495
12.9169
12.8737
12.8304
12.7871
12.7438
12.7005
12.6572
12.6138
12.5705
12.5272
12.4839
12.4407
12.3974
12.3542
12.311
12.2678
12.2247
12.1815
12.1384
12.0953
12.0521
12.009
11.9659
11.9227
11.8796
11.8364
11.7933
11.7503
11.7077
11.6662
11.6278
11.5977
11.589
11.6363
11.8246
12.3508
13.6194
16.3245
21.4078
29.8368
42.3175
59.1238
80.1002
104.775
132.498
162.555
194.243
226.919
260.017
293.059
325.649
357.468
388.264
417.844
446.062
472.814
498.029
521.661
543.689
564.105
582.919
600.147
615.818
629.964
642.623
653.835
663.645
672.096
679.234
685.105
689.754
693.228
695.569
696.824
697.033
696.241
694.488
691.816
688.266
683.877
678.689
672.743
666.078
658.734
650.751
642.169
633.029
623.371
613.235
602.662
591.693
580.367
568.727
556.81
544.656
532.303
519.79
507.151
494.423
481.64
468.833
456.035
443.273
430.577
417.971
405.48
393.128
380.934
368.918
357.098
345.49
334.108
322.966
312.074
301.442
291.079
280.991
271.183
261.658
252.42
243.469
234.804
226.426
218.331
210.517
202.978
195.712
188.712
181.973
175.488
169.251
163.255
157.493
151.958
146.642
141.538
136.639
131.937
127.425
123.097
118.944
114.96
111.138
107.471
103.954
100.58
97.3424
94.2361
91.2552
88.3942
85.648
83.0116
80.48
78.0486
75.713
73.469
71.3124
69.2394
67.2463
65.3295
63.4856
61.7117
60.0045
58.3613
56.7793
55.2562
53.7893
52.3767
51.0164
49.7066
48.4461
47.2342
46.0704
44.9554
43.8905
42.8786
41.9239
41.0324
40.2103
39.4582
12.9165
12.8734
12.8303
12.7872
12.744
12.7009
12.6577
12.6145
12.5714
12.5283
12.4851
12.442
12.3989
12.3558
12.3128
12.2697
12.2267
12.1837
12.1407
12.0978
12.0548
12.0119
11.9689
11.926
11.8831
11.8402
11.7974
11.7546
11.7122
11.6705
11.6306
11.5957
11.5739
11.5857
11.6838
11.9944
12.7947
14.6089
18.2395
24.6325
34.605
48.6094
66.6656
88.4407
113.384
140.85
170.184
200.774
232.078
263.627
295.032
325.973
356.19
385.48
413.683
440.673
466.359
490.672
513.564
535.001
554.967
573.452
590.459
605.996
620.078
632.727
643.967
653.828
662.341
669.54
675.462
680.144
683.626
685.946
687.147
687.267
686.35
684.437
681.57
677.792
673.147
667.676
661.425
654.437
646.756
638.427
629.494
620.003
609.999
599.526
588.63
577.353
565.742
553.838
541.684
529.321
516.79
504.129
491.375
478.563
465.727
452.899
440.108
427.383
414.75
402.234
389.858
377.643
365.609
353.775
342.159
330.774
319.635
308.754
298.141
287.805
277.751
267.985
258.511
249.33
240.443
231.85
223.548
215.534
207.805
200.356
193.181
186.275
179.632
173.244
167.104
161.205
155.54
150.101
144.88
139.87
135.064
130.453
126.03
121.787
117.719
113.818
110.076
106.488
103.046
99.7454
96.5793
93.542
90.628
87.8318
85.1484
82.5727
80.0999
77.7255
75.4451
73.2545
71.1498
69.127
67.1825
65.313
63.5151
61.7858
60.1221
58.5214
56.981
55.4988
54.0724
52.7
51.3799
50.1109
48.892
47.7229
46.6038
45.5362
44.5222
43.5661
42.674
41.8545
41.1177
40.4656
12.9301
12.8882
12.8464
12.8046
12.7629
12.7213
12.6797
12.6381
12.5967
12.5553
12.514
12.4727
12.4316
12.3905
12.3495
12.3086
12.2678
12.227
12.1863
12.1457
12.1051
12.0647
12.0242
11.9839
11.9436
11.9034
11.8633
11.8233
11.7835
11.7444
11.7066
11.6725
11.6476
11.6469
11.7077
11.9222
12.4991
13.8553
16.6778
21.8525
30.2322
42.3786
58.4415
78.2004
101.189
126.82
154.483
183.598
213.642
244.166
274.79
305.197
335.13
364.378
392.77
420.166
446.454
471.542
495.355
517.834
538.932
558.614
576.855
593.64
608.962
622.824
635.234
646.208
655.767
663.938
670.75
676.239
680.441
683.396
685.145
685.731
685.2
683.596
680.968
677.362
672.826
667.41
661.163
654.133
646.372
637.929
628.855
619.199
609.011
598.341
587.238
575.751
563.926
551.811
539.451
526.891
514.171
501.332
488.412
475.446
462.469
449.51
436.599
423.764
411.031
398.424
385.967
373.682
361.59
349.71
338.062
326.66
315.52
304.654
294.072
283.781
273.789
264.099
254.714
245.634
236.859
228.385
220.211
212.331
204.741
197.434
190.404
183.644
177.147
170.904
164.909
159.153
153.629
148.327
143.241
138.362
133.683
129.195
124.892
120.766
116.81
113.016
109.379
105.891
102.545
99.3373
96.2601
93.3082
90.4762
87.7587
85.1508
82.6476
80.2446
77.9372
75.7213
73.5928
71.548
69.583
67.6944
65.8789
64.1334
62.455
60.8407
59.2881
57.7948
56.3587
54.9777
53.6502
52.3749
51.151
49.9779
48.856
47.7866
46.7719
45.8161
44.9258
44.1105
43.3846
42.7666
42.2656
12.9797
12.9414
12.9033
12.8654
12.8276
12.7901
12.7527
12.7155
12.6784
12.6415
12.6048
12.5683
12.5319
12.4957
12.4596
12.4237
12.3879
12.3522
12.3166
12.2812
12.2458
12.2106
12.1755
12.1404
12.1054
12.0705
12.0357
12.001
11.9666
11.9326
11.8996
11.8694
11.8461
11.8407
11.8813
12.037
12.4685
13.5099
15.7465
19.9936
27.1136
37.7576
52.1989
70.3306
91.7713
115.992
142.419
170.496
199.719
229.65
259.918
290.21
320.268
349.875
378.849
407.034
434.291
460.502
485.558
509.367
531.845
552.924
572.55
590.679
607.282
622.343
635.857
647.828
658.272
667.211
674.675
680.701
685.327
688.598
690.563
691.27
690.772
689.122
686.375
682.587
677.812
672.109
665.533
658.142
649.992
641.14
631.642
621.554
610.931
599.828
588.297
576.392
564.164
551.662
538.934
526.027
512.983
499.844
486.645
473.422
460.206
447.025
433.907
420.878
407.964
395.19
382.581
370.16
357.952
345.976
334.255
322.804
311.64
300.774
290.217
279.974
270.052
260.45
251.171
242.211
233.569
225.239
217.216
209.494
202.066
194.924
188.06
181.467
175.135
169.056
163.222
157.625
152.254
147.104
142.164
137.427
132.886
128.531
124.356
120.354
116.516
112.837
109.31
105.927
102.683
99.5724
96.5887
93.7265
90.9806
88.3458
85.8174
83.3906
81.0611
78.8245
76.6767
74.614
72.6325
70.7288
68.8995
67.1415
65.4517
63.8273
62.2657
60.7644
59.3213
57.9343
56.6017
55.3221
54.0946
52.9186
51.7944
50.723
49.7066
48.7494
47.8577
47.0415
46.3163
45.7054
45.2424
44.9554
13.1216
13.0912
13.061
13.0312
13.0015
12.9722
12.943
12.9141
12.8854
12.8568
12.8285
12.8002
12.7722
12.7442
12.7163
12.6886
12.6609
12.6333
12.6058
12.5782
12.5508
12.5233
12.4959
12.4684
12.441
12.4136
12.3861
12.3587
12.3314
12.3043
12.278
12.2534
12.2337
12.2265
12.2512
12.357
12.6602
13.4146
15.0971
18.4358
24.2882
33.3983
46.1853
62.6841
82.6187
105.527
130.872
158.12
186.777
216.413
246.661
277.213
307.81
338.228
368.272
397.762
426.528
454.408
481.249
506.905
531.247
554.159
575.546
595.331
613.459
629.894
644.617
657.628
668.939
678.576
686.573
692.975
697.831
701.196
703.13
703.695
702.955
700.974
697.821
693.56
688.26
681.986
674.806
666.785
657.987
648.478
638.321
627.576
616.307
604.57
592.426
579.929
567.135
554.095
540.861
527.479
513.994
500.443
486.863
473.28
459.724
446.217
432.787
419.457
406.256
393.211
380.351
367.704
355.297
343.157
331.304
319.758
308.534
297.645
287.096
276.893
267.036
257.526
248.357
239.525
231.025
222.847
214.985
207.43
200.172
193.202
186.51
180.089
173.927
168.015
162.345
156.908
151.694
146.696
141.903
137.31
132.906
128.686
124.64
120.762
117.044
113.481
110.064
106.789
103.648
100.637
97.7487
94.9788
92.3218
89.7729
87.3273
84.9806
82.7284
80.5667
78.4916
76.4992
74.586
72.7487
70.984
69.2888
67.6604
66.0959
64.593
63.1493
61.7627
60.4315
59.1542
57.9297
56.7573
55.637
54.5697
53.5574
52.6038
51.7147
50.9
50.1744
49.5619
49.1003
48.8487
48.8777
13.4586
13.4412
13.424
13.4068
13.3898
13.3728
13.3559
13.339
13.3221
13.3051
13.2881
13.271
13.2539
13.2366
13.2192
13.2017
13.184
13.1662
13.1483
13.1301
13.1119
13.0935
13.0749
13.0562
13.0373
13.0183
12.9992
12.98
12.9608
12.9416
12.9229
12.9052
12.8905
12.8834
12.8962
12.9595
13.1491
13.6392
14.787
17.2031
21.7074
29.1287
40.0578
54.7139
72.9659
94.444
118.661
145.105
173.294
202.802
233.267
264.386
295.906
327.603
359.267
390.689
421.653
451.934
481.304
509.544
536.448
561.833
585.549
607.474
627.521
645.634
661.784
675.969
688.206
698.532
706.995
713.656
718.582
721.847
723.53
723.712
722.473
719.897
716.065
711.06
704.963
697.852
689.806
680.901
671.211
660.811
649.769
638.156
626.037
613.478
600.541
587.285
573.768
560.044
546.166
532.182
518.135
504.058
489.978
475.913
461.882
447.905
434.007
420.219
406.573
393.106
379.855
366.857
354.144
341.747
329.69
317.992
306.667
295.722
285.162
274.986
265.189
255.765
246.706
238.003
229.645
221.62
213.918
206.528
199.438
192.637
186.114
179.859
173.861
168.112
162.6
157.317
152.254
147.402
142.752
138.297
134.028
129.937
126.018
122.262
118.663
115.214
111.908
108.74
105.703
102.793
100.003
97.328
94.7634
92.3045
89.9465
87.6852
85.5164
83.4361
81.4406
79.5262
77.6895
75.9272
74.2362
72.6135
71.0566
69.5627
68.1295
66.7549
65.4371
64.1743
62.9655
61.8097
60.7069
59.6575
58.6632
57.7272
56.8548
56.0545
55.3401
54.7335
54.2703
54.0109
54.0564
54.5644
14.135
14.1339
14.1323
14.1304
14.1281
14.1253
14.1221
14.1184
14.1143
14.1097
14.1047
14.0993
14.0934
14.0871
14.0804
14.0733
14.0658
14.0579
14.0498
14.0413
14.0327
14.0237
14.0146
14.0054
13.996
13.9866
13.9772
13.9678
13.9586
13.9496
13.941
13.9332
13.9272
13.9256
13.9347
13.9712
14.0776
14.3577
15.0465
16.6029
19.7495
25.3561
34.1895
46.6988
62.9551
82.7267
105.604
131.112
158.781
188.194
218.999
250.91
283.693
317.142
351.046
385.163
419.209
452.862
485.777
517.612
548.046
576.795
603.628
628.365
650.88
671.098
688.984
704.543
717.81
728.842
737.716
744.518
749.348
752.307
753.502
753.04
751.028
747.569
742.769
736.727
729.542
721.307
712.116
702.056
691.213
679.668
667.502
654.79
641.605
628.016
614.089
599.888
585.473
570.9
556.223
541.489
526.737
511.99
497.251
482.517
467.796
453.11
438.494
423.993
409.66
395.548
381.709
368.192
355.035
342.273
329.928
318.016
306.545
295.516
284.925
274.762
265.016
255.674
246.721
238.141
229.919
222.04
214.49
207.256
200.323
193.679
187.312
181.211
175.365
169.763
164.397
159.258
154.335
149.62
145.104
140.78
136.639
132.673
128.875
125.238
121.755
118.419
115.225
112.166
109.235
106.429
103.742
101.168
98.7024
96.3412
94.0797
91.9138
89.8392
87.8523
85.9493
84.1267
82.3812
80.7096
79.109
77.5766
76.1096
74.7057
73.3627
72.0786
70.8517
69.6807
68.5646
67.5031
66.4965
65.546
64.6543
63.826
63.0683
62.3933
61.8198
61.379
61.1231
61.1455
61.6147
62.8577
15.3178
15.3319
15.3449
15.357
15.3681
15.3782
15.3876
15.396
15.4038
15.4108
15.4171
15.4229
15.4281
15.4328
15.4372
15.4412
15.445
15.4486
15.4522
15.4557
15.4594
15.4632
15.4673
15.4718
15.4768
15.4823
15.4886
15.4955
15.5034
15.5123
15.5223
15.5337
15.547
15.5633
15.5854
15.6208
15.6889
15.8412
16.2057
17.0723
18.9924
22.7841
29.3489
39.3951
53.2647
70.934
92.1215
116.415
143.374
172.593
203.739
236.563
270.89
306.577
343.45
381.242
419.569
457.952
495.852
532.725
568.067
601.441
632.497
660.978
686.714
709.611
729.643
746.838
761.263
773.019
782.227
789.019
793.539
795.932
796.343
794.917
791.792
787.103
780.981
773.549
764.925
755.223
744.549
733.007
720.693
707.699
694.115
680.022
665.5
650.622
635.461
620.08
604.543
588.907
573.225
557.544
541.894
526.269
510.616
494.888
479.088
463.265
447.495
431.866
416.467
401.383
386.685
372.432
358.666
345.416
332.697
320.512
308.857
297.719
287.081
276.921
267.218
257.948
249.09
240.622
232.522
224.774
217.359
210.26
203.464
196.956
190.724
184.756
179.041
173.569
168.331
163.318
158.521
153.931
149.539
145.336
141.316
137.47
133.79
130.271
126.904
123.683
120.603
117.658
114.842
112.149
109.574
107.113
104.762
102.514
100.367
98.3154
96.3561
94.4852
92.6991
90.9944
89.3679
87.8164
86.3372
84.9275
83.5848
82.3068
81.0915
79.937
78.842
77.8054
76.8266
75.9056
75.0436
74.2425
73.5062
72.8411
72.2571
71.7702
71.4059
71.2068
71.2471
71.667
72.7378
75.1039
17.2179
17.2453
17.2715
17.2966
17.3208
17.3441
17.3666
17.3886
17.4101
17.4312
17.4521
17.473
17.494
17.5152
17.5368
17.559
17.5819
17.6057
17.6306
17.6567
17.6842
17.7133
17.7442
17.7771
17.8122
17.8496
17.8895
17.9322
17.9778
18.0266
18.0787
18.1344
18.1938
18.2575
18.3265
18.4031
18.4943
18.619
18.8301
19.2665
20.2548
22.4245
26.6907
34.008
45.0633
60.1387
79.16
101.829
127.753
156.549
187.911
221.656
257.737
296.182
336.956
379.802
424.186
469.358
514.446
558.564
600.903
640.785
677.692
711.263
741.278
767.643
790.361
809.513
825.235
837.696
847.094
853.633
857.523
858.971
858.18
855.341
850.637
844.241
836.315
827.012
816.475
804.837
792.223
778.752
764.533
749.671
734.261
718.395
702.157
685.626
668.878
651.979
634.994
617.981
600.994
584.074
567.234
550.403
533.37
516.002
498.35
480.576
462.87
445.414
428.361
411.831
395.911
380.655
366.092
352.228
339.055
326.55
314.683
303.42
292.723
282.555
272.882
263.669
254.886
246.505
238.502
230.854
223.541
216.546
209.853
203.447
197.316
191.449
185.835
180.466
175.333
170.427
165.739
161.259
156.98
152.892
148.987
145.258
141.697
138.298
135.053
131.957
129.003
126.186
123.501
120.942
118.504
116.183
113.973
111.871
109.873
107.974
106.171
104.459
102.836
101.299
99.8431
98.4666
97.1664
95.9399
94.7848
93.6988
92.68
91.7269
90.8383
90.0134
89.252
88.5548
87.9234
87.3609
86.8725
86.4666
86.1562
85.9617
85.9163
86.0763
86.5419
87.5142
89.4105
93.4519
20.2464
20.2917
20.3368
20.3818
20.427
20.4726
20.5188
20.566
20.6144
20.6642
20.7159
20.7696
20.8257
20.8845
20.9463
21.0115
21.0804
21.1534
21.2307
21.3129
21.4001
21.4929
21.5917
21.6967
21.8086
21.9276
22.0542
22.1888
22.332
22.484
22.6454
22.8164
22.9975
23.189
23.3912
23.6044
23.8299
24.0713
24.3411
24.6793
25.2064
26.2395
28.4477
32.8641
40.589
52.3943
68.5705
89.0195
113.432
141.443
172.769
207.318
245.285
287.111
333.174
383.315
436.747
492.213
548.236
603.315
656.108
705.557
750.895
791.628
827.502
858.457
884.582
906.069
923.179
936.212
945.485
951.32
954.027
953.903
951.229
946.263
939.246
930.397
919.921
908.004
894.817
880.519
865.255
849.16
832.359
814.966
797.088
778.823
760.264
741.493
722.588
703.62
684.654
665.748
646.954
628.308
609.795
591.186
571.792
551.356
530.191
508.82
487.716
467.23
447.59
428.929
411.306
394.729
379.17
364.577
350.886
338.029
325.933
314.532
303.762
293.567
283.895
274.703
265.953
257.612
249.652
242.048
234.781
227.833
221.186
214.828
208.746
202.931
197.375
192.072
187.014
182.191
177.593
173.211
169.036
165.057
161.269
157.662
154.229
150.965
147.861
144.913
142.115
139.46
136.945
134.563
132.309
130.181
128.172
126.278
124.497
122.823
121.253
119.784
118.411
117.133
115.945
114.845
113.83
112.898
112.046
111.272
110.574
109.951
109.401
108.925
108.521
108.192
107.939
107.766
107.679
107.689
107.811
108.069
108.505
109.186
110.24
111.936
114.869
121.297
25.4394
25.5291
25.6226
25.7201
25.8223
25.9295
26.0423
26.1614
26.2874
26.421
26.5627
26.7133
26.8735
27.044
27.2256
27.4191
27.6253
27.845
28.0791
28.3285
28.5942
28.8771
29.1783
29.4988
29.8397
30.2021
30.5871
30.9959
31.4297
31.8897
32.377
32.8926
33.4377
34.013
34.619
35.2558
35.9229
36.6185
37.3398
38.0842
38.8576
39.7105
40.846
42.8291
46.7537
54.0413
65.8627
82.7298
104.585
131.076
161.859
196.902
236.805
282.976
336.974
398.91
467.415
540.15
614.456
687.61
757.298
821.841
880.123
931.509
975.77
1012.99
1043.47
1067.65
1086.03
1099.15
1107.53
1111.7
1112.1
1109.19
1103.34
1094.92
1084.24
1071.58
1057.19
1041.31
1024.13
1005.86
986.647
966.657
946.027
924.886
903.35
881.527
859.515
837.403
815.271
793.194
771.235
749.453
727.896
706.594
685.489
664.004
639.708
612.534
583.905
555.353
527.942
502.245
478.485
456.675
436.714
418.444
401.686
386.265
372.013
358.782
346.439
334.872
323.987
313.706
303.964
294.708
285.896
277.493
269.471
261.806
254.479
247.473
240.774
234.369
228.247
222.404
216.841
211.553
206.531
201.762
197.235
192.939
188.864
185.001
181.341
177.878
174.603
171.511
168.595
165.849
163.268
160.847
158.58
156.463
154.491
152.659
150.964
149.4
147.964
146.653
145.462
144.388
143.427
142.576
141.832
141.192
140.653
140.212
139.866
139.613
139.451
139.378
139.392
139.493
139.678
139.95
140.31
140.76
141.307
141.961
142.737
143.66
144.774
146.152
147.934
150.443
154.426
164.012
36.2291
36.4873
36.7629
37.0568
37.3706
37.7059
38.0642
38.4473
38.8568
39.2946
39.7624
40.2622
40.7959
41.3656
41.9734
42.6216
43.3125
44.0486
44.8323
45.6662
46.5532
47.496
48.4976
49.561
50.6893
51.8856
53.1531
54.4952
55.9151
57.4159
59.0007
60.6726
62.4342
64.2877
66.2348
68.2762
70.4114
72.6376
74.9487
77.3323
79.7647
82.2023
84.5788
86.8457
89.1436
92.1632
97.4059
106.835
122.097
143.65
171.256
204.928
246.002
298.436
367.631
453.663
552.992
660.285
770.366
877.75
978.218
1069.25
1149.34
1217.82
1274.76
1320.72
1356.55
1383.26
1401.86
1413.37
1418.69
1418.66
1414.02
1405.41
1393.39
1378.44
1361
1341.43
1320.04
1297.12
1272.93
1247.68
1221.57
1194.77
1167.46
1139.77
1111.83
1083.76
1055.67
1027.65
999.795
972.174
944.857
917.898
891.34
865.196
839.349
812.397
773.894
728.263
681.319
636.959
597.007
561.909
531.382
504.855
481.686
461.28
443.122
426.784
411.925
398.269
385.604
373.765
362.624
352.084
342.075
332.54
323.439
314.741
306.423
298.466
290.854
283.574
276.617
269.972
263.631
257.602
251.915
246.557
241.509
236.752
232.27
228.05
224.08
220.351
216.855
213.584
210.531
207.691
205.057
202.623
200.385
198.336
196.472
194.788
193.279
191.941
190.769
189.758
188.904
188.203
187.651
187.244
186.977
186.847
186.85
186.981
187.237
187.613
188.105
188.71
189.424
190.242
191.162
192.178
193.289
194.491
195.781
197.16
198.628
200.189
201.849
203.625
205.545
207.666
210.096
213.149
217.484
230.639
68.4188
69.4069
70.4723
71.6185
72.8513
74.1751
75.5944
77.1134
78.7368
80.4694
82.3164
84.2829
86.3743
88.5965
90.9552
93.4566
96.1067
98.912
101.879
105.014
108.324
111.816
115.495
119.37
123.445
127.728
132.223
136.938
141.876
147.042
152.441
158.075
163.946
170.056
176.405
182.992
189.815
196.869
204.149
211.647
219.349
227.23
235.238
243.268
251.121
258.528
265.296
271.451
277.386
284.829
296.656
317.192
352.676
416.707
535.064
698.366
889.795
1092.26
1294.24
1482.77
1650.48
1795.76
1917.41
2015.62
2091.98
2148.76
2188.5
2213.66
2226.51
2229.06
2223.01
2209.82
2190.71
2166.69
2138.6
2107.13
2072.87
2036.32
1997.89
1957.96
1916.83
1874.78
1832.06
1788.89
1745.45
1701.93
1658.48
1615.24
1572.33
1529.87
1487.95
1446.66
1406.08
1366.26
1327.25
1289.05
1251.47
1210.82
1101.83
986.525
884.755
801.052
734.305
681.624
639.919
606.483
579.149
556.268
536.621
519.326
503.754
489.463
476.144
463.586
451.646
440.23
429.278
418.751
408.628
398.895
389.544
380.57
371.969
363.738
355.872
348.367
341.219
334.496
328.345
322.657
317.369
312.443
307.856
303.591
299.636
295.983
292.624
289.55
286.756
284.235
281.98
279.985
278.243
276.749
275.496
274.478
273.688
273.121
272.771
272.631
272.694
272.955
273.408
274.045
274.86
275.847
276.998
278.306
279.764
281.363
283.095
284.953
286.926
289.006
291.181
293.442
295.776
298.171
300.613
303.086
305.573
308.054
310.505
312.9
315.204
317.379
319.38
321.249
322.944
335.363
82.3163
80.9954
79.7724
78.6449
77.6107
76.6679
75.8148
75.0503
74.3734
73.783
73.2787
72.8599
72.5263
72.2779
72.1147
72.037
72.0452
72.1397
72.3213
72.5909
72.9492
73.3974
73.9366
74.5679
75.2927
76.1123
77.028
78.0411
79.1529
80.3647
81.6776
83.0928
84.611
86.2331
87.9596
89.7907
91.7266
93.7669
95.9112
98.1592
100.511
102.969
105.546
108.29
111.362
115.219
121.017
131.99
154.164
196.431
271.47
393.082
571.145
866.143
1705.79
2574.52
3390.72
4108.71
4710.11
5194.33
5571.46
5856.3
6061.91
6201.35
6286.6
6328.03
6334.31
6312.55
6268.46
6206.58
6130.55
6043.21
5946.86
5843.3
5734.01
5620.21
5502.89
5382.9
5260.98
5137.74
5013.76
4889.51
4765.45
4641.96
4519.41
4398.11
4278.34
4160.36
4044.4
3930.64
3819.27
3710.43
3604.25
3500.84
3400.32
3302.83
3208.27
3100.88
2132.14
1609.96
1313
1137.54
1030.66
963.507
919.574
889.126
866.333
847.694
831.128
815.43
799.932
784.298
768.394
752.206
735.789
719.233
702.643
686.122
669.77
653.67
637.895
622.503
607.538
593.034
579.013
565.491
552.474
539.928
527.801
516.07
504.726
493.769
483.199
473.016
463.218
453.803
444.764
436.094
427.785
419.828
412.21
404.922
397.951
391.286
384.915
378.825
373.005
367.443
362.128
357.049
352.194
347.553
343.116
338.872
334.812
330.926
327.206
323.642
320.226
316.949
313.804
310.782
307.876
305.077
302.377
299.77
297.246
294.795
292.409
290.075
287.781
285.51
283.243
280.952
278.605
276.146
273.536
270.567
267.808
265.277
150.205
153.703
159.184
165.418
172.008
178.995
186.435
194.384
202.933
212.21
222.371
233.6
246.117
260.178
276.098
294.274
315.225
335.062
200.639
145.694
123.375
115.211
116.726
118.084
136.561
66.5699
65.5177
65.2081
65.5819
66.4496
67.6616
69.1386
70.8428
72.7593
74.8908
77.2536
79.8758
82.7959
86.062
89.7332
93.8787
98.5619
103.029
91.561
80.2444
72.2383
67.6349
66.0161
66.8524
68.3463
48.7909
48.0619
47.5422
47.2997
47.3187
47.5561
47.9769
48.5562
49.2775
50.1316
51.1167
52.2369
53.5019
54.926
56.5281
58.3286
60.3233
62.1496
60.3394
57.0392
53.8811
51.6508
50.5276
50.6899
50.929
42.1655
41.6457
41.1876
40.8489
40.6497
40.5863
40.6498
40.8305
41.1195
41.5102
41.9989
42.585
43.2712
44.0625
44.9666
45.9911
47.1198
48.1286
47.9119
46.803
45.439
44.3235
43.6526
43.6906
43.6812
39.2446
38.8107
38.3939
38.0322
37.7477
37.5487
37.4379
37.4146
37.4764
37.6204
37.8441
38.1466
38.5284
38.9914
39.5392
40.1746
40.882
41.5197
41.6485
41.2857
40.6778
40.1071
39.7045
39.7179
39.6015
38.0131
37.6101
37.2073
36.8304
36.498
36.2204
36.0045
35.8542
35.7709
35.7547
35.8049
35.9212
36.1036
36.3532
36.6716
37.0597
37.5053
37.921
38.1032
38.0127
37.7397
37.4386
37.1832
37.1831
37.0068
37.7061
37.3071
36.9008
36.5058
36.1366
35.8032
35.5133
35.2728
35.0851
34.9522
34.8748
34.8534
34.8884
34.9805
35.1304
35.3385
35.5961
35.8504
35.996
35.9901
35.8581
35.684
35.5012
35.4834
35.2659
37.9659
37.5551
37.1337
36.7157
36.3124
35.9325
35.5838
35.2723
35.0026
34.7776
34.599
34.4679
34.3853
34.3516
34.3677
34.4333
34.543
34.6655
34.7418
34.7364
34.6478
34.5219
34.3647
34.3225
34.07
38.5977
38.1643
37.7195
37.2735
36.8354
36.4127
36.0124
35.6406
35.3018
34.9996
34.7361
34.5132
34.3317
34.1926
34.0965
34.0434
34.0297
34.0377
34.0325
33.9875
33.8904
33.7671
33.6053
33.5321
33.2454
39.4814
39.0173
38.5424
38.064
37.5892
37.1246
36.6762
36.2499
35.8499
35.48
35.1426
34.8395
34.5722
34.3416
34.1483
33.9925
33.8722
33.7777
33.688
33.5839
33.4503
33.3028
33.1167
33.0074
32.685
40.5343
40.0333
39.523
39.0083
38.4947
37.9879
37.4932
37.0156
36.5595
36.1282
35.7242
35.3496
35.0058
34.6938
34.4144
34.1679
33.9534
33.766
33.5931
33.4216
33.2364
33.0491
32.8263
32.6775
32.3173
41.6944
41.152
40.602
40.0478
39.4936
38.9439
38.4036
37.877
37.368
36.8798
36.4148
35.975
35.5619
35.1764
34.8196
34.4919
34.1931
33.9212
33.6686
33.4274
33.1836
32.9482
32.6813
32.4917
32.0917
42.9121
42.3249
41.7322
41.1362
40.5399
39.9469
39.3614
38.7872
38.2279
37.6862
37.1646
36.6647
36.1881
35.7359
35.309
34.9079
34.5331
34.1842
33.8571
33.5474
33.243
32.956
32.641
32.4121
31.97
44.1459
43.512
42.8747
42.2353
41.5959
40.9594
40.3293
39.7089
39.1014
38.5092
37.9345
37.379
36.8441
36.3308
35.8401
35.3727
34.9293
34.5107
34.1147
33.7398
33.3759
33.0372
32.6733
32.4067
31.922
45.3602
44.6788
43.9959
43.3124
42.6297
41.9499
41.276
40.6109
39.9571
39.3171
38.6928
38.0857
37.4971
36.928
36.3794
35.8521
35.347
34.8656
34.4068
33.9716
33.5513
33.1635
32.7514
32.4481
31.9226
46.524
45.7953
45.067
44.3396
43.6138
42.8914
42.1748
41.4665
40.7688
40.0838
39.4131
38.7583
38.1204
37.5006
36.8997
36.3186
35.7584
35.2208
34.7057
34.2158
33.7437
33.3113
32.8531
32.5139
31.9512
47.6101
46.8354
46.0626
45.292
44.5242
43.7604
43.0026
42.2531
41.5138
40.7866
40.0731
39.3745
38.6918
38.0262
37.3785
36.7496
36.1406
35.5535
34.9887
34.4501
33.9319
33.4593
32.9594
32.585
31.9903
48.5945
47.7758
46.9602
46.1479
45.3395
44.5359
43.739
42.9507
42.1726
41.4065
40.6537
39.9154
39.1926
38.4862
37.7971
37.1263
36.4748
35.8449
35.2371
34.6561
34.0981
33.589
33.0529
32.645
32.0249
49.4589
48.5997
47.7443
46.8934
46.0474
45.2073
44.3747
43.5512
42.7383
41.9375
41.1499
40.3768
39.6188
38.8769
38.152
37.4449
36.7568
36.0899
35.4448
34.8267
34.2329
33.6893
33.1206
32.6802
32.0393
50.1825
49.2854
48.3929
47.5059
46.6249
45.751
44.8855
44.0299
43.1854
42.3533
41.5347
40.7305
39.9415
39.1684
38.412
37.6733
36.9533
36.2542
35.5765
34.9257
34.2987
33.7224
33.1234
32.6518
31.9926
50.7452
49.8125
48.8852
47.9645
47.0511
46.1459
45.2502
44.3652
43.4922
42.632
41.7858
40.9541
40.1379
39.3377
38.5543
37.7887
37.0418
36.3156
35.6109
34.9327
34.2772
33.672
33.0469
32.5487
31.8752
51.1332
50.1685
49.21
48.2592
47.3167
46.3836
45.4611
44.5503
43.6522
42.7677
41.8976
41.0426
40.2033
39.3804
38.5746
37.7867
37.0178
36.2698
35.5432
34.8432
34.1649
33.5345
32.8881
32.3673
31.6845
51.3364
50.3447
49.3597
48.383
47.4157
46.4588
45.5136
44.581
43.662
42.7573
41.8676
40.9935
40.1356
39.2946
38.471
37.6658
36.8798
36.115
35.3718
34.6551
33.9596
33.3087
32.6466
32.1065
31.4195
51.3512
50.3377
49.3311
48.3335
47.3461
46.37
45.4066
44.4568
43.5213
42.6009
41.6961
40.8076
39.9358
39.0813
38.2447
37.4269
36.6288
35.8521
35.0974
34.3691
33.6619
32.9965
32.324
31.7676
31.0812
51.179
50.1488
49.1259
48.1123
47.1097
46.1194
45.1426
44.1802
43.2331
42.3018
41.3868
40.4885
39.6076
38.7444
37.8997
37.0741
36.2687
35.485
34.7235
33.9887
33.2749
32.6014
31.9231
31.3541
30.6727
50.8256
49.7839
48.7497
47.7253
46.7126
45.713
44.7278
43.7579
42.8041
41.8667
40.9464
40.0433
39.158
38.291
37.4428
36.6143
35.8061
35.0201
34.2566
33.5198
32.8042
32.1281
31.4487
30.8718
30.1991
50.3016
49.2534
48.2129
47.1827
46.1648
45.1609
44.1724
43.2
42.2444
41.3059
40.3851
39.482
38.5972
37.731
36.884
36.0569
35.2505
34.4665
33.7052
32.9708
32.2578
31.5839
30.9079
30.329
29.6679
49.6285
48.5786
47.5368
46.506
45.4883
44.4855
43.499
42.5295
41.5775
40.6434
39.7274
38.8296
37.9504
37.0901
36.2492
35.4285
34.6287
33.8515
33.0973
32.3701
31.6646
30.9983
30.3309
29.7579
29.1114
48.8321
47.785
46.7467
45.7202
44.7079
43.7117
42.7326
41.7714
40.8285
39.9039
38.9979
38.1105
37.2418
36.3923
35.5623
34.7527
33.9641
33.1982
32.4555
31.7401
31.0467
30.3927
29.7387
29.1777
28.55
47.9283
46.8875
45.8567
44.8388
43.8364
42.8512
41.8841
40.9358
40.0063
39.0957
38.2038
37.3306
36.4763
35.6412
34.8256
34.0303
33.2561
32.5047
31.7765
31.0758
30.3976
29.759
29.1218
28.5762
27.97
46.9415
45.9102
44.8903
43.8851
42.8967
41.9267
40.9759
40.0444
39.1322
38.2391
37.3648
36.5092
35.6723
34.8544
34.0558
33.2775
32.5202
31.7857
31.0745
30.3909
29.7303
29.1093
28.4914
27.9638
27.3813
45.8983
44.8795
43.8741
42.8851
41.9145
40.9635
40.0325
39.1212
38.2295
37.3567
36.5025
35.6668
34.8495
34.0508
33.2713
32.5117
31.7731
31.0571
30.3646
29.6997
29.0583
28.4567
27.86
27.3522
26.7945
44.8274
43.8242
42.8366
41.8673
40.9177
39.9887
39.0802
38.1916
37.3224
36.4718
35.6394
34.8249
34.0284
33.2501
32.4906
31.7507
31.0317
30.3353
29.6623
29.0172
28.3961
27.8149
27.2406
26.7534
26.2216
43.7595
42.775
41.8081
40.8611
39.9351
39.0303
38.146
37.2814
36.4357
35.608
34.7979
34.0051
33.2296
32.4719
31.7325
31.0126
30.3134
29.6368
28.9838
28.3587
27.7584
27.1978
26.6465
26.18
25.6749
42.6565
41.6953
40.7541
39.8344
38.9365
38.0599
37.2034
36.3659
35.5463
34.7439
33.9582
33.1891
32.4366
31.7014
30.9843
30.2864
29.6091
28.9545
28.3239
27.7213
27.1443
26.607
26.0814
25.6383
25.1623
41.5394
40.6065
39.6963
38.8087
37.9429
37.0976
36.2713
35.4629
34.6712
33.8956
33.1357
32.3915
31.6635
30.9523
30.2589
29.5847
28.9312
28.3006
27.6943
27.1164
26.5649
26.0532
25.5556
25.1385
24.6932
40.5115
39.6096
38.7317
37.8762
37.0415
36.226
35.428
34.6463
33.8802
33.129
32.3926
31.6714
30.9659
30.277
29.6058
28.9539
28.3229
27.715
27.132
26.5777
26.0508
25.5638
25.0933
24.7014
24.2846
39.6129
38.742
37.8953
37.0695
36.2628
35.4733
34.6998
33.9413
33.1972
32.4672
31.7515
31.0505
30.365
29.696
29.0449
28.4132
27.8029
27.2161
26.6547
26.1226
25.6189
25.1554
24.7105
24.3429
23.9522
38.8815
38.0383
37.2182
36.417
35.6328
34.8644
34.1107
33.371
32.6449
31.9324
31.234
30.55
29.8816
29.2299
28.5963
27.9826
27.3907
26.8229
26.2813
25.7696
25.2874
24.846
24.4255
24.0808
23.7139
38.3477
37.5269
36.7256
35.9423
35.1748
34.422
33.6831
32.9576
32.2455
31.5468
30.8621
30.192
29.5376
28.9002
28.2815
27.6832
27.1073
26.5564
26.0326
25.5396
25.0774
24.6568
24.2592
23.9366
23.5909
38.033
37.2277
36.4394
35.6676
34.9111
34.1689
33.4404
32.7252
32.0232
31.3348
30.6603
30.0008
29.3573
28.7314
28.1248
27.5393
26.9773
26.4413
25.9334
25.4578
25.0145
24.6138
24.2385
23.9375
23.6108
37.9552
37.161
36.382
35.618
34.8686
34.1334
33.4117
32.7033
32.0081
31.3264
30.659
30.0069
29.3714
28.7541
28.1569
27.5821
27.032
26.5093
26.0164
25.5574
25.1326
24.7522
24.3991
24.1207
23.8109
38.1459
37.3611
36.5898
35.8321
35.0875
34.3562
33.6383
32.9334
32.2417
31.5636
30.9
30.2522
29.6217
29.0105
28.4207
27.8549
27.3156
26.8056
26.3276
25.8857
25.4805
25.1219
24.7925
24.5392
24.245
38.6687
37.8928
37.1282
36.3752
35.6338
34.9031
34.1856
33.4807
32.7888
32.1105
31.4472
30.8005
30.1724
29.5652
28.9815
28.4241
27.8956
27.3993
26.9379
26.5155
26.1328
25.7999
25.4979
25.2737
24.9958
39.6954
38.9296
38.171
37.4211
36.6801
35.9471
35.2255
34.5159
33.8192
33.1366
32.4701
31.822
31.1951
30.5921
30.0161
29.4703
28.9576
28.4813
28.0445
27.6512
27.3024
27.0081
26.748
26.5673
26.3123
41.5072
40.7492
39.9952
39.2466
38.5035
37.7653
37.0339
36.314
35.6073
34.9166
34.245
33.5958
32.9727
32.3795
31.8198
31.297
30.8144
30.3756
29.9835
29.6427
29.3541
29.1287
28.9409
28.8401
28.6186
44.1996
43.441
42.6821
41.9258
41.1723
40.4206
39.6719
38.9349
38.2134
37.5117
36.8347
36.1875
35.575
35.0019
34.4722
33.9897
33.5578
33.1799
32.8593
32.6013
32.4062
32.2881
32.2092
32.2349
32.0493
48.1089
47.3359
46.5565
45.779
45.003
44.2267
43.4516
42.6915
41.9524
41.2416
40.5665
39.9343
39.3515
38.8233
38.3542
37.9478
37.6076
37.3372
37.1401
37.023
36.9858
37.0484
37.1523
37.3905
37.2583
53.7574
52.9479
52.123
51.3032
50.4869
49.6707
48.8581
48.0704
47.3179
46.6121
45.9637
45.3823
44.8755
44.4489
44.1067
43.8523
43.689
43.6213
43.6541
43.7974
44.0516
44.4472
44.893
45.5239
45.5161
61.97
61.0872
60.1756
59.278
58.3903
57.5089
56.6449
55.8322
55.0886
54.4312
53.8746
53.4299
53.1045
52.9032
52.8294
52.8861
53.0777
53.4115
53.8967
54.5517
55.3808
56.4365
57.5753
59.0047
59.331
74.0628
73.0432
71.9689
70.9226
69.9019
68.9119
67.9856
67.1768
66.5143
66.0208
65.7125
65.5988
65.6841
65.9705
66.4598
67.1564
68.0691
69.2139
70.6119
72.3013
74.2986
76.7052
79.2938
82.4242
83.6181
92.1352
90.8555
89.4544
88.103
86.829
85.6728
84.7157
84.0321
83.6586
83.6168
83.9152
84.5543
85.5301
86.8397
88.4852
90.4772
92.8376
95.6034
98.8235
102.579
106.916
112.039
117.593
124.283
127.523
119.5
117.674
115.564
113.586
111.886
110.579
109.815
109.653
110.113
111.191
112.869
115.125
117.941
121.307
125.233
129.746
134.899
140.772
147.468
155.151
163.928
174.202
185.433
199.11
206.621
161.42
158.321
154.681
151.607
149.484
148.471
148.715
150.143
152.697
156.306
160.894
166.403
172.793
180.058
188.226
197.367
207.591
219.063
231.981
246.653
263.297
282.676
304.024
330.456
346.158
227.314
221.135
214.652
210.446
208.95
210.018
213.453
218.893
226.128
234.962
245.238
256.852
269.76
283.984
299.612
316.806
335.794
356.89
380.471
407.09
437.206
472.123
511.179
559.89
591.933
336.798
325.053
315.199
312.563
316.092
324.137
335.57
349.907
366.675
385.519
406.209
428.648
452.865
479.009
507.334
538.203
572.091
609.588
651.434
698.541
752.132
813.63
885.646
971.533
1043.18
326.571
314.59
301.635
290.833
283.751
281.872
283.293
286.897
292.04
298.315
305.468
313.371
321.997
331.413
341.76
353.238
366.111
380.689
397.375
416.576
439.044
465.027
496.91
533.353
590.311
)
;

boundaryField
{
    inlet
    {
        type            fixedValue;
        value           uniform 14.855;
    }
    outlet
    {
        type            zeroGradient;
    }
    upperWall
    {
        type            zeroGradient;
    }
    lowerWall
    {
        type            zeroGradient;
    }
    frontAndBack
    {
        type            empty;
    }
}


// ************************************************************************* //
