171
(
1000    0.00032
1100    0.00091
1200    0.00213
1300    0.00432
1400    0.00779
1500    0.01285
1600    0.01972
1700    0.02853
1800    0.03934
1900    0.05210
2000    0.06672
2100    0.08305
2200    0.10088
2300    0.12002
2400    0.14025
2500    0.16135
2600    0.18311
2700    0.20535
2800    0.22788
2900    0.25055
3000    0.27322
3100    0.29576
3200    0.31809
3300    0.34009
3400    0.36172
3500    0.38290
3600    0.40359
3700    0.42375
3800    0.44336
3900    0.46240
4000    0.48085
4100    0.49872
4200    0.51599
4300    0.53267
4400    0.54877
4500    0.56429
4600    0.57925
4700    0.59366
4800    0.60753
4900    0.62088
5000    0.63372
5100    0.64606
5200    0.65794
5300    0.66935
5400    0.68033
5500    0.69087
5600    0.70101
5700    0.71076
5800    0.72012
5900    0.72913
6000    0.73778
6100    0.74610
6200    0.75410
6300    0.76180
6400    0.76920
6500    0.77631
6600    0.78316
6700    0.78975
6800    0.79609
6900    0.80219
7000    0.80807
7100    0.81373
7200    0.81918
7300    0.82443
7400    0.82949
7500    0.83436
7600    0.83906
7700    0.84359
7800    0.84796
7900    0.85218
8000    0.85625
8100    0.86017
8200    0.86396
8300    0.86762
8400    0.87115
8500    0.87456
8600    0.87786
8700    0.88105
8800    0.88413
8900    0.88711
9000    0.88999
9100   0.89277
9200   0.89547
9300   0.89807
9400   0.90060
9500   0.90304
9600   0.90541
9700   0.90770
9800   0.90992
9900   0.91207
10000   0.91415
10200   0.91813
10400   0.92188
10600   0.92540
10800   0.92872
11000   0.93184
11200   0.93479
11400   0.93758
11600   0.94021
11800   0.94270
12000   0.94505
12200   0.94728
12400   0.94939
12600   0.95139
12800   0.95329
13000   0.95509
13200   0.95680
13400   0.95843
13600   0.95998
13800   0.96145
14000   0.96285
14200   0.96418
14400   0.96546
14600   0.96667
14800   0.96783
15000   0.96893
15200   0.96999
15400   0.97100
15600   0.97196
15800   0.97288
16000   0.97377
16200   0.97461
16400   0.97542
16600   0.97620
16800   0.97694
17000   0.97765
17200   0.97834
17400   0.97899
17600   0.97962
17800   0.98023
18000   0.98080
18200   0.98137
18400   0.98191
18600   0.98243
18900   0.98293
19000   0.98340
19200   0.98387
19400   0.98431
19600   0.98474
19800   0.98515
20000   0.98555
21000   0.98735
22000   0.98886
23000   0.99014
24000   0.99123
25000   0.99217
26000   0.99297
27000   0.99367
28000   0.99429
29000   0.99482
30000   0.99529
31000   0.99571
32000   0.99607
33000   0.99640
34000   0.99669
35000   0.99695
35000   0.99719
36000   0.99740
37000   0.99759
38000   0.99776
39000   0.99792
40000   0.99806
41000   0.99819
42000   0.99831
43000   0.99842
44000   0.99851
45000   0.99861
46000   0.99869
47000   0.99877
48000   0.99884
49000   0.99890
)