/*--------------------------------*- C++ -*----------------------------------*\
| =========                 |                                                 |
| \\      /  F ield         | OpenFOAM: The Open Source CFD Toolbox           |
|  \\    /   O peration     | Version:  1.4.2                                 |
|   \\  /    A nd           | Web:      http://www.openfoam.org               |
|    \\/     M anipulation  |                                                 |
\*---------------------------------------------------------------------------*/
FoamFile
{
    version     2.0;
    format      ascii;
    class       volScalarField;
    object      epsilon;
    location    "200";
}
// * * * * * * * * * * * * * * * * * * * * * * * * * * * * * * * * * * * * * //

dimensions      [0 2 -3 0 0 0 0];

internalField   nonuniform List<scalar> 
12225
(
443.025
353.448
290.576
245.326
212.158
187.55
169.186
155.497
145.395
138.103
133.06
129.847
128.149
127.717
128.356
129.903
132.225
135.499
60.1692
73.6198
79.5817
83.7221
87.7573
92.4165
98.0554
104.858
112.923
122.306
133.03
145.087
158.445
173.039
188.769
205.488
222.924
241.017
26.299
33.7107
37.8436
40.6869
42.9409
44.9751
47.0025
49.1525
51.5063
54.1169
57.0185
60.2315
63.7639
67.6106
71.7488
76.1271
80.6362
85.073
18.7378
22.7294
25.4846
27.3727
28.8128
30.0108
31.0758
32.0827
33.0814
34.1051
35.1762
36.3093
37.5124
38.7878
40.1316
41.5321
42.9667
44.3869
16.17
18.1699
19.9415
21.2995
22.3482
23.1821
23.8787
24.4962
25.0668
25.6104
26.1426
26.6746
27.2136
27.7641
28.3287
28.9085
29.504
30.103
15.236
16.0905
17.0564
17.9489
18.702
19.3221
19.8377
20.2741
20.6536
20.9942
21.3113
21.6147
21.9099
22.2017
22.4949
22.7942
23.1069
23.4418
14.8944
15.172
15.5911
16.0606
16.5184
16.9376
17.3081
17.6275
17.9034
18.1448
18.3586
18.5515
18.73
18.9023
19.0739
19.2496
19.4422
19.696
14.7877
14.8387
14.9938
15.214
15.4616
15.7124
15.9521
16.1725
16.3717
16.55
16.7079
16.8477
16.9738
17.0906
17.2034
17.3207
17.4673
17.7437
14.7442
14.6885
14.7009
14.7681
14.8715
14.9948
15.126
15.2569
15.3824
15.5
15.6082
15.7067
15.7959
15.8762
15.9518
16.0342
16.1631
16.5015
14.724
14.6131
14.542
14.5088
14.5067
14.5279
14.565
14.6118
14.6635
14.7171
14.77
14.8208
14.8684
14.9128
14.9569
15.0149
15.1452
15.5921
14.7151
14.5787
14.4647
14.3742
14.3057
14.2565
14.2232
14.2025
14.1913
14.187
14.1874
14.191
14.1966
14.2039
14.2174
14.2561
14.4041
15.0137
14.7112
14.564
14.4308
14.3121
14.2079
14.1175
14.0398
13.9733
13.9164
13.8678
13.826
13.7899
13.7586
13.7326
13.7182
13.7428
13.925
14.7582
14.7093
14.5578
14.4169
14.2863
14.1658
14.0553
13.9541
13.8617
13.7775
13.7007
13.6307
13.5668
13.5087
13.4579
13.4228
13.4407
13.6749
14.7945
14.7081
14.5548
14.411
14.276
14.1493
14.0305
13.9192
13.815
13.7176
13.6264
13.5412
13.4617
13.3882
13.3226
13.2757
13.2962
13.5994
15.0572
14.7073
14.5529
14.4079
14.2714
14.1426
14.0211
13.9064
13.7981
13.6957
13.599
13.5077
13.4218
13.3415
13.2695
13.2186
13.2491
13.6315
15.4482
14.7066
14.5515
14.406
14.2689
14.1395
14.0174
13.9019
13.7926
13.6891
13.5912
13.4985
13.411
13.329
13.2555
13.205
13.2478
13.7035
15.8375
14.7059
14.5505
14.4046
14.2674
14.138
14.0159
13.9005
13.7914
13.6881
13.5905
13.4981
13.4109
13.3292
13.2559
13.2064
13.256
13.7503
16.0498
14.7056
14.55
14.4041
14.267
14.1378
14.016
13.9011
13.7925
13.6899
13.5929
13.5013
13.4148
13.3339
13.261
13.2104
13.253
13.7152
15.889
14.7056
14.5502
14.4046
14.2679
14.1393
14.0182
13.904
13.7963
13.6947
13.5988
13.5084
13.4232
13.3433
13.2709
13.2173
13.2393
13.5986
15.348
14.7059
14.5511
14.4063
14.2706
14.1433
14.0237
13.9115
13.8062
13.7072
13.6144
13.5272
13.4453
13.3689
13.2992
13.2441
13.2433
13.4784
14.6938
14.7067
14.5532
14.4106
14.278
14.1549
14.0408
13.9351
13.8373
13.7469
13.6631
13.5855
13.5135
13.4469
13.3862
13.3364
13.322
13.4554
14.2029
14.7085
14.5593
14.4241
14.3025
14.194
14.0976
14.0123
13.9366
13.8692
13.809
13.7549
13.706
13.6616
13.6216
13.5886
13.5765
13.6484
14.0688
14.7142
14.5807
14.4719
14.3867
14.3224
14.2752
14.2412
14.2171
14.1999
14.1874
14.178
14.1703
14.1637
14.1578
14.154
14.1594
14.2068
14.4325
14.7358
14.6589
14.6347
14.6522
14.6977
14.7593
14.828
14.8975
14.9638
15.0248
15.0792
15.1269
15.1681
15.2032
15.2338
15.2637
15.3088
15.4324
14.8204
14.9288
15.1351
15.389
15.6515
15.9006
16.1256
16.3224
16.4912
16.634
16.7541
16.8547
16.9387
17.0088
17.0678
17.1187
17.1691
17.2449
15.1408
15.7822
16.5102
17.1962
17.7842
18.2698
18.6641
18.9821
19.238
19.4446
19.6121
19.7489
19.8615
19.955
20.0335
20.1006
20.1602
20.2214
16.3177
18.2933
19.9539
21.2263
22.1751
22.8801
23.4067
23.805
24.1112
24.3513
24.5437
24.7019
24.8357
24.9522
25.0566
25.1526
25.2428
25.3294
20.7521
25.6302
28.6883
30.599
31.8394
32.66
33.2151
33.607
33.9008
34.1385
34.3474
34.5452
34.7433
34.9487
35.1653
35.3947
35.6364
35.8876
43.9579
54.4835
58.7032
60.4093
60.957
60.9639
60.8115
60.7128
60.7346
60.9062
61.2364
61.7233
62.3593
63.1337
64.0343
65.0475
66.1571
67.3524
332.627
280.254
240.735
210.2
186.168
166.964
151.419
138.695
128.183
119.427
112.083
105.889
100.639
96.1707
92.3565
89.0927
86.2962
83.8983
4.77034
7.21551
13.2354
21.5852
32.3199
43.7823
56.2553
69.739
84.1944
99.5881
115.896
133.099
151.186
170.149
189.984
210.691
232.273
254.737
278.094
302.357
327.541
353.665
380.75
408.82
437.901
468.021
499.209
531.499
564.922
599.512
635.306
672.339
710.647
750.265
791.231
833.576
877.335
922.536
969.205
1017.37
1067.03
1118.22
1170.92
1225.14
1280.86
1338.05
1396.69
1456.73
1518.12
1580.84
1644.85
1710.17
1776.87
1845.13
1913.72
1981.43
2047.7
2111.93
2173.48
2231.66
2285.78
2335.15
2379.1
2416.97
2448.2
2472.26
2488.74
2497.33
2497.82
2490.15
2474.34
2450.57
2419.11
2380.34
2334.72
2282.8
2225.18
2162.51
2095.45
2024.71
1950.96
1874.88
1797.13
1718.34
1639.12
1560.05
1481.67
1404.6
1330.07
1258.85
1192.89
1135.63
1082.06
1030.76
981.367
933.803
888.08
844.221
802.244
762.158
723.955
687.617
653.115
620.408
589.449
560.185
532.555
506.497
481.946
458.834
437.093
416.655
397.452
379.419
362.49
346.603
331.697
317.715
304.599
292.298
280.761
269.94
259.79
250.267
241.333
232.948
225.077
217.686
210.744
204.222
198.09
192.324
186.898
181.79
176.978
172.442
168.163
164.122
160.303
156.691
153.269
150.025
146.945
144.017
141.229
138.571
136.032
133.603
131.275
129.04
126.89
124.819
122.819
120.886
119.013
117.197
115.432
113.715
112.043
110.412
108.821
107.266
105.747
104.262
102.809
101.387
99.9945
98.6304
97.2927
95.9791
94.6864
93.4102
92.1452
90.8965
89.6555
88.3771
85.7211
63.7144
50.8442
42.5619
23.4425
22.27
28.3512
36.9595
47.0793
57.9687
69.294
80.8833
92.6541
104.569
116.614
128.787
141.092
153.541
166.148
178.927
191.897
205.076
218.48
232.13
246.041
260.231
274.718
289.515
304.639
320.104
335.921
352.102
368.659
385.601
402.935
420.669
438.806
457.352
476.308
495.674
515.449
535.63
556.212
577.19
598.556
620.304
642.426
664.915
687.768
710.983
734.562
758.515
782.857
807.613
832.816
858.508
884.746
911.6
938.843
965.83
992.261
1017.87
1042.38
1065.52
1087
1106.54
1123.87
1138.76
1150.99
1160.36
1166.72
1169.96
1170
1166.81
1160.39
1150.8
1138.13
1122.49
1104.05
1083
1059.54
1033.92
1006.38
977.169
946.557
914.796
882.137
848.819
815.064
781.073
747.005
712.932
678.99
645.512
613.778
584.045
555.806
528.803
502.912
478.083
454.295
431.535
409.794
389.06
369.318
350.551
332.736
315.848
299.86
284.741
270.459
256.982
244.274
232.302
221.03
210.424
200.449
191.073
182.263
173.986
166.213
158.914
152.061
145.627
139.587
133.917
128.592
123.593
118.898
114.489
110.346
106.453
102.794
99.3532
96.1168
93.0715
90.2045
87.5041
84.9593
82.5595
80.2949
78.1563
76.1351
74.223
72.4123
70.6959
69.0668
67.5188
66.0457
64.6419
63.3021
62.0213
60.7949
59.6184
58.488
57.3997
56.3502
55.3363
54.355
53.4036
52.4798
51.5814
50.7063
49.8531
49.0201
48.206
47.4098
46.6306
45.8675
45.1199
44.3875
43.6697
42.9664
42.2773
41.6023
40.9413
40.2952
39.6748
39.0785
38.4945
37.7037
35.3057
32.805
30.9963
43.261
34.2564
39.8827
48.4965
58.4069
68.9595
79.8036
90.7534
101.723
112.682
123.623
134.556
145.498
156.466
167.48
178.561
189.726
200.994
212.379
223.895
235.555
247.369
259.346
271.495
283.821
296.329
309.023
321.907
334.982
348.25
361.711
375.365
389.211
403.247
417.473
431.886
446.485
461.27
476.238
491.392
506.734
522.267
537.999
553.939
570.102
586.505
603.168
620.115
637.375
654.974
672.936
691.279
710.004
729.104
748.381
767.592
786.544
805.039
822.868
839.808
855.633
870.118
883.047
894.221
903.455
910.593
915.5
918.074
918.241
915.961
911.225
904.06
894.523
882.695
868.691
852.651
834.739
815.135
794.03
771.623
748.114
723.701
698.563
672.872
646.781
620.43
593.906
567.272
541.088
515.697
491.34
468.049
445.737
424.323
403.757
384.015
365.085
346.959
329.632
313.094
297.335
282.341
268.096
254.58
241.772
229.649
218.186
207.358
197.138
187.5
178.417
169.861
161.806
154.226
147.097
140.392
134.088
128.163
122.593
117.359
112.44
107.817
103.472
99.3875
95.5477
91.9371
88.5413
85.3467
82.3405
79.5107
76.8459
74.3354
71.9692
69.7378
67.6323
65.6444
63.7663
61.9904
60.3098
58.718
57.2087
55.7761
54.4148
53.1195
51.8855
50.7081
49.583
48.5063
47.4742
46.4831
45.5298
44.6112
43.7246
42.8672
42.0368
41.2311
40.4482
39.6863
38.9437
38.219
37.5109
36.8185
36.1406
35.4765
34.8256
34.1874
33.5613
32.9473
32.345
31.7544
31.1757
30.6091
30.0553
29.5169
28.9986
28.4927
27.9378
27.1265
26.2341
25.5377
60.6862
43.8953
48.5777
56.9186
66.5326
76.704
87.1058
97.574
108.035
118.463
128.858
139.231
149.599
159.979
170.39
180.846
191.363
201.951
212.62
223.378
234.229
245.177
256.223
267.369
278.614
289.957
301.394
312.925
324.546
336.254
348.046
359.919
371.871
383.899
396.004
408.184
420.443
432.783
445.21
457.732
470.361
483.111
496
509.05
522.287
535.741
549.445
563.435
577.748
592.419
607.48
622.952
638.841
655.152
671.734
688.45
705.149
721.66
737.786
753.315
768.022
781.683
794.075
804.989
814.231
821.628
827.031
830.318
831.396
830.2
826.7
820.91
812.875
802.646
790.322
776.038
759.953
742.246
723.107
702.734
681.328
659.09
636.177
612.749
588.929
564.893
540.684
516.869
493.564
470.902
448.991
427.873
407.548
388.001
369.217
351.188
333.908
317.371
301.569
286.494
272.133
258.473
245.497
233.186
221.52
210.476
200.032
190.164
180.848
172.059
163.772
155.963
148.607
141.682
135.164
129.03
123.26
117.832
112.727
107.926
103.41
99.1627
95.1674
91.4088
87.8722
84.5439
81.4107
78.4605
75.6815
73.0631
70.5948
68.267
66.0706
63.9971
62.0385
60.187
58.4357
56.7777
55.2068
53.717
52.3027
50.9585
49.6795
48.4611
47.2988
46.1885
45.1262
44.1085
43.1317
42.1928
41.2889
40.417
39.5748
38.7597
37.9698
37.2029
36.4573
35.7313
35.0235
34.3325
33.6573
32.9967
32.35
31.7163
31.0951
30.4858
29.8881
29.3018
28.7266
28.1626
27.6099
27.0688
26.5399
26.0246
25.5249
25.0401
24.5515
24.021
23.489
23.0486
75.6724
51.527
54.9248
62.7394
71.9485
81.7053
91.6746
101.706
111.739
121.754
131.756
141.756
151.769
161.811
171.894
182.031
192.229
202.496
212.833
223.243
233.725
244.276
254.892
265.57
276.302
287.083
297.907
308.767
319.657
330.57
341.502
352.449
363.406
374.374
385.35
396.338
407.343
418.371
429.433
440.543
451.72
462.985
474.366
485.894
497.606
509.544
521.752
534.281
547.18
560.5
574.285
588.574
603.391
618.741
634.535
650.674
667.025
683.422
699.668
715.537
730.791
745.181
758.46
770.39
780.749
789.337
795.978
800.523
802.854
802.861
800.482
795.726
788.675
779.302
767.701
754.016
738.423
721.119
702.315
682.228
661.084
639.152
616.539
593.445
569.93
546.464
523.207
500.325
477.932
456.125
434.979
414.539
394.828
375.856
357.625
340.134
323.381
307.36
292.064
277.482
263.601
250.404
237.874
225.992
214.735
204.082
194.009
184.492
175.508
167.031
159.037
151.504
144.406
137.721
131.427
125.503
119.927
114.679
109.741
105.094
100.721
96.6058
92.7319
89.085
85.6511
82.4169
79.37
76.4986
73.7917
71.2387
68.83
66.5562
64.4087
62.3792
60.4601
58.6441
56.9243
55.2944
53.7483
52.2802
50.8848
49.5571
48.2922
47.0858
45.9335
44.8315
43.7761
42.7637
41.7911
40.8554
39.9536
39.0831
38.2416
37.4267
36.6365
35.869
35.1225
34.3955
33.6866
32.9945
32.3181
31.6564
31.0087
30.3741
29.7521
29.1422
28.5441
27.9574
27.3821
26.8181
26.2655
25.7248
25.1965
24.6816
24.1815
23.6978
23.2264
22.7626
22.3239
21.9449
87.6871
57.3135
59.269
66.3401
75.0062
84.2775
93.7847
103.376
112.993
122.623
132.27
141.946
151.664
161.437
171.275
181.184
191.17
201.233
211.373
221.586
231.867
242.208
252.602
263.041
273.513
284.011
294.524
305.043
315.558
326.061
336.546
347.006
357.437
367.837
378.206
388.547
398.864
409.169
419.473
429.795
440.157
450.587
461.121
471.796
482.661
493.767
505.174
516.945
529.148
541.851
555.119
569.01
583.569
598.815
614.707
631.167
648.071
665.249
682.49
699.547
716.149
732.015
746.862
760.414
772.416
782.635
790.874
796.945
800.756
802.093
800.809
796.885
790.365
781.33
769.911
756.274
740.609
723.126
704.06
683.635
662.06
639.626
616.405
592.84
569.164
545.619
522.374
499.521
477.168
455.398
434.273
413.838
394.122
375.144
356.912
339.431
322.699
306.71
291.456
276.924
263.1
249.965
237.5
225.685
214.496
203.91
193.903
184.45
175.525
167.106
159.166
151.682
144.629
137.986
131.73
125.838
120.292
115.07
110.153
105.524
101.166
97.062
93.1966
89.5554
86.1244
82.8907
79.8419
76.9665
74.2536
71.6928
69.2744
66.9895
64.8293
62.7858
60.8515
59.0191
57.282
55.6338
54.0685
52.5806
51.1647
49.8159
48.5295
47.301
46.1265
45.0019
43.9237
42.8884
41.8929
40.9343
40.0096
39.1165
38.2525
37.4155
36.6033
35.8143
35.0467
34.299
33.5699
32.8581
32.1625
31.4822
30.8164
30.1643
29.5253
28.8991
28.2851
27.6832
27.0932
26.5151
25.9491
25.3954
24.8548
24.3283
23.8171
23.3233
22.8484
22.3948
21.9725
21.596
96.4187
61.3739
61.8927
68.0669
76.0531
84.7461
93.7352
102.854
112.039
121.275
130.563
139.915
149.341
158.85
168.451
178.147
187.939
197.826
207.803
217.864
227.999
238.2
248.455
258.753
269.081
279.428
289.78
300.127
310.456
320.759
331.024
341.246
351.418
361.535
371.598
381.607
391.568
401.489
411.385
421.274
431.181
441.136
451.179
461.356
471.722
482.34
493.284
504.635
516.48
528.91
542.015
555.879
570.57
586.136
602.577
619.832
637.779
656.236
674.966
693.686
712.084
729.831
746.599
762.074
775.963
788.004
798.011
805.641
810.626
812.82
812.155
808.639
802.338
793.363
781.874
768.061
752.122
734.258
714.758
693.851
671.635
648.698
625.176
601.32
577.349
553.464
529.829
506.581
483.871
461.769
440.325
419.587
399.583
380.334
361.851
344.138
327.194
311.013
295.584
280.893
266.925
253.659
241.075
229.15
217.86
207.179
197.084
187.548
178.546
170.052
162.041
154.488
147.37
140.662
134.343
128.391
122.784
117.504
112.529
107.844
103.429
99.2701
95.3502
91.655
88.1708
84.8844
81.7836
78.8567
76.0929
73.4817
71.0136
68.6793
66.4704
64.3787
62.3967
60.5172
58.7334
57.0391
55.4283
53.8953
52.4348
51.042
49.7122
48.4409
47.224
46.0578
44.9385
43.8628
42.8275
41.8297
40.8667
39.9359
39.0349
38.1617
37.3142
36.4906
35.6893
34.9087
34.1475
33.4044
32.6785
31.9687
31.2743
30.5944
29.9286
29.2763
28.6371
28.0109
27.3974
26.7966
26.2088
25.6342
25.0736
24.5279
23.9987
23.4879
22.9984
22.534
22.1009
21.7056
101.857
63.8295
63.0349
68.2298
75.4243
83.4473
91.8528
100.454
109.175
117.991
126.898
135.903
145.013
154.235
163.575
173.033
182.61
192.301
202.099
211.997
221.983
232.045
242.172
252.35
262.564
272.801
283.047
293.288
303.512
313.706
323.86
333.963
344.009
353.989
363.902
373.747
383.526
393.245
402.917
412.559
422.193
431.852
441.574
451.411
461.423
471.685
482.282
493.317
504.902
517.157
530.209
544.175
559.16
575.251
592.495
610.845
630.172
650.265
670.844
691.572
712.074
731.962
750.853
768.399
784.265
798.102
809.455
818.042
823.688
826.309
825.886
822.467
816.149
807.06
795.368
781.313
765.099
746.825
726.97
705.807
683.53
660.45
636.791
612.78
588.617
564.49
540.559
516.969
493.848
471.3
449.423
428.286
407.907
388.305
369.493
351.474
334.244
317.796
302.118
287.195
273.009
259.539
246.762
234.656
223.194
212.351
202.1
192.417
183.273
174.643
166.502
158.824
151.584
144.76
138.328
132.266
126.554
121.17
116.096
111.313
106.804
102.553
98.5437
94.7613
91.1921
87.8227
84.641
81.635
78.794
76.1074
73.5655
71.1591
68.8797
66.719
64.6694
62.7236
60.875
59.1172
57.4441
55.8501
54.3298
52.8784
51.4911
50.1634
48.8914
47.671
46.4988
45.3712
44.2851
43.2376
42.226
41.2477
40.3004
39.3819
38.4902
37.6236
36.7803
35.9588
35.1579
34.3762
33.6128
32.8666
32.1368
31.4227
30.7237
30.0392
29.369
28.7126
28.0701
27.4413
26.8265
26.226
25.6405
25.0711
24.5192
23.9869
23.4765
22.9919
22.5366
22.1143
104.214
64.8268
62.9147
67.1128
73.4425
80.7219
88.484
96.5211
104.74
113.102
121.595
130.218
138.975
147.871
156.907
166.084
175.398
184.846
194.418
204.106
213.897
223.779
233.739
243.761
253.831
263.934
274.055
284.18
294.294
304.383
314.436
324.44
334.385
344.263
354.067
363.794
373.441
383.012
392.515
401.962
411.373
420.776
430.209
439.721
449.376
459.255
469.461
480.115
491.363
503.369
516.312
530.368
545.698
562.454
580.73
600.483
621.555
643.68
666.503
689.6
712.506
734.755
755.883
775.56
793.099
808.049
820.101
829.073
834.875
837.484
836.915
833.282
826.731
817.388
805.388
791.119
774.797
756.619
736.883
715.842
693.731
670.795
647.255
623.323
599.193
575.044
551.037
527.316
504.006
481.218
459.047
437.569
416.859
396.952
377.854
359.566
342.084
325.397
309.493
294.355
279.964
266.297
253.332
241.044
229.407
218.395
207.981
198.138
188.841
180.062
171.775
163.956
156.58
149.622
143.061
136.873
131.037
125.533
120.343
115.446
110.827
106.467
102.352
98.4674
94.7979
91.331
88.0539
84.955
82.0232
79.2481
76.6197
74.1288
71.7668
69.5255
67.3971
65.3743
63.4503
61.6188
59.8736
58.2091
56.6199
55.1011
53.6477
52.2556
50.9204
49.6383
48.4057
47.2192
46.0755
44.9718
43.9053
42.8735
41.8739
40.9045
39.9632
39.0483
38.1581
37.291
36.4457
35.621
34.8157
34.029
33.2599
32.5077
31.7718
31.0516
30.3468
29.6571
28.9823
28.3225
27.6777
27.0484
26.4353
25.8393
25.262
24.7051
24.1704
23.6611
23.179
22.7266
103.814
64.5438
61.7517
64.9944
70.4331
76.927
84.0039
91.4383
99.118
106.989
115.029
123.229
131.588
140.106
148.784
157.62
166.611
175.749
185.026
194.432
203.955
213.583
223.299
233.091
242.943
252.839
262.765
272.704
282.642
292.564
302.455
312.303
322.095
331.819
341.467
351.029
360.502
369.884
379.176
388.387
397.53
406.628
415.713
424.833
434.048
443.443
453.129
463.253
474.001
485.602
498.316
512.424
528.178
545.847
565.548
587.204
610.582
635.31
660.906
686.812
712.435
737.253
760.559
781.736
800.204
815.555
827.619
836.333
841.709
843.778
842.6
838.393
831.374
821.732
809.667
795.433
779.254
761.349
741.95
721.284
699.575
677.038
653.882
630.305
606.49
582.611
558.822
535.264
512.062
489.325
467.148
445.609
424.778
404.709
385.458
367.025
349.403
332.581
316.545
301.276
286.755
272.959
259.865
247.448
235.682
224.541
213.998
204.027
194.601
185.695
177.282
169.337
161.837
154.756
148.073
141.765
135.812
130.192
124.886
119.878
115.147
110.68
106.458
102.469
98.6971
95.1297
91.7543
88.5591
85.5329
82.6653
79.9463
77.3669
74.9181
72.5917
70.3801
68.2759
66.2722
64.3626
62.541
60.8017
59.1394
57.5489
56.0256
54.5649
53.1628
51.8153
50.5188
49.2698
48.0652
46.902
45.7774
44.689
43.6344
42.6113
41.6179
40.6522
39.7127
38.7977
37.9059
37.036
36.187
35.3579
34.5477
33.7557
32.9813
32.2239
31.4831
30.7586
30.0503
29.3581
28.6821
28.0228
27.3808
26.7571
26.153
25.5701
25.0096
24.4737
23.963
23.4802
100.935
63.1831
59.7861
62.1758
66.7543
72.4631
78.8391
85.6446
92.7522
100.094
107.637
115.364
123.271
131.352
139.607
148.032
156.622
165.369
174.267
183.302
192.465
201.742
211.118
220.58
230.112
239.699
249.325
258.974
268.632
278.282
287.909
297.498
307.035
316.507
325.9
335.206
344.413
353.517
362.516
371.412
380.214
388.94
397.62
406.298
415.033
423.906
433.033
442.567
452.752
463.907
476.418
490.74
507.263
526.432
548.329
572.741
599.27
627.356
656.323
685.448
713.905
740.822
765.488
787.4
805.983
820.869
832.105
839.773
844.004
844.95
842.808
837.795
830.141
820.068
807.787
793.514
777.46
759.83
740.826
720.648
699.493
677.553
655.015
632.055
608.844
585.539
562.286
539.216
516.449
494.09
472.23
450.949
430.312
410.375
391.189
372.792
355.201
338.402
322.379
307.113
292.584
278.77
265.648
253.193
241.38
230.184
219.58
209.541
200.041
191.056
182.561
174.53
166.94
159.768
152.991
146.588
140.539
134.822
129.42
124.314
119.487
114.923
110.606
106.521
102.655
98.9941
95.5264
92.24
89.1238
86.1675
83.3612
80.6957
78.1623
75.7527
73.4592
71.2746
69.1919
67.2048
65.3072
63.4933
61.7578
60.0957
58.5022
56.9728
55.5034
54.0901
52.7293
51.4175
50.1516
48.9285
47.7457
46.6004
45.4904
44.4136
43.3677
42.3512
41.3622
40.3992
39.4609
38.546
37.6533
36.7819
35.9307
35.0991
34.2864
33.492
32.7155
31.9564
31.2148
30.4904
29.7835
29.0944
28.4237
27.7722
27.1413
26.5321
25.946
25.3831
24.8441
24.3317
95.5876
60.971
57.3068
59.0167
62.8337
67.805
73.4904
79.6522
86.1556
92.9248
99.9183
107.114
114.502
122.075
129.829
137.76
145.862
154.128
162.548
171.113
179.812
188.631
197.557
206.576
215.673
224.834
234.044
243.285
252.544
261.804
271.05
280.266
289.436
298.547
307.585
316.538
325.394
334.146
342.791
351.328
359.767
368.127
376.439
384.761
393.18
401.745
410.562
419.813
429.786
440.894
453.726
468.987
487.31
509.156
534.609
563.019
593.698
625.81
658.454
690.535
721.02
749.032
773.91
795.204
812.651
826.147
835.753
841.64
844.046
843.24
839.492
833.072
824.242
813.252
800.326
785.672
769.484
751.947
733.234
713.515
692.954
671.712
649.945
627.804
605.433
582.968
560.537
538.258
516.239
494.575
473.352
452.643
432.513
413.016
394.197
376.095
358.743
342.16
326.329
311.231
296.847
283.155
270.132
257.757
246.005
234.853
224.277
214.252
204.753
195.758
187.242
179.181
171.554
164.337
157.51
151.051
144.941
139.16
133.69
128.513
123.614
118.975
114.582
110.42
106.476
102.736
99.1899
95.8246
92.6296
89.5947
86.7103
83.9671
81.3566
78.8707
76.5017
74.2424
72.086
70.0262
68.057
66.1726
64.3677
62.6374
60.9769
59.3818
57.8481
56.3717
54.9492
53.577
52.2521
50.9715
49.7325
48.5326
47.3693
46.2406
45.1444
44.079
43.0425
42.0335
41.0506
40.0924
39.1579
38.246
37.3557
36.4863
35.637
34.8073
33.9967
33.2047
32.4313
31.6764
30.9399
30.2224
29.5242
28.8461
28.1893
27.5548
26.9436
26.3551
25.7894
25.2495
89.0419
58.4953
54.7653
55.9752
59.1638
63.4681
68.4861
73.9951
79.8639
86.0148
92.4027
99.0023
105.799
112.786
119.955
127.303
134.823
142.508
150.35
158.339
166.464
174.714
183.076
191.537
200.084
208.702
217.378
226.096
234.843
243.603
252.362
261.106
269.82
278.49
287.106
295.655
304.13
312.526
320.842
329.083
337.266
345.416
353.58
361.829
370.275
379.01
388.179
398.027
408.931
421.45
436.406
454.666
476.972
503.405
533.649
566.952
602.251
638.317
673.941
707.881
739.1
766.801
790.46
809.812
824.798
835.503
842.138
845.006
844.459
840.86
834.559
825.882
815.128
802.565
788.425
772.908
756.194
738.439
719.789
700.377
680.33
659.772
638.822
617.596
596.207
574.763
553.366
532.114
511.096
490.394
470.083
450.228
430.887
412.108
393.935
376.403
359.544
343.384
327.939
313.189
299.116
285.7
272.92
260.756
249.187
238.191
227.746
217.83
208.42
199.495
191.033
183.011
175.409
168.206
161.381
154.915
148.789
142.985
137.485
132.273
127.333
122.649
118.207
113.993
109.994
106.198
102.592
99.1658
95.9087
92.8106
89.8622
87.0545
84.3791
81.8282
79.3942
77.07
74.8491
72.7252
70.6923
68.7449
66.8777
65.0859
63.3647
61.71
60.1175
58.5835
57.1044
55.6769
54.2979
52.9643
51.6737
50.4233
49.211
48.0346
46.892
45.7815
44.7013
43.6499
42.626
41.6281
40.6552
39.7062
38.78
37.876
36.9932
36.1312
35.2894
34.4674
33.665
32.882
32.1186
31.3749
30.6515
29.949
29.2683
28.6102
27.9756
27.3637
26.7737
26.2091
81.0351
55.7582
52.292
53.192
55.8874
59.6096
64.0058
68.8784
74.1074
79.6189
85.3677
91.3272
97.4815
103.821
110.34
117.032
123.891
130.913
138.088
145.409
152.866
160.45
168.149
175.953
183.849
191.826
199.873
207.978
216.129
224.315
232.524
240.747
248.974
257.198
265.412
273.614
281.804
289.987
298.175
306.39
314.665
323.051
331.619
340.477
349.768
359.692
370.506
382.569
396.42
412.862
432.932
457.481
486.615
519.963
556.707
595.658
635.373
674.351
711.214
744.828
774.379
799.294
819.307
834.422
844.823
850.809
852.763
851.124
846.341
838.848
829.047
817.298
803.917
789.172
773.287
756.45
738.813
720.506
701.64
682.314
662.617
642.631
622.439
602.118
581.746
561.397
541.144
521.058
501.207
481.654
462.456
443.668
425.337
407.505
390.208
373.478
357.343
341.827
326.956
312.731
299.134
286.147
273.753
261.934
250.672
239.948
229.742
220.035
210.808
202.04
193.712
185.803
178.295
171.169
164.406
157.989
151.898
146.119
140.633
135.427
130.484
125.79
121.331
117.096
113.07
109.242
105.602
102.137
98.8391
95.6975
92.7035
89.8485
87.1244
84.5235
82.0386
79.6629
77.3899
75.2136
73.1282
71.1283
69.2089
67.365
65.5923
63.8865
62.2436
60.6598
59.1318
57.6562
56.23
54.8502
53.5144
52.22
50.9647
49.7464
48.5632
47.4132
46.2947
45.2063
44.1464
43.1139
42.1074
41.1259
40.1685
39.2342
38.3223
37.4321
36.5631
35.7149
34.8872
34.0798
33.2928
32.5263
31.7808
31.0567
30.3548
29.6759
29.0204
28.3882
27.7766
27.1904
72.0974
52.7602
49.8919
50.654
52.9691
56.1904
60.0208
64.2924
68.9006
73.7782
78.8826
84.1868
89.6746
95.3357
101.164
107.153
113.3
119.6
126.046
132.633
139.354
146.202
153.17
160.251
167.438
174.723
182.101
189.565
197.112
204.738
212.44
220.218
228.075
236.015
244.048
252.186
260.451
268.869
277.479
286.334
295.504
305.085
315.206
326.043
337.832
350.897
365.676
382.775
403.027
427.557
457.401
492.047
530.84
572.638
616.009
659.404
701.214
740.002
774.619
804.262
828.476
847.111
860.285
868.364
871.797
871.053
866.655
859.155
849.054
836.806
822.818
807.446
790.985
773.679
755.723
737.27
718.443
699.338
680.031
660.588
641.061
621.498
601.943
582.44
563.03
543.754
524.656
505.777
487.16
468.846
450.874
433.282
416.105
399.374
383.118
367.362
352.129
337.439
323.313
309.769
296.796
284.378
272.501
261.151
250.313
239.971
230.108
220.709
211.755
203.23
195.116
187.397
180.054
173.072
166.433
160.121
154.12
148.416
142.992
137.835
132.93
128.265
123.827
119.604
115.583
111.754
108.106
104.63
101.315
98.1532
95.1353
92.2534
89.4998
86.8672
84.3487
81.9377
79.6281
77.414
75.2901
73.2509
71.2918
69.408
67.5952
65.8493
64.1665
62.5431
60.9758
59.4615
57.9971
56.5799
55.2073
53.8769
52.5865
51.334
50.1175
48.9351
47.7853
46.6664
45.5771
44.5161
43.4821
42.4741
41.491
40.532
39.5963
38.6831
37.792
36.9223
36.0739
35.2465
34.44
33.6547
32.8908
32.1487
31.4291
30.7325
30.0594
29.4096
28.7805
28.1763
62.9375
49.5201
47.5299
48.3183
50.3596
53.1587
56.4837
60.1998
64.2202
68.487
72.9613
77.6176
82.4392
87.4159
92.5412
97.8112
103.223
108.775
114.464
120.29
126.25
132.345
138.573
144.935
151.433
158.072
164.856
171.793
178.892
186.166
193.632
201.309
209.222
217.4
225.882
234.712
243.946
253.651
263.915
274.844
286.574
299.28
313.19
328.61
345.94
365.746
388.734
415.929
448.559
487.551
531.147
578.01
626.435
674.576
720.729
763.559
801.855
834.691
861.52
882.138
896.634
905.318
908.663
907.249
901.699
892.638
880.683
866.485
850.493
833.107
814.696
795.563
775.951
756.043
735.982
715.875
695.802
675.823
655.982
636.311
616.834
597.57
578.532
559.734
541.186
522.902
504.896
487.184
469.782
452.71
435.988
419.636
403.674
388.121
372.997
358.318
344.1
330.358
317.107
304.366
292.132
280.395
269.144
258.368
248.054
238.191
228.763
219.759
211.163
202.961
195.138
187.679
180.57
173.796
167.342
161.194
155.337
149.759
144.446
139.384
134.561
129.966
125.586
121.411
117.429
113.631
110.007
106.547
103.244
100.087
97.0698
94.1842
91.4231
88.7797
86.2473
83.8199
81.4916
79.257
77.1108
75.0481
73.0642
71.1548
69.3156
67.5428
65.8328
64.182
62.5872
61.0454
59.5537
58.1095
56.7103
55.3537
54.0376
52.7599
51.5189
50.3127
49.1397
47.9984
46.8874
45.8054
44.7511
43.7235
42.7215
41.7443
40.791
39.8608
38.9532
38.0676
37.2038
36.3614
35.5404
34.7408
33.9629
33.2071
32.4737
31.7633
31.0761
30.4121
29.7696
29.1512
54.087
46.0666
45.158
46.134
48.0187
50.4876
53.3812
56.6018
60.083
63.778
67.6534
71.6865
75.8618
80.1702
84.607
89.1708
93.8629
98.6868
103.648
108.753
114.012
119.438
125.043
130.848
136.872
143.141
149.684
156.536
163.736
171.328
179.364
187.903
197.01
206.762
217.247
228.565
240.835
254.193
268.804
284.871
302.643
322.423
344.617
369.79
398.576
431.86
470.677
516.669
568.868
623.899
679.58
733.743
784.421
830.055
869.631
902.792
929.122
948.534
961.229
967.629
968.311
963.942
955.23
942.876
927.552
909.868
890.374
869.558
847.825
825.522
802.982
780.426
757.998
735.799
713.904
692.362
671.21
650.471
630.159
610.28
590.835
571.818
553.223
535.039
517.256
499.863
482.853
466.219
449.958
434.067
418.55
403.409
388.651
374.282
360.309
346.742
333.587
320.853
308.549
296.686
285.269
274.292
263.745
253.621
243.91
234.602
225.685
217.15
208.983
201.173
193.708
186.576
179.762
173.256
167.045
161.115
155.456
150.054
144.898
139.977
135.28
130.796
126.514
122.424
118.518
114.784
111.216
107.804
104.541
101.417
98.4274
95.5636
92.8193
90.1881
87.6641
85.2415
82.9148
80.6791
78.5292
76.4608
74.4693
72.5506
70.7009
68.9164
67.1937
65.5296
63.9208
62.3646
60.8583
59.3992
57.985
56.6136
55.2827
53.9905
52.7351
51.5149
50.3283
49.1737
48.0498
46.9552
45.8889
44.8496
43.8363
42.8481
41.8842
40.9438
40.0261
39.1309
38.2575
37.4058
36.5756
35.7669
34.9798
34.2148
33.472
32.752
32.0549
31.3806
30.7279
30.0999
45.8097
42.3131
42.6089
43.9453
45.8286
48.1013
50.6791
53.5038
56.5315
59.729
63.0711
66.5407
70.1274
73.8273
77.6421
81.5786
85.6491
89.8706
94.2657
98.8627
103.696
108.808
114.245
120.065
126.331
133.116
140.501
148.578
157.446
167.218
178.017
189.975
203.241
217.976
234.354
252.567
272.831
295.389
320.513
348.549
379.959
415.164
454.73
499.38
550.05
607.908
672.175
737.915
801.453
860.518
913.317
958.564
995.527
1023.99
1044.24
1057.04
1062.85
1062.24
1055.95
1044.74
1029.44
1010.82
989.598
966.416
941.831
916.311
890.244
863.941
837.652
811.572
785.865
760.662
736.11
712.219
688.998
666.446
644.559
623.33
602.75
582.805
563.478
544.749
526.596
508.995
491.919
475.343
459.242
443.594
428.38
413.582
399.189
385.189
371.577
358.346
345.495
333.022
320.927
309.211
297.877
286.928
276.365
266.189
256.396
246.975
237.921
229.224
220.876
212.867
205.188
197.828
190.779
184.028
177.566
171.382
165.466
159.806
154.393
149.216
144.264
139.529
135
130.668
126.524
122.558
118.763
115.13
111.652
108.32
105.128
102.068
99.1336
96.319
93.6179
91.0244
88.533
86.1385
83.8359
81.6206
79.4879
77.4336
75.4537
73.5443
71.7018
69.9228
68.204
66.5424
64.935
63.3792
61.8724
60.4122
58.9964
57.6228
56.2895
54.9946
53.7363
52.5131
51.3234
50.1658
49.0388
47.9412
46.8719
45.8296
44.8134
43.8224
42.8555
41.9121
40.9916
40.0933
39.2168
38.3618
37.5282
36.7159
35.925
35.1557
34.4083
33.6832
32.9804
32.3
31.6409
31.0069
40.252
39.4039
40.6138
42.3245
44.3271
46.5703
49.0197
51.6441
54.4165
57.3135
60.3181
63.4222
66.6275
69.9448
73.3934
77.0014
80.8071
84.8602
89.2224
93.9692
99.1909
104.994
111.5
118.852
127.209
136.75
147.67
160.183
174.514
190.901
209.587
230.816
254.829
281.874
312.175
345.938
383.411
424.885
470.534
520.592
575.365
635.178
700.481
771.171
846.852
920.842
988.116
1046.95
1096.17
1135.23
1164.06
1183.05
1192.9
1194.58
1189.26
1177.96
1161.47
1140.65
1116.38
1089.46
1060.64
1030.55
999.73
968.624
937.572
906.833
876.595
846.994
818.12
790.033
762.77
736.359
710.827
686.196
662.46
639.575
617.516
596.263
575.788
556.066
537.071
518.775
501.147
484.154
467.763
451.939
436.65
421.863
407.551
393.689
380.254
367.228
354.595
342.342
330.46
318.939
307.775
296.963
286.499
276.382
266.609
257.179
248.087
239.328
230.896
222.785
214.987
207.493
200.295
193.385
186.753
180.391
174.29
168.441
162.834
157.461
152.313
147.381
142.655
138.127
133.789
129.633
125.65
121.833
118.173
114.665
111.3
108.072
104.975
102.002
99.1468
96.4043
93.7689
91.2352
88.7982
86.4532
84.1956
82.0211
79.9255
77.9049
75.9557
74.0741
72.257
70.5011
68.8034
67.161
65.5713
64.0317
62.5398
61.0934
59.6905
58.3288
57.0067
55.7224
54.4741
53.2604
52.0797
50.9306
49.8118
48.722
47.6601
46.625
45.6157
44.6311
43.6704
42.7328
41.8177
40.9245
40.0527
39.202
38.3722
37.5631
36.7749
36.0078
35.2619
34.5375
33.8348
33.1537
32.4935
31.8581
35.5197
36.5465
38.5955
40.7588
43.0104
45.3742
47.8559
50.4447
53.1306
55.8902
58.712
61.6043
64.5989
67.7432
71.0935
74.7219
78.7193
83.2001
88.3056
94.2074
101.112
109.263
118.946
130.486
144.247
160.616
179.995
202.784
229.345
259.995
295.004
334.536
378.665
427.507
480.964
538.823
600.851
666.838
736.545
809.753
886.17
964.861
1045.64
1122.17
1188.27
1242.89
1285.48
1316.14
1335.42
1344.17
1343.47
1334.59
1318.89
1297.61
1271.63
1241.87
1209.22
1174.51
1138.48
1101.77
1064.9
1028.31
992.298
957.105
922.877
889.707
857.64
826.69
796.844
768.08
740.367
713.672
687.971
663.239
639.452
616.582
594.618
573.533
553.288
533.857
515.21
497.313
480.135
463.639
447.788
432.544
417.87
403.731
390.094
376.93
364.211
351.915
340.019
328.507
317.363
306.576
296.133
286.027
276.251
266.798
257.664
248.843
240.332
232.124
224.214
216.595
209.261
202.204
195.417
188.893
182.624
176.603
170.82
165.269
159.94
154.826
149.919
145.21
140.693
136.359
132.201
128.211
124.382
120.708
117.181
113.795
110.544
107.421
104.421
101.537
98.7656
96.0999
93.5355
91.0675
88.6914
86.4027
84.1972
82.0711
80.0204
78.0416
76.1311
74.2858
72.5024
70.778
69.1098
67.4952
65.9316
64.4167
62.9482
61.524
60.1421
58.8006
57.4978
56.2319
55.0013
53.8046
52.6403
51.507
50.4035
49.3285
48.2808
47.2594
46.2632
45.2914
44.3429
43.417
42.5131
41.6305
40.7687
39.9275
39.1064
38.3055
37.5247
36.7642
36.0241
35.3047
34.6061
33.9284
33.2709
32.6376
31.5056
33.5882
36.4171
39.159
41.8488
44.5532
47.323
50.1342
52.961
55.794
58.6449
61.5546
64.6002
67.8975
71.6141
75.9178
81.0141
87.1704
94.7259
104.104
115.827
130.518
148.885
171.692
199.708
233.613
273.933
321.018
374.888
435.294
501.959
574.161
650.96
731.394
814.473
899.265
984.814
1070.43
1154.99
1237.32
1316.43
1386.73
1442.62
1484.52
1512.8
1528.44
1532.57
1526.49
1511.56
1489.21
1460.83
1427.9
1391.19
1351.56
1309.85
1266.82
1223.16
1179.48
1136.26
1093.9
1052.66
1012.75
974.287
937.316
901.846
867.85
835.275
804.059
774.13
745.417
717.851
691.371
665.925
641.469
617.966
595.388
573.711
552.914
532.975
513.883
495.602
478.101
461.345
445.297
429.919
415.172
401.017
387.416
374.336
361.744
349.612
337.912
326.621
315.718
305.186
295.007
285.168
275.656
266.463
257.579
248.996
240.707
232.706
224.987
217.543
210.368
203.455
196.797
190.388
184.22
178.287
172.581
167.096
161.823
156.756
151.887
147.21
142.716
138.4
134.254
130.271
126.445
122.77
119.238
115.845
112.583
109.447
106.432
103.533
100.743
98.0591
95.4751
92.987
90.5902
88.2807
86.0543
83.9072
81.8358
79.8364
77.9058
76.0407
74.2381
72.4951
70.8089
69.1769
67.5966
66.0657
64.582
63.1432
61.7475
60.393
59.0777
57.8001
56.5585
55.3514
54.1773
53.0347
51.9225
50.8392
49.7838
48.7551
47.7519
46.7733
45.8184
44.8862
43.9759
43.0869
42.2185
41.3702
40.5416
39.7325
38.9426
38.172
37.4207
36.6889
35.9768
35.2846
34.6124
33.9595
33.3303
28.1395
30.6323
34.3003
37.8691
41.3172
44.7447
48.1804
51.5765
54.9114
58.1919
61.466
64.8396
68.4935
72.6911
77.8065
84.2411
92.53
103.388
117.758
136.828
162.022
194.908
236.973
289.404
352.919
427.397
511.992
605.651
706.264
811.479
918.991
1026.6
1132.38
1234.66
1332.07
1423.65
1507.88
1584.36
1650.94
1703.67
1739.51
1760.26
1767.27
1762.16
1746.58
1722.11
1690.24
1652.43
1609.95
1564.34
1516.18
1466.25
1415.24
1363.8
1312.5
1261.87
1212.32
1164.18
1117.7
1073.02
1030.23
989.351
950.356
913.184
877.752
843.964
811.718
780.91
751.441
723.218
696.159
670.188
645.245
621.277
598.245
576.117
554.868
534.479
514.934
496.216
478.307
461.184
444.819
429.172
414.207
399.882
386.161
373.004
360.378
348.249
336.588
325.368
314.563
304.15
294.11
284.425
275.077
266.053
257.341
248.929
240.807
232.968
225.402
218.102
211.062
204.274
197.73
191.426
185.353
179.504
173.874
168.455
163.24
158.224
153.399
148.758
144.295
140.004
135.877
131.91
128.095
124.426
120.898
117.506
114.242
111.102
108.081
105.174
102.375
99.6806
97.0853
94.585
92.1756
89.8529
87.6132
85.4526
83.3677
81.3549
79.4111
77.533
75.7178
73.9626
72.2646
70.6212
69.0302
67.4892
65.9959
64.5482
63.1442
61.7819
60.4594
59.1751
57.9273
56.7144
55.535
54.3876
53.2709
52.1836
51.1245
50.0924
49.0861
48.1046
47.1469
46.212
45.2991
44.4073
43.536
42.6845
41.8522
41.0387
40.2438
39.4672
38.7088
37.9687
37.247
36.5439
35.8595
35.1942
34.5474
33.9235
25.3805
28.0189
32.9976
37.9752
42.8217
47.6492
52.4516
57.1674
61.7684
66.2766
70.8022
75.5885
81.0791
87.901
96.9074
109.28
126.641
151.186
185.73
233.41
297.187
379.239
479.868
597.517
729.791
871.91
1018.71
1165.31
1307.4
1441.55
1565.18
1676.58
1774.99
1859.42
1929.46
1986.06
2027
2050.46
2057.24
2050
2030.66
2001.22
1963.48
1919
1869.24
1815.5
1758.89
1700.71
1641.37
1581.49
1521.59
1462.18
1403.71
1346.57
1291.08
1237.51
1186.04
1136.79
1089.81
1045.09
1002.59
962.221
923.884
887.459
852.82
819.843
788.404
758.388
729.687
702.204
675.853
650.557
626.254
602.893
580.432
558.841
538.096
518.179
499.077
480.776
463.261
446.514
430.509
415.221
400.615
386.651
373.292
360.5
348.242
336.484
325.198
314.357
303.935
293.909
284.257
274.961
266.004
257.369
249.042
241.011
233.265
225.793
218.586
211.636
204.934
198.472
192.244
186.241
180.458
174.887
169.522
164.355
159.381
154.593
149.984
145.549
141.281
137.174
133.222
129.419
125.76
122.238
118.85
115.588
112.448
109.425
106.514
103.711
101.011
98.4092
95.9018
93.4847
91.154
88.9059
86.7369
84.6435
82.6224
80.6703
78.7843
76.9613
75.1987
73.4937
71.8438
70.2466
68.6997
67.2012
65.7488
64.3405
62.9743
61.6485
60.3612
59.1108
57.8957
56.7144
55.5655
54.4476
53.3594
52.2996
51.267
50.2605
49.2789
48.3213
47.3865
46.4738
45.5821
44.7107
43.8588
43.0259
42.2112
41.4144
40.6351
39.873
39.1281
38.4003
37.6897
36.9964
36.3208
35.663
35.0229
34.4049
23.189
26.9971
34.905
42.8362
50.7017
58.5976
66.5213
74.4015
82.1677
89.8439
97.6833
106.303
116.84
131.123
151.91
183.134
229.959
298.5
394.84
522.153
679.438
862.898
1062.96
1268.85
1470.68
1660.12
1831.16
1980.23
2106.04
2208.46
2288.03
2346.13
2385.31
2405.87
2408.8
2394.56
2366.97
2328.54
2281.3
2227.14
2167.59
2103.99
2037.56
1969.23
1899.99
1830.64
1761.42
1692.8
1625.14
1558.8
1494.08
1431.27
1370.59
1312.23
1256.31
1202.92
1152.08
1103.77
1057.93
1014.47
973.28
934.227
897.176
861.989
828.529
796.665
766.274
737.241
709.461
682.84
657.296
632.756
609.16
586.461
564.619
543.605
523.398
503.981
485.344
467.474
450.359
433.984
418.329
403.369
389.076
375.419
362.361
349.868
337.905
326.442
315.45
304.903
294.777
285.048
275.696
266.7
258.044
249.71
241.684
233.951
226.5
219.32
212.4
205.73
199.302
193.107
187.138
181.386
175.844
170.506
165.365
160.414
155.646
151.054
146.634
142.379
138.282
134.338
130.541
126.886
123.367
119.979
116.716
113.575
110.549
107.635
104.827
102.121
99.5141
97.0006
94.5772
92.24
89.9853
87.8097
85.7098
83.6824
81.7243
79.8325
78.0041
76.2365
74.5269
72.8729
71.2722
69.7222
68.2209
66.766
65.3556
63.9878
62.6607
61.3725
60.1215
58.9062
57.725
56.5764
55.4591
54.3718
53.313
52.2817
51.2767
50.2967
49.3408
48.4079
47.497
46.6072
45.7375
44.8872
44.0556
43.2418
42.4454
41.6658
40.9026
40.1556
39.4245
38.7093
38.01
37.3268
36.6599
36.0097
35.3761
34.7638
23.3544
31.9234
48.8229
65.0635
81.5753
98.558
115.921
133.408
150.709
167.819
185.608
206.275
233.896
275.102
339.639
439.395
584.549
779.47
1022.78
1298.41
1584.73
1860.87
2110.38
2323.49
2496.16
2628.44
2723.2
2784.94
2818.75
2828.97
2818.98
2792.07
2750.24
2697.53
2636.62
2569.34
2497.35
2421.98
2344.28
2265.21
2185.49
2105.68
2026.74
1948.73
1871.88
1796.5
1722.81
1651.05
1581.42
1514.1
1449.23
1386.94
1327.32
1270.4
1216.2
1164.7
1115.83
1069.5
1025.6
984.006
944.584
907.193
871.691
837.941
805.812
775.178
745.925
717.945
691.14
665.424
640.719
616.961
594.094
572.073
550.862
530.434
510.771
491.858
473.685
456.242
439.518
423.502
408.177
393.52
379.509
366.114
353.305
341.052
329.324
318.091
307.325
297.003
287.099
277.593
268.464
259.692
251.26
243.151
235.35
227.842
220.616
213.658
206.958
200.505
194.291
188.305
182.541
176.989
171.641
166.492
161.533
156.758
152.16
147.733
143.47
139.366
135.414
131.61
127.946
124.419
121.021
117.75
114.599
111.564
108.64
105.822
103.107
100.49
97.9671
95.5344
93.1882
90.9248
88.7408
86.6328
84.5979
82.6327
80.7344
78.9
77.1268
75.4122
73.7536
72.1487
70.5951
69.0906
67.6331
66.2206
64.851
63.5225
62.2334
60.982
59.7665
58.5855
57.4374
56.3209
55.2346
54.1772
53.1475
52.1441
51.1661
50.2123
49.2816
48.3729
47.4854
46.6181
45.7701
44.9405
44.1286
43.3337
42.5552
41.7924
41.045
40.3125
39.5948
38.8916
38.2031
37.5293
36.8705
36.2271
35.5992
34.9917
22.7233
74.3874
138.184
195.604
253.662
312.592
371.334
428.204
481.637
532.251
584.93
649.957
743.579
886.103
1098.99
1390.77
1741.96
2115.27
2469.3
2771.28
3004.55
3167.5
3268.18
3318.51
3330.2
3312.93
3274.61
3221.09
3156.13
3082.82
3004.01
2921.33
2835.85
2748.52
2660.05
2571.05
2482.11
2393.6
2305.83
2219.48
2134.63
2051.3
1969.74
1890.11
1812.55
1737.22
1664.26
1593.78
1525.9
1460.69
1398.21
1338.5
1281.56
1227.35
1175.84
1126.95
1080.57
1036.6
994.909
955.367
917.839
882.189
848.287
816.006
785.225
755.831
727.717
700.788
674.954
650.136
626.265
603.28
581.131
559.777
539.186
519.334
500.202
481.779
464.055
447.022
430.671
414.993
399.972
385.591
371.829
358.66
346.059
333.999
322.452
311.393
300.797
290.638
280.896
271.55
262.579
253.966
245.693
237.744
230.103
222.757
215.691
208.894
202.354
196.062
190.005
184.176
178.566
173.165
167.966
162.962
158.145
153.508
149.044
144.747
140.61
136.628
132.794
129.103
125.548
122.126
118.83
115.656
112.599
109.654
106.816
104.082
101.446
98.9059
96.4566
94.0945
91.816
89.6177
87.4962
85.4483
83.471
81.5612
79.7161
77.933
76.2092
74.5422
72.9296
71.369
69.8582
68.395
66.9774
65.6034
64.2712
62.9788
61.7246
60.5069
59.3242
58.1748
57.0574
55.9705
54.9129
53.8833
52.8803
51.903
50.95
50.0204
49.1131
48.2271
47.3613
46.5149
45.6869
44.8766
44.0831
43.3056
42.5436
41.7963
41.0633
40.3441
39.6384
38.9461
38.267
37.6013
36.9492
36.3111
35.6875
35.0833
27.7242
626.24
1060.28
1418.06
1716.58
1963.07
2161.39
2314.01
2425.35
2506.11
2582.05
2690.75
2863.63
3106.08
3387.25
3651.64
3849.54
3958.93
3986.02
3952.53
3882.24
3793.52
3697.6
3599.88
3502.62
3406.83
3312.38
3218.84
3125.87
3033.19
2940.68
2848.34
2756.33
2664.8
2573.83
2483.63
2394.82
2307.29
2221.05
2136.38
2053.44
1972.36
1893.3
1816.42
1741.83
1669.66
1600
1532.93
1468.51
1406.77
1347.73
1291.38
1237.68
1186.59
1138.02
1091.88
1048.07
1006.48
966.974
929.44
893.752
859.786
827.425
796.556
767.069
738.863
711.844
685.923
661.021
637.066
613.995
591.754
570.295
549.582
529.586
510.283
491.659
473.701
456.401
439.754
423.751
408.383
393.639
379.504
365.959
352.983
340.553
328.647
317.239
306.308
295.831
285.786
276.154
266.914
258.049
249.539
241.37
233.525
225.989
218.748
211.788
205.099
198.667
192.482
186.534
180.813
175.31
170.016
164.922
160.022
155.307
150.771
146.406
142.206
138.163
134.273
130.528
126.924
123.454
120.113
116.896
113.798
110.815
107.941
105.172
102.504
99.9322
97.4533
95.0633
92.7583
90.535
88.3899
86.3197
84.3212
82.3916
80.5278
78.7271
76.9869
75.3045
73.6775
72.1036
70.5804
69.1058
67.6777
66.294
64.953
63.6526
62.3911
61.1668
59.9782
58.8235
57.7014
56.6104
55.5492
54.5164
53.5108
52.5312
51.5763
50.6452
49.7367
48.8497
47.9833
47.1364
46.3082
45.4977
44.7041
43.9265
43.1642
42.4163
41.6824
40.9616
40.2537
39.5581
38.8745
38.2029
37.5432
36.8958
36.2611
35.6396
35.0368
259.829
430.184
628.116
840.515
1056.88
1270.47
1478.87
1683.26
1887.82
2100.31
2332.18
2588.82
2854.16
3092.08
3272.68
3388.78
3451.74
3477.83
3479.32
3463.31
3433.82
3393.66
3345.03
3289.64
3228.7
3163.06
3093.4
3020.34
2944.5
2866.33
2786.17
2704.46
2621.85
2538.85
2455.52
2372.2
2289.37
2207.3
2126.21
2046.41
1968.13
1891.57
1816.92
1744.35
1673.98
1605.94
1540.32
1477.17
1416.54
1358.45
1302.9
1249.86
1199.28
1151.11
1105.26
1061.64
1020.15
980.695
943.152
907.414
873.369
840.908
809.927
780.324
752.001
724.867
698.836
673.829
649.774
626.605
604.264
582.701
561.873
541.745
522.292
503.49
485.327
467.791
450.874
434.572
418.877
403.782
389.277
375.35
361.984
349.163
336.866
325.074
313.765
302.92
292.519
282.543
272.973
263.792
254.983
246.528
238.412
230.621
223.138
215.952
209.049
202.417
196.044
189.919
184.031
178.372
172.93
167.699
162.668
157.831
153.179
148.704
144.4
140.26
136.278
132.446
128.759
125.211
121.796
118.51
115.345
112.299
109.365
106.54
103.818
101.196
98.6689
96.2332
93.885
91.6207
89.4367
87.3296
85.2964
83.3337
81.4387
79.6086
77.8405
76.1318
74.48
72.8827
71.3375
69.8423
68.3948
66.993
65.6349
64.3186
63.0423
61.8043
60.6028
59.4363
58.3032
57.202
56.1313
55.0898
54.0762
53.0892
52.1276
51.1902
50.276
49.3839
48.5128
47.6617
46.8296
46.0156
45.2187
44.4381
43.6729
42.9222
42.1854
41.4615
40.7501
40.0504
39.3619
38.6844
38.0175
37.3613
36.7159
36.0819
35.46
34.856
254.189
270.138
289.404
312.415
339.306
369.721
402.848
438.954
483.541
549.738
654.213
809.987
1020.49
1276.79
1559.02
1842.8
2106.57
2335.73
2523.18
2667.8
2772.31
2841.53
2880.92
2895.78
2890.77
2869.78
2835.98
2791.99
2740.16
2682.04
2618.7
2551.25
2480.73
2408.02
2333.77
2258.58
2183.04
2107.63
2032.73
1958.71
1885.88
1814.5
1744.79
1676.93
1611.09
1547.38
1485.88
1426.67
1369.79
1315.24
1263.03
1213.12
1165.46
1120
1076.65
1035.35
995.991
958.484
922.73
888.632
856.09
825.009
795.294
766.855
739.606
713.462
688.347
664.189
640.922
618.484
596.823
575.893
555.653
536.072
517.123
498.787
481.05
463.901
447.334
431.343
415.923
401.068
386.769
373.016
359.797
347.096
334.897
323.184
311.938
301.143
290.78
280.834
271.287
262.124
253.328
244.885
236.78
228.999
221.527
214.352
207.461
200.843
194.484
188.376
182.506
176.866
171.446
166.237
161.23
156.417
151.79
147.342
143.065
138.952
134.997
131.193
127.534
124.013
120.627
117.367
114.231
111.211
108.304
105.505
102.809
100.212
97.7102
95.2989
92.9746
90.7337
88.5726
86.488
84.4766
82.5353
80.6611
78.8513
77.103
75.4136
73.7807
72.2017
70.6745
69.1967
67.7662
66.381
65.0391
63.7386
62.4777
61.2546
60.0678
58.9156
57.7964
56.7088
55.6514
54.6228
53.6218
52.647
51.6974
50.7716
49.8686
48.9874
48.1269
47.286
46.4637
45.6592
44.8713
44.0993
43.3423
42.5992
41.8693
41.1518
40.4459
39.751
39.0663
38.3915
37.7261
37.0702
36.4238
35.7875
35.1623
34.5542
87.4954
90.206
93.2905
96.7865
100.782
105.973
115.808
138.934
186.291
264.514
374.582
515.474
686.132
884.049
1103.48
1335.12
1567.51
1789.1
1990.1
2163.77
2306.61
2417.95
2499.31
2553.53
2584.03
2594.33
2587.75
2567.27
2535.52
2494.63
2446.33
2392.11
2333.31
2271.03
2206.2
2139.63
2072
2003.91
1935.86
1868.26
1801.49
1735.84
1671.57
1608.87
1547.93
1488.86
1431.76
1376.7
1323.72
1272.84
1224.06
1177.33
1132.64
1089.91
1049.1
1010.12
972.899
937.354
903.402
870.957
839.934
810.249
781.82
754.565
728.409
703.277
679.099
655.81
633.35
611.664
590.702
570.423
550.788
531.767
513.337
495.478
478.177
461.424
445.211
429.535
414.391
399.773
385.675
372.09
359.006
346.414
334.299
322.647
311.445
300.678
290.33
280.388
270.837
261.663
252.852
244.39
236.263
228.459
220.964
213.765
206.852
200.211
193.833
187.706
181.821
176.166
170.733
165.514
160.498
155.678
151.046
146.594
142.314
138.201
134.246
130.443
126.786
123.269
119.886
116.632
113.501
110.487
107.587
104.795
102.106
99.5167
97.0224
94.6192
92.3031
90.0705
87.9178
85.8416
83.8387
81.9059
80.0402
78.2387
76.4988
74.8177
73.193
71.6222
70.1029
68.6331
67.2104
65.8329
64.4986
63.2056
61.9521
60.7364
59.5567
58.4116
57.2994
56.2186
55.168
54.146
53.1515
52.1831
51.2396
50.3199
49.4229
48.5475
47.6926
46.8571
46.0401
45.2406
44.4576
43.6901
42.9372
42.1979
41.4714
40.7567
40.0531
39.3596
38.6756
38.0005
37.3338
36.6754
36.0252
35.384
34.753
34.1383
45.1128
45.8793
46.7717
48.0668
50.9293
59.0676
79.6748
120.194
184.349
272.398
383.085
514.79
665.723
833.442
1014.23
1202.84
1392.87
1577.4
1749.94
1905.09
2039.05
2149.73
2236.67
2300.69
2343.49
2367.27
2374.46
2367.43
2348.45
2319.54
2282.43
2238.68
2189.65
2136.49
2080.22
2021.69
1961.65
1900.74
1839.48
1778.33
1717.69
1657.86
1599.12
1541.67
1485.7
1431.33
1378.67
1327.79
1278.74
1231.52
1186.15
1142.6
1100.84
1060.84
1022.53
985.859
950.764
917.177
885.026
854.238
824.742
796.464
769.332
743.277
718.231
694.127
670.903
648.501
626.866
605.948
585.702
566.089
547.074
528.628
510.73
493.36
476.505
460.157
444.307
428.952
414.088
399.711
385.817
372.398
359.449
346.96
334.922
323.324
312.154
301.402
291.054
281.099
271.524
262.318
253.468
244.962
236.787
228.932
221.385
214.135
207.169
200.477
194.048
187.873
181.94
176.241
170.766
165.506
160.452
155.596
150.93
146.447
142.138
137.997
134.017
130.191
126.513
122.976
119.575
116.304
113.157
110.13
107.216
104.413
101.713
99.1142
96.6111
94.1999
91.8766
89.6374
87.4789
85.3974
83.3897
81.4526
79.5831
77.7782
76.0353
74.3515
72.7244
71.1515
69.6305
68.1591
66.7351
65.3564
64.0212
62.7274
61.4734
60.2572
59.0773
57.9319
56.8197
55.7391
54.6886
53.667
52.6729
51.705
50.7621
49.8431
48.9467
48.072
47.2178
46.3831
45.5668
44.768
43.9855
43.2185
42.4659
41.7268
41.0001
40.285
39.5803
38.8853
38.1991
37.521
36.8503
36.1868
35.5305
34.882
34.2429
33.6195
30.4407
30.8739
31.6994
33.9313
40.5314
57.3555
91.1919
146.015
222.027
317.468
430.2
558.123
699.023
850.302
1008.75
1170.49
1331.18
1486.3
1631.62
1763.48
1879.13
1976.82
2055.83
2116.31
2159.11
2185.61
2197.43
2196.34
2184.11
2162.39
2132.72
2096.49
2054.93
2009.14
1960.08
1908.58
1855.35
1801.02
1746.11
1691.08
1636.3
1582.09
1528.71
1476.37
1425.25
1375.48
1327.16
1280.35
1235.12
1191.48
1149.44
1108.99
1070.11
1032.77
996.923
962.531
929.538
897.891
867.531
838.397
810.428
783.562
757.736
732.891
708.965
685.902
663.646
642.144
621.347
601.21
581.692
562.757
544.373
526.514
509.157
492.285
475.886
459.95
444.471
429.445
414.868
400.737
387.05
373.802
360.989
348.604
336.641
325.093
313.95
303.204
292.846
282.865
273.253
263.999
255.092
246.523
238.28
230.352
222.73
215.403
208.36
201.591
195.086
188.835
182.828
177.057
171.513
166.185
161.067
156.149
151.424
146.884
142.522
138.33
134.301
130.428
126.706
123.128
119.687
116.379
113.197
110.136
107.191
104.358
101.631
99.0052
96.4772
94.0425
91.697
89.4369
87.2586
85.1584
83.1331
81.1793
79.294
77.4742
75.7171
74.02
72.3802
70.7953
69.2628
67.7805
66.3462
64.9578
63.6132
62.3107
61.0482
59.824
58.6365
57.484
56.365
55.2779
54.2213
53.1939
52.1943
51.2212
50.2733
49.3496
48.4489
47.57
46.7118
45.8733
45.0533
44.251
43.4651
42.6948
41.9389
41.1964
40.4662
39.7474
39.0388
38.3395
37.6484
36.9647
36.2877
35.617
34.9524
34.2947
33.6457
33.0119
23.7196
24.2914
25.9095
30.7538
43.6018
71.0514
117.965
185.195
270.808
372.143
486.692
612.094
745.938
885.617
1028.26
1170.75
1309.86
1442.42
1565.57
1676.88
1774.54
1857.38
1924.92
1977.24
2014.93
2038.94
2050.46
2050.81
2041.36
2023.44
1998.34
1967.22
1931.14
1891.08
1847.88
1802.29
1754.96
1706.47
1657.3
1607.86
1558.51
1509.54
1461.21
1413.7
1367.18
1321.78
1277.59
1234.69
1193.12
1152.91
1114.08
1076.62
1040.53
1005.77
972.328
940.164
909.237
879.503
850.916
823.425
796.977
771.522
747.005
723.373
700.575
678.56
657.279
636.685
616.734
597.386
578.603
560.352
542.605
525.337
508.526
492.158
476.219
460.701
445.598
430.904
416.619
402.739
389.263
376.19
363.515
351.237
339.35
327.85
316.731
305.988
295.612
285.599
275.938
266.624
257.647
248.999
240.67
232.652
224.935
217.511
210.369
203.5
196.896
190.546
184.443
178.576
172.938
167.519
162.313
157.309
152.502
147.882
143.442
139.176
135.077
131.136
127.349
123.709
120.209
116.844
113.609
110.497
107.503
104.623
101.851
99.1838
96.6156
94.1426
91.7607
89.466
87.2546
85.123
83.0677
81.0854
79.1728
77.3271
75.5452
73.8244
72.162
70.5554
69.0023
67.5003
66.0471
64.6406
63.2788
61.9597
60.6814
59.4421
58.2401
57.0738
55.9415
54.8417
53.773
52.734
51.7233
50.7396
49.7817
48.8483
47.9384
47.0507
46.1841
45.3375
44.5099
43.7001
42.9072
42.13
41.3674
40.6184
39.8818
39.1564
38.4413
37.7351
37.0369
36.3456
35.6603
34.9806
34.3062
33.6378
32.9776
32.3323
20.0957
21.2003
24.5547
33.8723
55.2822
94.5432
153.713
231.266
324.285
429.861
545.348
668.226
795.986
926.089
1055.96
1183.05
1304.88
1419.19
1524.03
1617.83
1699.49
1768.36
1824.25
1867.36
1898.22
1917.62
1926.51
1925.94
1917.01
1900.8
1878.34
1850.61
1818.5
1782.84
1744.35
1703.67
1661.38
1617.98
1573.88
1529.47
1485.04
1440.88
1397.18
1354.15
1311.91
1270.6
1230.29
1191.06
1152.95
1116
1080.23
1045.63
1012.21
979.953
948.842
918.848
889.942
862.088
835.248
809.381
784.443
760.39
737.177
714.757
693.086
672.12
651.815
632.129
613.025
594.466
576.419
558.852
541.741
525.063
508.798
492.932
477.452
462.351
447.622
433.262
419.269
405.641
392.378
379.48
366.946
354.774
342.963
331.511
320.413
309.668
299.271
289.217
279.5
270.115
261.056
252.316
243.887
235.763
227.935
220.396
213.136
206.149
199.425
192.956
186.734
180.751
174.997
169.466
164.149
159.039
154.127
149.406
144.869
140.509
136.318
132.291
128.419
124.698
121.121
117.682
114.375
111.195
108.136
105.193
102.362
99.6373
97.0146
94.4896
92.0579
89.7156
87.4588
85.2837
83.1869
81.1648
79.2143
77.3322
75.5156
73.7615
72.0672
70.4302
68.8478
67.3178
65.8378
64.4056
63.0191
61.6763
60.3753
59.1143
57.8915
56.7051
55.5537
54.4355
53.3492
52.2934
51.2665
50.2674
49.2948
48.3473
47.4238
46.5232
45.6443
44.7859
43.947
43.1265
42.3232
41.536
40.7639
40.0056
39.26
38.5259
37.802
37.087
36.3799
35.6793
34.9844
34.2945
33.6093
32.9294
32.2573
31.6003
18.4208
20.4238
26.258
40.8987
70.6139
119.369
187.095
271.226
368.629
476.353
591.654
711.913
834.595
957.262
1077.59
1193.4
1302.75
1403.91
1495.52
1576.54
1646.32
1704.55
1751.29
1786.84
1811.76
1826.78
1832.74
1830.55
1821.14
1805.42
1784.28
1758.56
1729
1696.32
1661.14
1624.02
1585.45
1545.87
1505.64
1465.1
1424.52
1384.12
1344.1
1304.63
1265.83
1227.81
1190.65
1154.42
1119.16
1084.91
1051.68
1019.48
988.324
958.192
929.074
900.948
873.791
847.573
822.262
797.822
774.217
751.407
729.353
708.015
687.353
667.326
647.898
629.031
610.69
592.842
575.457
558.507
541.97
525.823
510.05
494.636
479.571
464.846
450.456
436.397
422.668
409.269
396.2
383.461
371.054
358.978
347.234
335.822
324.741
313.989
303.565
293.465
283.688
274.228
265.082
256.244
247.709
239.471
231.524
223.861
216.475
209.359
202.505
195.906
189.553
183.441
177.56
171.903
166.463
161.232
156.202
151.366
146.717
142.249
137.953
133.824
129.855
126.039
122.371
118.844
115.453
112.191
109.055
106.037
103.134
100.34
97.6514
95.0628
92.5702
90.1694
87.8565
85.6276
83.4792
81.4076
79.4095
77.4818
75.6214
73.8252
72.0905
70.4146
68.7949
67.229
65.7144
64.249
62.8306
61.4571
60.1266
58.8371
57.587
56.3743
55.1975
54.055
52.9453
51.867
50.8185
49.7986
48.806
47.8393
46.8975
45.9792
45.0833
44.2087
43.3542
42.5187
41.7011
40.9002
40.1148
39.3438
38.5859
37.8398
37.1042
36.3777
35.6591
34.947
34.2403
33.5381
32.8403
32.1475
31.4623
30.7927
17.513
20.4744
28.6669
47.6761
83.1892
137.653
209.882
296.985
395.825
503.433
617.001
733.865
851.522
967.649
1080.13
1187.1
1286.95
1378.35
1460.31
1532.14
1593.48
1644.24
1684.6
1714.97
1735.89
1748.06
1752.24
1749.23
1739.85
1724.89
1705.14
1681.3
1654.06
1624.01
1591.72
1557.66
1522.28
1485.96
1449.03
1411.77
1374.43
1337.21
1300.3
1263.84
1227.94
1192.71
1158.22
1124.54
1091.7
1059.75
1028.7
998.565
969.349
941.048
913.652
887.144
861.505
836.709
812.729
789.534
767.092
745.368
724.327
703.934
684.153
664.948
646.285
628.131
610.453
593.223
576.412
559.996
543.952
528.262
512.91
497.881
483.166
468.758
454.65
440.841
427.329
414.114
401.197
388.58
376.264
364.252
352.546
341.146
330.055
319.271
308.796
298.629
288.768
279.212
269.957
261.001
252.339
243.967
235.88
228.073
220.54
213.274
206.269
199.519
193.016
186.753
180.724
174.922
169.338
163.965
158.798
153.828
149.048
144.453
140.033
135.785
131.7
127.772
123.995
120.364
116.872
113.513
110.283
107.176
104.186
101.309
98.54
95.8745
93.308
90.8362
88.4551
86.1607
83.9492
81.8171
79.7609
77.7773
75.863
74.0152
72.2308
70.507
68.8413
67.2311
65.6739
64.1675
62.7095
61.298
59.9308
58.606
57.3218
56.0764
54.8681
53.6953
52.5563
51.4498
50.3742
49.3283
48.3105
47.3198
46.3547
45.4142
44.4969
43.6018
42.7276
41.8732
41.0375
40.2192
39.4172
38.6302
37.8569
37.096
36.3461
35.6058
34.8735
34.148
33.4278
32.7121
32.0006
31.294
30.5953
29.9132
17.0546
21.1942
31.9596
55.0351
95.0452
153.104
227.442
315.191
413.345
518.973
629.265
741.578
853.483
962.802
1067.63
1166.35
1257.66
1340.53
1414.25
1478.4
1532.82
1577.58
1612.95
1639.38
1657.41
1667.69
1670.91
1667.77
1658.99
1645.28
1627.29
1605.66
1580.97
1553.75
1524.49
1493.6
1461.49
1428.47
1394.85
1360.88
1326.77
1292.73
1258.9
1225.42
1192.4
1159.93
1128.08
1096.92
1066.48
1036.81
1007.92
979.829
952.542
926.058
900.371
875.469
851.334
827.947
805.284
783.32
762.025
741.37
721.325
701.858
682.937
664.532
646.611
629.144
612.104
595.463
579.198
563.285
547.704
532.439
517.474
502.798
488.4
474.275
460.417
446.824
433.495
420.432
407.635
395.108
382.853
370.874
359.174
347.756
336.623
325.777
315.221
304.954
294.979
285.294
275.899
266.792
257.971
249.433
241.175
233.191
225.479
218.032
210.845
203.913
197.228
190.786
184.579
178.601
172.845
167.303
161.971
156.84
151.903
147.155
142.588
138.196
133.972
129.91
126.003
122.247
118.634
115.16
111.818
108.603
105.51
102.534
99.6693
96.9122
94.2577
91.7015
89.2393
86.8671
84.5811
82.3774
80.2524
78.2029
76.2254
74.3168
72.4741
70.6944
68.975
67.3132
65.7065
64.1525
62.6489
61.1935
59.7842
58.4189
57.0959
55.8132
54.569
53.3618
52.1898
51.0516
49.9456
48.8705
47.8249
46.8074
45.8167
44.8517
43.911
42.9935
42.098
41.2233
40.3682
39.5316
38.7121
37.9084
37.1194
36.3436
35.5795
34.8256
34.0804
33.3424
32.6102
31.8828
31.1597
30.4419
29.7329
29.042
17.0712
22.6344
36.1289
62.8308
106.063
165.916
240.435
326.97
422.711
524.832
630.591
737.429
843.038
945.403
1042.82
1133.89
1217.55
1293
1359.75
1417.56
1466.39
1506.44
1538.02
1561.6
1577.72
1586.95
1589.91
1587.24
1579.55
1567.46
1551.55
1532.36
1510.4
1486.14
1459.99
1432.32
1403.49
1373.78
1343.46
1312.75
1281.85
1250.93
1220.14
1189.6
1159.41
1129.66
1100.42
1071.75
1043.68
1016.25
989.494
963.417
938.031
913.337
889.332
866.008
843.352
821.348
799.975
779.213
759.038
739.424
720.344
701.772
683.679
666.039
648.825
632.011
615.571
599.483
583.724
568.275
553.118
538.237
523.62
509.256
495.136
481.254
467.608
454.194
441.013
428.066
415.356
402.886
390.66
378.683
366.96
355.495
344.292
333.356
322.69
312.296
302.178
292.338
282.774
273.489
264.481
255.749
247.291
239.103
231.183
223.527
216.131
208.988
202.095
195.446
189.035
182.855
176.901
171.166
165.644
160.327
155.211
150.287
145.55
140.993
136.61
132.394
128.339
124.439
120.688
117.08
113.61
110.272
107.061
103.971
100.998
98.1364
95.3817
92.7294
90.1752
87.7148
85.3442
83.0596
80.8571
78.7333
76.6846
74.7079
72.7999
70.9578
69.1785
67.4594
65.7978
64.1912
62.6373
61.1337
59.6782
58.2688
56.9034
55.5802
54.2974
53.0531
51.8457
50.6736
49.5353
48.4293
47.3542
46.3086
45.2912
44.3006
43.3357
42.3953
41.478
40.5827
39.7082
38.8532
38.0165
37.1968
36.3927
35.6029
34.8259
34.06
33.3038
32.5557
31.8141
31.0779
30.3469
29.6221
28.9078
28.2139
17.5679
24.7682
40.9836
70.676
115.9
176.098
249.377
333.353
425.422
522.905
623.198
723.89
822.837
918.206
1008.48
1092.47
1169.28
1238.31
1299.2
1351.83
1396.25
1432.71
1461.55
1483.24
1498.27
1507.17
1510.49
1508.77
1502.57
1492.41
1478.81
1462.24
1443.13
1421.89
1398.89
1374.46
1348.9
1322.47
1295.4
1267.91
1240.16
1212.32
1184.51
1156.86
1129.44
1102.36
1075.67
1049.43
1023.67
998.446
973.769
949.659
926.126
903.177
880.809
859.018
837.795
817.128
797
777.394
758.291
739.67
721.507
703.78
686.466
669.542
652.983
636.769
620.877
605.288
589.983
574.944
560.157
545.608
531.286
517.182
503.289
489.602
476.119
462.839
449.762
436.89
424.226
411.776
399.544
387.535
375.756
364.213
352.91
341.855
331.051
320.504
310.217
300.194
290.437
280.947
271.727
262.776
254.092
245.676
237.524
229.635
222.004
214.628
207.502
200.622
193.983
187.579
181.405
175.454
169.72
164.198
158.881
153.762
148.836
144.096
139.535
135.148
130.928
126.869
122.965
119.21
115.598
112.124
108.782
105.567
102.474
99.4973
96.6325
93.8749
91.2199
88.6631
86.2003
83.8275
81.5408
79.3365
77.2109
75.1607
73.1825
71.2733
69.43
67.6497
65.9298
64.2674
62.6603
61.1059
59.602
58.1464
56.737
55.3718
54.0488
52.7664
51.5227
50.3161
49.145
48.0079
46.9032
45.8295
44.7856
43.77
42.7814
41.8187
40.8805
39.9656
39.0728
38.2009
37.3486
36.5145
35.6974
34.8958
34.1083
33.3333
32.5692
31.8144
31.0675
30.3273
29.5936
28.8678
28.1551
27.4666
18.4959
27.4405
46.1351
78.0307
124.17
183.679
254.808
335.384
422.986
515.115
609.362
703.516
795.636
884.087
967.544
1044.99
1115.68
1179.15
1235.14
1283.6
1324.64
1358.49
1385.52
1406.12
1420.76
1429.9
1434.05
1433.68
1429.28
1421.3
1410.18
1396.34
1380.16
1361.99
1342.15
1320.94
1298.62
1275.43
1251.56
1227.22
1202.56
1177.71
1152.81
1127.96
1103.25
1078.75
1054.54
1030.65
1007.14
984.03
961.359
939.14
917.387
896.107
875.302
854.97
835.107
815.702
796.745
778.222
760.117
742.414
725.094
708.138
691.527
675.242
659.265
643.575
628.156
612.991
598.064
583.361
568.871
554.581
540.483
526.57
512.836
499.279
485.897
472.69
459.659
446.807
434.139
421.66
409.376
397.294
385.419
373.76
362.323
351.115
340.143
329.412
318.928
308.696
298.719
289.001
279.544
270.35
261.418
252.75
244.345
236.2
228.314
220.683
213.304
206.174
199.287
192.639
186.226
180.041
174.078
168.333
162.799
157.469
152.339
147.401
142.649
138.077
133.679
129.448
125.379
121.466
117.703
114.083
110.602
107.253
104.032
100.933
97.9519
95.0828
92.3213
89.6629
87.1032
84.638
82.2631
79.9748
77.7692
75.6428
73.5921
71.6138
69.7047
67.8618
66.0823
64.3634
62.7024
61.0968
59.5443
58.0425
56.5893
55.1825
53.8202
52.5004
51.2214
49.9814
48.7787
47.6117
46.479
45.379
44.3102
43.2715
42.2613
41.2784
40.3216
39.3896
38.4811
37.5949
36.7297
35.8843
35.0573
34.2474
33.4531
32.673
31.9055
31.1491
30.4023
29.6642
28.9347
28.2157
27.514
26.8422
19.7292
30.357
51.0749
84.3704
130.614
188.806
257.289
334.024
416.76
503.206
591.182
678.714
764.085
845.869
922.926
994.393
1059.66
1118.35
1170.28
1215.43
1253.92
1285.99
1311.93
1332.13
1346.97
1356.88
1362.29
1363.62
1361.28
1355.69
1347.2
1336.2
1323
1307.93
1291.25
1273.23
1254.11
1234.08
1213.35
1192.07
1170.39
1148.45
1126.35
1104.2
1082.07
1060.05
1038.19
1016.54
995.148
974.046
953.262
932.816
912.724
892.994
873.634
854.644
836.022
817.763
799.861
782.304
765.082
748.183
731.591
715.293
699.273
683.517
668.008
652.734
637.679
622.83
608.176
593.705
579.408
565.277
551.305
537.487
523.821
510.305
496.938
483.721
470.659
457.755
445.013
432.44
420.044
407.831
395.808
383.985
372.369
360.967
349.788
338.838
328.124
317.652
307.427
297.454
287.735
278.274
269.073
260.132
251.452
243.033
234.872
226.969
219.32
211.923
204.773
197.867
191.2
184.767
178.562
172.582
166.818
161.267
155.922
150.776
145.824
141.059
136.475
132.066
127.826
123.749
119.828
116.058
112.433
108.947
105.595
102.371
99.2708
96.2883
93.4189
90.6578
88.0004
85.4423
82.9793
80.6072
78.322
76.1201
73.9977
71.9515
69.978
68.0741
66.2368
64.4632
62.7504
61.0959
59.4972
57.9517
56.4573
55.0116
53.6127
52.2586
50.9472
49.6769
48.4458
47.2523
46.0948
44.9718
43.8817
42.8233
41.7951
40.7957
39.8239
38.8785
37.9581
37.0616
36.1877
35.3351
34.5027
33.689
32.8928
32.1128
31.3475
30.5956
29.8559
29.1276
28.411
27.7087
27.0299
26.3897
21.066
33.1366
55.3086
89.3114
135.108
191.614
257.205
329.939
407.735
488.524
570.368
651.537
730.543
806.163
877.427
943.612
1004.21
1058.92
1107.6
1150.24
1186.95
1217.94
1243.48
1263.86
1279.45
1290.58
1297.65
1300.99
1300.98
1297.96
1292.26
1284.18
1274.02
1262.05
1248.51
1233.63
1217.63
1200.68
1182.96
1164.63
1145.8
1126.61
1107.16
1087.54
1067.84
1048.11
1028.43
1008.84
989.386
970.104
951.021
932.162
913.543
895.179
877.077
859.244
841.68
824.386
807.357
790.588
774.072
757.801
741.764
725.953
710.355
694.961
679.759
664.738
649.889
635.201
620.668
606.28
592.032
577.919
563.937
550.082
536.356
522.757
509.288
495.951
482.751
469.693
456.783
444.028
431.437
419.016
406.775
394.723
382.867
371.217
359.781
348.567
337.582
326.833
316.326
306.066
296.059
286.306
276.812
267.578
258.605
249.894
241.443
233.253
225.321
217.645
210.221
203.047
196.118
189.429
182.976
176.753
170.756
164.979
159.415
154.058
148.904
143.944
139.174
134.587
130.176
125.935
121.859
117.94
114.174
110.553
107.073
103.728
100.512
97.4202
94.447
91.5875
88.837
86.1907
83.6442
81.1932
78.8336
76.5612
74.3724
72.2635
70.2309
68.2713
66.3816
64.5586
62.7995
61.1014
59.4618
57.878
56.3477
54.8686
53.4384
52.0551
50.7167
49.4213
48.167
46.9522
45.7751
44.6342
43.528
42.4549
41.4137
40.4029
39.4212
38.4674
37.5402
36.6384
35.7609
34.9064
34.0738
33.2619
32.4696
31.6957
30.9391
30.1989
29.4742
28.765
28.0722
27.3992
26.7596
26.1671
22.2228
35.3124
58.3002
92.3942
137.303
191.863
254.464
323.262
396.345
471.859
548.1
623.562
696.968
767.272
833.655
895.505
952.4
1004.08
1050.43
1091.44
1127.21
1157.88
1183.69
1204.89
1221.76
1234.6
1243.71
1249.41
1251.99
1251.74
1248.95
1243.88
1236.79
1227.91
1217.47
1205.65
1192.66
1178.65
1163.78
1148.2
1132.02
1115.36
1098.32
1080.99
1063.45
1045.75
1027.98
1010.17
992.368
974.618
956.949
939.386
921.952
904.663
887.532
870.569
853.779
837.167
820.733
804.477
788.396
772.487
756.744
741.162
725.734
710.454
695.316
680.313
665.439
650.688
636.057
621.541
607.136
592.842
578.657
564.582
550.618
536.767
523.034
509.423
495.939
482.591
469.384
456.327
443.428
430.697
418.142
405.772
393.598
381.627
369.869
358.332
347.024
335.952
325.122
314.54
304.211
294.139
284.328
274.78
265.496
256.479
247.727
239.24
231.017
223.056
215.354
207.908
200.716
193.771
187.071
180.61
174.383
168.384
162.608
157.048
151.699
146.554
141.606
136.85
132.278
127.885
123.664
119.608
115.711
111.968
108.372
104.917
101.597
98.4077
95.3423
92.3961
89.5639
86.8408
84.2221
81.7032
79.2798
76.9477
74.7029
72.5415
70.4598
68.4544
66.5218
64.6589
62.8625
61.1299
59.4581
57.8446
56.2868
54.7823
53.3288
51.9242
50.5663
49.2532
47.983
46.7539
45.5641
44.412
43.2962
42.2149
41.167
40.1508
39.1653
38.209
37.2809
36.3796
35.5042
34.6535
33.8266
33.0224
32.24
31.4786
30.7376
30.0167
29.3158
28.6362
27.981
27.3562
26.7694
26.2269
22.7918
36.2301
59.2409
92.7452
136.308
188.714
248.377
313.553
382.487
453.512
525.12
595.993
665.021
731.303
794.132
852.98
907.479
957.398
1002.62
1043.13
1078.99
1110.31
1137.26
1160.03
1178.86
1193.98
1205.64
1214.09
1219.58
1222.35
1222.65
1220.7
1216.71
1210.91
1203.48
1194.6
1184.44
1173.16
1160.89
1147.78
1133.93
1119.47
1104.48
1089.05
1073.26
1057.19
1040.9
1024.43
1007.85
991.187
974.481
957.765
941.064
924.4
907.793
891.255
874.8
858.436
842.17
826.005
809.946
793.993
778.146
762.406
746.769
731.236
715.803
700.47
685.234
670.094
655.05
640.1
625.247
610.49
595.833
581.279
566.831
552.494
538.275
524.18
510.215
496.39
482.712
469.191
455.836
442.656
429.66
416.859
404.262
391.877
379.713
367.779
356.082
344.629
333.426
322.48
311.794
301.373
291.221
281.34
271.731
262.396
253.335
244.548
236.034
227.791
219.817
212.109
204.663
197.476
190.544
183.86
177.421
171.221
165.253
159.511
153.99
148.682
143.581
138.68
133.972
129.45
125.109
120.94
116.938
113.096
109.407
105.865
102.464
99.1989
96.0629
93.0508
90.1573
87.3771
84.7053
82.137
79.6678
77.2932
75.009
72.8112
70.6959
68.6595
66.6983
64.8092
62.9889
61.2344
59.5428
57.9112
56.3372
54.8182
53.3518
51.9358
50.568
49.2463
47.9689
46.7338
45.5394
44.3839
43.2657
42.1834
41.1355
40.1205
39.1374
38.1847
37.2613
36.3663
35.4985
34.657
33.841
33.0499
32.2829
31.5398
30.8206
30.1257
29.4563
28.8145
28.2041
27.6304
27.1009
26.6193
22.2899
35.0866
57.0659
89.1465
130.893
181.086
238.171
300.481
366.374
434.313
502.922
571.007
637.567
701.787
763.027
820.802
874.768
924.695
970.455
1012
1049.35
1082.57
1111.78
1137.11
1158.74
1176.84
1191.62
1203.27
1211.99
1218
1221.49
1222.66
1221.71
1218.81
1214.15
1207.88
1200.18
1191.18
1181.03
1169.85
1157.77
1144.89
1131.31
1117.14
1102.44
1087.3
1071.79
1055.97
1039.89
1023.6
1007.16
990.583
973.919
957.192
940.43
923.652
906.877
890.12
873.396
856.713
840.081
823.507
806.998
790.556
774.188
757.895
741.68
725.548
709.499
693.538
677.667
661.889
646.21
630.633
615.163
599.807
584.571
569.461
554.486
539.654
524.973
510.453
496.102
481.931
467.949
454.166
440.592
427.234
414.104
401.208
388.555
376.151
364.005
352.121
340.506
329.163
318.098
307.312
296.809
286.591
276.66
267.016
257.66
248.591
239.808
231.31
223.094
215.157
207.495
200.105
192.982
186.121
179.515
173.16
167.048
161.173
155.528
150.105
144.899
139.901
135.104
130.501
126.084
121.847
117.782
113.882
110.14
106.551
103.106
99.8007
96.6284
93.5832
90.6597
87.8523
85.1558
82.5653
80.0761
77.6835
75.3832
73.171
71.043
68.9954
67.0246
65.1271
63.2996
61.5391
59.8425
58.2072
56.6302
55.1093
53.6418
52.2255
50.8582
49.5378
48.2624
47.0301
45.8391
44.6877
43.5743
42.4975
41.4558
40.4479
39.4726
38.5287
37.6151
36.7311
35.8756
35.048
34.2477
33.4744
32.7278
32.0081
31.3158
30.652
30.0189
29.4199
28.8604
28.3481
27.8932
27.5003
20.6638
31.7037
51.3654
80.8931
120.066
167.751
222.429
282.482
346.326
412.492
479.67
546.726
612.707
676.836
738.492
797.195
852.589
904.421
952.525
996.804
1037.22
1073.79
1106.56
1135.61
1161.05
1183.01
1201.62
1217.04
1229.44
1238.98
1245.84
1250.18
1252.19
1252.02
1249.86
1245.86
1240.18
1232.96
1224.36
1214.5
1203.52
1191.53
1178.64
1164.95
1150.57
1135.58
1120.06
1104.08
1087.71
1071
1054.03
1036.82
1019.42
1001.88
984.229
966.491
948.698
930.87
913.029
895.192
877.374
859.588
841.847
824.16
806.537
788.986
771.514
754.13
736.839
719.648
702.564
685.594
668.745
652.024
635.439
618.998
602.709
586.581
570.623
554.844
539.254
523.863
508.681
493.716
478.98
464.48
450.227
436.228
422.492
409.025
395.834
382.923
370.299
357.964
345.923
334.178
322.733
311.589
300.748
290.212
279.982
270.058
260.441
251.129
242.122
233.418
225.013
216.904
209.088
201.558
194.31
187.338
180.635
174.193
168.007
162.067
156.367
150.898
145.652
140.621
135.797
131.172
126.738
122.487
118.412
114.505
110.759
107.167
103.722
100.418
97.2478
94.2063
91.2874
88.4856
85.7953
83.2117
80.7298
78.345
76.0528
73.8491
71.7299
69.6913
67.7297
65.8416
64.0238
62.2731
60.5865
58.9612
57.3946
55.884
54.4271
53.0215
51.6651
50.3558
49.0917
47.8708
46.6915
45.552
44.4509
43.3866
42.3579
41.3634
40.4019
39.4726
38.5743
37.7064
36.8682
36.0592
35.2793
34.5285
33.8071
33.1161
32.4569
31.8322
31.2455
30.7029
30.2131
29.7889
29.4483
29.2031
18.5648
27.1172
43.3577
69.1042
104.627
149.031
200.878
258.579
320.575
385.43
451.865
518.774
585.228
650.453
713.824
774.839
833.105
888.32
940.254
988.745
1033.68
1074.99
1112.65
1146.66
1177.05
1203.89
1227.25
1247.24
1263.97
1277.58
1288.21
1296.02
1301.16
1303.79
1304.1
1302.23
1298.35
1292.63
1285.21
1276.26
1265.9
1254.28
1241.53
1227.77
1213.1
1197.64
1181.48
1164.7
1147.4
1129.65
1111.51
1093.04
1074.3
1055.35
1036.22
1016.95
997.587
978.154
958.683
939.197
919.72
900.271
880.868
861.527
842.261
823.085
804.011
785.049
766.209
747.503
728.94
710.529
692.281
674.203
656.307
638.6
621.094
603.798
586.721
569.874
553.265
536.906
520.805
504.973
489.417
474.147
459.171
444.495
430.126
416.067
402.322
388.894
375.785
362.996
350.527
338.381
326.559
315.062
303.892
293.05
282.538
272.356
262.504
252.981
243.786
234.916
226.367
218.134
210.213
202.597
195.279
188.251
181.506
175.035
168.829
162.879
157.175
151.71
146.473
141.456
136.65
132.045
127.633
123.406
119.356
115.475
111.756
108.19
104.772
101.494
98.3498
95.3336
92.4393
89.6614
86.9945
84.4335
81.9736
79.61
77.3385
75.1549
73.055
71.0353
69.092
67.2218
65.4213
63.6876
62.0176
60.4086
58.8579
57.363
55.9216
54.5314
53.1902
51.896
50.6469
49.4411
48.277
47.1528
46.0672
45.0187
44.0061
43.0283
42.0841
41.1727
40.2933
39.4453
38.6284
37.8423
37.0874
36.3641
35.6735
35.0176
34.3991
33.8223
33.2939
32.8233
32.4255
32.1225
31.9473
31.9326
16.7034
22.6335
34.8683
55.8228
86.5267
126.57
174.705
229.386
289.067
352.327
417.923
484.784
552.003
618.814
684.577
748.756
810.905
870.653
927.689
981.751
1032.62
1080.13
1124.14
1164.54
1201.26
1234.28
1263.6
1289.24
1311.28
1329.8
1344.91
1356.75
1365.46
1371.22
1374.19
1374.54
1372.46
1368.13
1361.73
1353.43
1343.39
1331.79
1318.76
1304.47
1289.04
1272.61
1255.29
1237.2
1218.43
1199.08
1179.24
1158.98
1138.37
1117.48
1096.36
1075.07
1053.65
1032.15
1010.59
989.028
967.478
945.97
924.529
903.176
881.931
860.811
839.833
819.012
798.361
777.893
757.622
737.558
717.713
698.098
678.724
659.601
640.739
622.148
603.839
585.82
568.102
550.693
533.603
516.84
500.411
484.324
468.586
453.2
438.17
423.495
409.176
395.21
381.593
368.324
355.403
342.828
330.601
318.726
307.204
296.039
285.233
274.786
264.7
254.974
245.604
236.587
227.918
219.589
211.595
203.925
196.572
189.524
182.773
176.307
170.116
164.19
158.516
153.085
147.887
142.911
138.147
133.587
129.22
125.038
121.032
117.195
113.518
109.994
106.616
103.377
100.271
97.2916
94.4327
91.689
89.0551
86.526
84.0968
81.763
79.5204
77.3646
75.2919
73.2985
71.3809
69.5356
67.7596
66.0497
64.403
62.8169
61.2888
59.8161
58.3965
57.0279
55.7081
54.4351
53.2073
52.0227
50.8797
49.777
48.713
47.6865
46.6963
45.7414
44.821
43.9343
43.0808
42.2601
41.4723
40.7176
39.9967
39.311
38.6625
38.0544
37.4914
36.9804
36.5319
36.1617
35.894
35.7672
35.8416
36.1971
15.5267
19.2225
27.5643
43.2674
68.2085
102.753
146.058
196.706
253.166
314.039
378.144
444.491
512.225
580.605
648.982
716.791
783.534
848.76
912.057
973.039
1031.35
1086.66
1138.68
1187.14
1231.84
1272.62
1309.37
1342.02
1370.58
1395.07
1415.57
1432.2
1445.09
1454.42
1460.38
1463.15
1462.96
1460
1454.49
1446.65
1436.66
1424.74
1411.07
1395.83
1379.2
1361.32
1342.34
1322.41
1301.66
1280.19
1258.12
1235.54
1212.54
1189.2
1165.6
1141.8
1117.86
1093.84
1069.77
1045.71
1021.68
997.735
973.894
950.185
926.635
903.264
880.094
857.142
834.426
811.961
789.761
767.84
746.209
724.882
703.869
683.181
662.828
642.82
623.165
603.874
584.954
566.413
548.259
530.498
513.136
496.18
479.632
463.494
447.764
432.435
417.498
402.943
388.763
374.95
361.505
348.428
335.724
323.401
311.464
299.921
288.776
278.032
267.688
257.743
248.193
239.03
230.248
221.836
213.784
206.08
198.711
191.666
184.93
178.491
172.336
166.452
160.827
155.449
150.305
145.386
140.68
136.177
131.867
127.741
123.791
120.008
116.384
112.912
109.584
106.393
103.334
100.401
97.586
94.8853
92.2933
89.805
87.4156
85.1207
82.916
80.7975
78.7613
76.8038
74.9215
73.111
71.3694
69.6935
68.0806
66.5279
65.033
63.5935
62.2069
60.8713
59.5846
58.3449
57.1504
55.9995
54.8907
53.8225
52.7937
51.8031
50.8498
49.9329
49.0519
48.2061
47.3955
46.62
45.8802
45.177
44.5117
43.8868
43.3055
42.773
42.2964
41.8864
41.5592
41.3394
41.2659
41.4033
41.8593
42.8113
15.2091
17.2866
22.4007
33.0832
51.8075
79.8766
117.152
162.538
214.597
271.979
333.616
398.647
466.302
535.885
606.779
678.431
750.316
821.919
892.71
962.143
1029.66
1094.72
1156.79
1215.4
1270.13
1320.63
1366.64
1407.97
1444.53
1476.29
1503.27
1525.59
1543.37
1556.81
1566.12
1571.54
1573.3
1571.67
1566.92
1559.29
1549.05
1536.43
1521.67
1505.01
1486.64
1466.76
1445.57
1423.23
1399.9
1375.72
1350.84
1325.36
1299.4
1273.07
1246.44
1219.6
1192.62
1165.58
1138.52
1111.5
1084.56
1057.76
1031.12
1004.67
978.46
952.5
926.817
901.434
876.369
851.64
827.262
803.25
779.617
756.375
733.535
711.107
689.101
667.525
646.387
625.694
605.454
585.671
566.352
547.5
529.119
511.212
493.78
476.819
460.317
444.254
428.607
413.354
398.481
383.984
369.865
356.135
342.809
329.903
317.433
305.41
293.843
282.735
272.085
261.887
252.135
242.816
233.917
225.425
217.322
209.594
202.222
195.192
188.485
182.087
175.982
170.154
164.589
159.274
154.197
149.344
144.705
140.269
136.025
131.965
128.079
124.359
120.797
117.386
114.117
110.985
107.984
105.106
102.347
99.7015
97.1637
94.7289
92.3927
90.1506
87.9985
85.9323
83.9484
82.043
80.2129
78.4548
76.7657
75.1425
73.5826
72.0833
70.6422
69.2568
67.9251
66.645
65.4145
64.2317
63.0951
62.0032
60.9544
59.9476
58.9817
58.0557
57.1689
56.3207
55.5108
54.7392
54.006
53.312
52.6581
52.0462
51.4788
50.9595
50.4936
50.0885
49.7548
49.5085
49.3729
49.3851
49.6049
50.1365
51.1651
53.0539
15.8117
16.8549
19.63
26.0924
38.7896
59.8095
89.9365
128.71
175.026
227.722
285.833
348.583
415.314
485.465
558.555
634.139
711.744
790.819
870.705
950.636
1029.77
1107.22
1182.12
1253.66
1321.13
1383.92
1441.56
1493.7
1540.12
1580.73
1615.51
1644.56
1668.04
1686.15
1699.18
1707.39
1711.12
1710.68
1706.4
1698.62
1687.64
1673.78
1657.34
1638.59
1617.8
1595.22
1571.08
1545.59
1518.94
1491.31
1462.87
1433.77
1404.14
1374.1
1343.76
1313.22
1282.57
1251.89
1221.24
1190.69
1160.3
1130.11
1100.17
1070.51
1041.18
1012.19
983.585
955.379
927.595
900.251
873.364
846.948
821.017
795.582
770.652
746.238
722.345
698.983
676.156
653.869
632.126
610.93
590.284
570.189
550.645
531.652
513.205
495.293
477.884
460.924
444.363
428.171
412.336
396.865
381.782
367.118
352.912
339.195
325.996
313.334
301.218
289.649
278.622
268.124
258.138
248.645
239.623
231.049
222.901
215.157
207.794
200.79
194.124
187.778
181.733
175.972
170.477
165.236
160.232
155.455
150.892
146.531
142.363
138.377
134.566
130.92
127.431
124.093
120.898
117.839
114.91
112.106
109.421
106.85
104.387
102.028
99.7685
97.6039
95.5302
93.5437
91.6406
89.8174
88.0708
86.3976
84.7948
83.2595
81.7891
80.381
79.0328
77.7423
76.5072
75.3256
74.1958
73.1159
72.0845
71.1002
70.1618
69.2681
68.4183
67.6118
66.848
66.1269
65.4484
64.813
64.2215
63.6753
63.1763
62.7274
62.3324
61.9966
61.7277
61.536
61.4366
61.4513
61.6131
61.9739
62.6204
63.7108
65.5467
68.828
17.4171
17.8725
19.1524
22.4867
29.9773
44.0431
66.3797
97.4452
136.759
183.479
236.787
296.028
360.728
430.581
505.412
585.071
669.285
757.54
849.02
942.628
1037.06
1130.91
1222.77
1311.35
1395.47
1474.18
1546.73
1612.55
1671.29
1722.78
1766.99
1804.02
1834.08
1857.44
1874.46
1885.52
1891.02
1891.39
1887.07
1878.46
1865.98
1850.02
1830.97
1809.16
1784.95
1758.62
1730.47
1700.76
1669.73
1637.6
1604.57
1570.82
1536.51
1501.78
1466.78
1431.61
1396.38
1361.19
1326.11
1291.22
1256.59
1222.27
1188.3
1154.74
1121.63
1088.98
1056.85
1025.24
994.185
963.7
933.801
904.504
875.818
847.756
820.324
793.53
767.378
741.874
717.02
692.817
669.266
646.367
624.118
602.515
581.557
561.235
541.542
522.449
503.871
485.665
467.737
450.072
432.701
415.68
399.086
382.995
367.477
352.588
338.369
324.838
312.002
299.849
288.36
277.506
267.255
257.572
248.421
239.77
231.585
223.836
216.493
209.528
202.916
196.633
190.659
184.973
179.558
174.397
169.477
164.784
160.306
156.031
151.95
148.053
144.331
140.776
137.379
134.135
131.036
128.076
125.249
122.549
119.971
117.509
115.159
112.917
110.777
108.735
106.789
104.933
103.164
101.479
99.8739
98.3466
96.8938
95.5125
94.2002
92.9544
91.7726
90.6527
89.5926
88.5904
87.6442
86.7527
85.9141
85.1274
84.3913
83.7051
83.0679
82.4795
81.9395
81.4481
81.0058
80.6133
80.2722
79.9844
79.7528
79.581
79.4745
79.4401
79.4878
79.6311
79.8892
80.2902
80.8766
81.7162
82.9244
84.7227
87.5688
92.7569
20.3071
20.4835
20.9553
22.2986
25.8394
33.7488
48.3328
71.0628
102.313
141.757
188.849
243.138
304.436
372.89
448.944
533.134
625.708
726.322
833.934
946.871
1063.02
1180.09
1295.79
1408.03
1515.02
1615.28
1707.67
1791.4
1865.97
1931.15
1986.93
2033.48
2071.11
2100.24
2121.35
2134.98
2141.7
2142.06
2136.64
2126
2110.66
2091.15
2067.93
2041.46
2012.16
1980.41
1946.57
1910.95
1873.86
1835.56
1796.29
1756.28
1715.7
1674.75
1633.57
1592.31
1551.08
1510
1469.15
1428.63
1388.5
1348.84
1309.69
1271.1
1233.12
1195.79
1159.12
1123.15
1087.9
1053.39
1019.63
986.642
954.425
922.989
892.34
862.482
833.417
805.144
777.663
750.971
725.064
699.936
675.581
651.991
629.157
607.066
585.698
564.996
544.731
524.458
504.052
483.664
463.498
443.759
424.626
406.243
388.717
372.113
356.463
341.768
328.003
315.129
303.092
291.833
281.294
271.414
262.139
253.419
245.21
237.469
230.159
223.245
216.697
210.487
204.59
198.987
193.658
188.587
183.759
179.161
174.781
170.608
166.633
162.846
159.24
155.806
152.536
149.425
146.466
143.652
140.979
138.439
136.029
133.744
131.578
129.527
127.587
125.754
124.023
122.392
120.857
119.413
118.059
116.79
115.604
114.498
113.469
112.515
111.632
110.82
110.075
109.396
108.781
108.228
107.735
107.301
106.924
106.605
106.341
106.132
105.978
105.879
105.836
105.848
105.918
106.047
106.239
106.497
106.828
107.239
107.74
108.348
109.083
109.979
111.083
112.476
114.294
116.82
120.682
128.223
25.4148
25.5186
25.6878
26.0833
27.2113
30.349
37.7255
51.7653
74.0097
104.917
144.349
192.119
248.438
314.214
391.143
481.417
586.544
706.602
840.069
984.046
1134.81
1288.37
1440.9
1589.02
1729.96
1861.52
1982.11
2090.65
2186.57
2269.67
2340.08
2398.16
2444.45
2479.64
2504.46
2519.7
2526.18
2524.7
2516.05
2500.96
2480.16
2454.32
2424.07
2389.98
2352.58
2312.36
2269.77
2225.2
2179.02
2131.56
2083.11
2033.93
1984.25
1934.29
1884.23
1834.22
1784.41
1734.92
1685.87
1637.35
1589.44
1542.22
1495.74
1450.05
1405.2
1361.23
1318.17
1276.04
1234.86
1194.65
1155.42
1117.18
1079.93
1043.69
1008.44
974.19
940.935
908.669
877.386
847.076
817.729
789.334
761.878
735.345
709.719
684.977
661.086
637.924
614.842
590.22
564.262
537.923
512.003
487.046
463.38
441.185
420.533
401.422
383.803
367.591
352.681
338.96
326.312
314.625
303.792
293.72
284.326
275.547
267.323
259.601
252.331
245.472
238.989
232.85
227.032
221.511
216.27
211.294
206.567
202.079
197.817
193.774
189.939
186.304
182.862
179.605
176.527
173.622
170.884
168.306
165.883
163.611
161.484
159.497
157.646
155.927
154.334
152.865
151.514
150.279
149.155
148.138
147.226
146.415
145.701
145.082
144.553
144.113
143.757
143.484
143.289
143.171
143.126
143.152
143.247
143.407
143.632
143.918
144.263
144.667
145.126
145.641
146.21
146.832
147.507
148.236
149.021
149.863
150.768
151.74
152.789
153.929
155.179
156.569
158.146
159.988
162.234
165.198
169.613
179.709
36.1096
36.341
36.5827
36.8448
37.1881
37.8779
39.7909
44.9228
56.1511
75.8862
105.119
144.051
193.397
255.339
334.214
436.948
568.091
728.246
914.15
1119.47
1336.55
1557.81
1776.45
1986.85
2184.91
2367.48
2532.47
2678.71
2805.79
2913.87
3003.55
3075.71
3131.44
3171.96
3198.5
3212.34
3214.72
3206.83
3189.8
3164.71
3132.54
3094.21
3050.55
3002.34
2950.28
2894.98
2837.03
2776.92
2715.12
2652.03
2588.01
2523.39
2458.44
2393.42
2328.55
2264.01
2199.97
2136.58
2073.96
2012.22
1951.46
1891.74
1833.14
1775.71
1719.49
1664.53
1610.84
1558.46
1507.4
1457.67
1409.28
1362.22
1316.51
1272.14
1229.09
1187.37
1146.95
1107.84
1070
1033.42
998.092
963.985
931.079
899.35
868.769
839.299
810.878
783.256
754.386
717.034
675.303
633.516
594.124
558.157
525.85
497.056
471.469
448.732
428.49
410.41
394.191
379.566
366.303
354.201
343.089
332.827
323.303
314.452
306.203
298.484
291.234
284.405
277.958
271.863
266.095
260.636
255.47
250.583
245.964
241.603
237.491
233.621
229.985
226.576
223.387
220.412
217.645
215.08
212.711
210.532
208.539
206.727
205.089
203.621
202.319
201.177
200.191
199.356
198.667
198.12
197.711
197.434
197.286
197.261
197.355
197.564
197.882
198.305
198.828
199.446
200.154
200.947
201.821
202.77
203.79
204.874
206.019
207.219
208.469
209.765
211.102
212.474
213.879
215.311
216.767
218.244
219.737
221.247
222.77
224.306
225.857
227.428
229.026
230.665
232.372
234.195
236.22
238.715
242.224
254.365
68.2344
69.1854
70.198
71.2642
72.3663
73.4643
74.5107
75.6033
77.454
82.019
92.6784
113.717
150.099
208.52
300.268
453.883
677.745
967.939
1311.32
1687.92
2078.07
2464.9
2835.42
3180.91
3497.33
3780.53
4028.65
4241.53
4420.16
4566.27
4682.05
4769.91
4832.35
4871.84
4890.77
4891.42
4875.9
4846.19
4804.09
4751.25
4689.16
4619.18
4542.53
4460.31
4373.48
4282.93
4189.44
4093.68
3996.28
3897.77
3798.62
3699.26
3600.04
3501.28
3403.25
3306.2
3210.33
3115.81
3022.79
2931.4
2841.74
2753.9
2667.96
2583.96
2501.96
2421.99
2344.07
2268.22
2194.45
2122.77
2053.16
1985.63
1920.15
1856.73
1795.32
1735.92
1678.49
1623.02
1569.46
1517.79
1467.97
1419.98
1373.75
1329.27
1286.48
1245.33
1205.73
1167.19
1121.91
1023.49
920.358
828.962
752.891
691.053
641.039
600.402
567.056
539.344
515.982
495.992
478.626
463.315
449.626
437.227
425.865
415.352
405.554
396.525
388.156
380.323
372.951
365.988
359.403
353.174
347.286
341.73
336.497
331.581
326.976
322.677
318.679
314.975
311.562
308.432
305.58
302.999
300.684
298.629
296.827
295.271
293.956
292.875
292.021
291.387
290.968
290.757
290.747
290.93
291.301
291.852
292.575
293.464
294.51
295.707
297.045
298.517
300.115
301.829
303.65
305.571
307.581
309.671
311.832
314.054
316.326
318.639
320.983
323.348
325.723
328.097
330.461
332.803
335.113
337.379
339.59
341.734
343.797
345.766
347.625
349.357
350.941
352.351
353.559
354.525
355.198
355.513
355.371
354.735
353.271
361.37
82.4505
81.1409
79.9325
78.8272
77.8356
76.9964
76.4408
76.5805
78.5906
85.8026
106.361
156.125
262.137
460.232
790.836
1614.64
2685.89
3904.94
5175.73
6422.56
7593.76
8658.74
9602.36
10421.1
11118.8
11700.5
12174.3
12549.6
12836.1
13043.3
13180.2
13255.1
13275.7
13248.9
13180.9
13077.2
12942.7
12782
12599
12397
12179.4
11948.8
11707.6
11458.1
11202.1
10941.3
10677.2
10411
10144
9877.03
9611.04
9346.75
9084.83
8825.81
8570.2
8318.38
8070.72
7827.5
7588.97
7355.34
7126.77
6903.39
6685.32
6472.63
6265.38
6063.61
5867.33
5676.57
5491.3
5311.52
5137.19
4968.28
4804.73
4646.5
4493.53
4345.74
4203.07
4065.43
3932.74
3804.92
3681.87
3563.51
3449.73
3340.43
3235.54
3134.94
3038.58
2945.58
2797.8
1934.59
1450.82
1168.03
996.528
889.043
819.542
773.104
740.87
717.423
699.374
684.574
671.657
659.76
648.352
637.122
625.9
614.608
603.197
591.65
579.991
568.269
556.54
544.862
533.292
521.879
510.666
499.687
488.972
478.541
468.411
458.593
449.093
439.915
431.059
422.523
414.303
406.393
398.787
391.477
384.455
377.712
371.239
365.028
359.069
353.352
347.869
342.611
337.569
332.734
328.099
323.655
319.394
315.309
311.393
307.638
304.038
300.587
297.279
294.107
291.067
288.152
285.359
282.682
280.116
277.658
275.304
273.05
270.892
268.827
266.851
264.962
263.155
261.428
259.778
258.201
256.692
255.249
253.867
252.54
251.261
250.023
248.815
247.624
246.433
245.219
243.951
242.581
241.06
239.229
237.518
236.134
41.9122
40.9967
40.9076
41.1521
41.4587
41.7823
42.1115
42.4314
42.737
43.0352
43.339
43.6633
44.0247
44.4364
44.9081
45.4559
46.1007
46.8641
47.7889
48.8783
50.2991
51.7788
54.5287
55.9897
65.3214
29.2854
27.8573
26.7574
25.9904
25.4716
25.1221
24.8915
24.7476
24.6692
24.6433
24.6634
24.7278
24.8385
25.0026
25.2682
25.635
26.1137
26.7231
27.492
28.4576
29.6737
31.2111
33.1338
35.7746
37.617
24.5944
23.7005
22.894
22.2241
21.6872
21.2602
20.9222
20.6564
20.449
20.2896
20.1712
20.0897
20.0437
20.0353
20.076
20.1723
20.3309
20.5615
20.8774
21.2971
21.844
22.5574
23.4496
24.6985
25.5438
22.4671
21.8703
21.2794
20.737
20.2583
19.8419
19.4829
19.1754
18.913
18.6896
18.5006
18.3427
18.2143
18.1156
18.0506
18.0236
18.0394
18.1041
18.2261
18.4169
18.6904
19.0717
19.5636
20.2753
20.763
21.5227
21.0748
20.6075
20.151
19.7216
19.3247
18.9621
18.634
18.3385
18.0731
17.8354
17.6236
17.4362
17.2735
17.137
17.0295
16.9544
16.9163
16.9212
16.9771
17.0935
17.2885
17.561
17.992
18.2703
21.2426
20.8664
20.4646
20.0578
19.6594
19.2761
18.9121
18.5701
18.2508
17.9539
17.6789
17.4247
17.1911
16.9779
16.7864
16.6185
16.4768
16.3649
16.2876
16.2508
16.2616
16.3344
16.4648
16.7248
16.8555
21.3767
21.0308
20.6595
20.2768
19.8933
19.5151
19.1469
18.7923
18.4532
18.1306
17.825
17.5363
17.2646
17.0104
16.7747
16.5591
16.3659
16.198
16.0595
15.955
15.8899
15.8774
15.9077
16.0517
16.0696
21.7858
21.4465
21.0843
20.7086
20.3277
19.9469
19.5707
19.2026
18.8452
18.5001
18.1683
17.8503
17.5468
17.2584
16.9865
16.7326
16.4989
16.2877
16.1029
15.9478
15.8256
15.7484
15.7032
15.7614
15.6908
22.3849
22.0379
21.6712
21.2913
20.9044
20.515
20.1272
19.7444
19.3691
19.0034
18.6484
18.305
17.9744
17.6574
17.3558
17.0713
16.8059
16.5608
16.3384
16.1423
15.9745
15.8465
15.7421
15.7347
15.5935
23.1175
22.7543
22.3748
21.9834
21.5847
21.1825
20.7805
20.3818
19.989
19.6039
19.2279
18.8622
18.5082
18.1674
17.8421
17.5327
17.2405
16.9668
16.7133
16.4835
16.2785
16.1096
15.9575
15.8985
15.7004
23.9441
23.5598
23.1625
22.755
22.341
21.9235
21.5057
21.0906
20.6805
20.2771
19.882
19.4966
19.1228
18.7626
18.4167
18.0857
17.7706
17.4725
17.193
16.9351
16.6991
16.4967
16.3051
16.2047
15.9603
24.8352
24.4274
24.0097
23.5838
23.1526
22.7185
22.2844
21.8528
21.4259
21.0055
20.593
20.1902
19.7997
19.4222
19.0583
18.7085
18.3735
18.0546
17.7529
17.4713
17.2092
16.9789
16.754
16.6197
16.3364
25.7681
25.3361
24.897
24.4518
24.0027
23.5518
23.1014
22.6539
22.2111
21.7748
21.3466
20.929
20.5234
20.1304
19.7505
19.3842
19.032
18.6951
18.3742
18.0724
17.7882
17.5342
17.2808
17.1181
16.8016
26.7239
26.2683
25.808
25.3437
24.8771
24.4097
23.9437
23.481
23.0235
22.5727
22.1306
21.6996
21.2805
20.8737
20.4796
20.0987
19.7315
19.3788
19.0415
18.7222
18.4188
18.1446
17.8665
17.6798
17.3346
27.6863
27.2084
26.728
26.2456
25.7622
25.2793
24.7987
24.3222
23.8512
23.3872
22.933
22.4899
22.0585
21.6394
21.2327
20.8389
20.4584
20.092
19.7402
19.4057
19.0858
18.7941
18.4945
18.2873
17.9173
28.64
28.1418
27.643
27.1438
26.6451
26.1481
25.6542
25.165
24.6819
24.2064
23.7412
23.2872
22.8449
22.4147
21.9968
21.5916
21.1993
20.8208
20.4564
20.1088
19.7744
19.4677
19.1495
18.9246
18.5339
29.5704
29.0543
28.539
28.0249
27.5126
27.0029
26.4972
25.9968
25.5029
25.0173
24.5423
24.0785
23.6264
23.1863
22.7585
22.3431
21.9405
21.5514
21.176
20.817
20.4703
20.1506
19.8166
19.5761
19.1693
30.4623
29.931
29.4017
28.8747
28.3504
27.8298
27.3138
26.8037
26.3005
25.8059
25.3221
24.8495
24.3887
23.9398
23.503
23.0787
22.667
22.2688
21.8839
21.5152
21.1582
20.8276
20.4808
20.2263
19.8088
31.3029
30.7604
30.2206
29.684
29.151
28.6223
28.099
27.582
27.0724
26.5713
26.0812
25.6025
25.1357
24.6809
24.2384
23.8084
23.3913
22.9877
22.5977
22.224
21.8618
21.5257
21.1728
20.9099
20.4895
32.0751
31.5242
30.9763
30.4323
29.8924
29.3576
28.8286
28.3065
27.792
27.286
26.7905
26.3067
25.835
25.3754
24.9283
24.494
24.0727
23.6652
23.2716
22.8944
22.5291
22.1898
21.8336
21.5657
21.143
32.7623
32.2044
31.6497
31.0991
30.5532
30.0126
29.4783
28.951
28.4317
27.9208
27.4196
26.93
26.4526
25.9874
25.5348
25.0949
24.6683
24.2557
23.8572
23.4754
23.1056
22.7618
22.401
22.1278
21.6997
33.3516
32.7884
32.2282
31.6721
31.1209
30.5753
30.0362
29.5044
28.9805
28.4652
27.959
27.4634
26.9799
26.5087
26.0501
25.6043
25.1719
24.7537
24.3497
23.9626
23.5877
23.2388
22.8731
22.5945
22.1616
33.8309
33.2639
32.6995
32.1392
31.5837
31.034
30.4909
29.9552
29.4275
28.9082
28.3979
27.8972
27.4077
26.9305
26.4659
26.0142
25.5759
25.1519
24.7423
24.3499
23.9698
23.616
23.2457
22.9616
22.5259
34.1891
33.6198
33.0526
32.4893
31.9308
31.378
30.8319
30.2932
29.7625
29.2401
28.7265
28.2221
27.7277
27.2447
26.7743
26.3169
25.873
25.4435
25.0287
24.6312
24.2464
23.8878
23.5137
23.2249
22.7886
34.4177
33.8474
33.2789
32.7139
32.1535
31.5988
31.0508
30.5101
29.9774
29.4529
28.9371
28.4301
27.9326
27.4453
26.9695
26.5069
26.0578
25.6234
25.2038
24.8018
24.4128
24.0503
23.6733
23.3808
22.9461
34.5109
33.941
33.3724
32.807
32.246
31.6906
31.1419
30.6004
30.0667
29.5413
29.0243
28.5161
28.0169
27.5274
27.0484
26.5811
26.1275
25.6887
25.265
24.8592
24.4668
24.1013
23.7226
23.4276
22.9968
34.4668
33.8985
33.3309
32.7663
32.2059
31.651
31.1027
30.5616
30.0282
29.5029
28.986
28.4777
27.9783
27.4882
27.0081
26.5389
26.0822
25.6396
25.2125
24.8037
24.4089
24.0413
23.662
23.3664
22.9415
34.2892
33.7234
33.158
32.5951
32.0364
31.4832
30.9365
30.3969
29.8651
29.3413
28.8258
28.3188
27.8206
27.3316
26.8523
26.3836
25.9267
25.483
25.0538
24.6432
24.2472
23.8789
23.5007
23.2062
22.791
33.9905
33.4278
32.8652
32.3052
31.7493
31.1989
30.6551
30.1186
29.5897
29.0689
28.5564
28.0524
27.5572
27.0713
26.595
26.1292
25.6748
25.2332
24.8055
24.395
23.9998
23.6325
23.2578
22.9661
22.565
33.5771
33.0175
32.4581
31.9014
31.3491
30.8024
30.2626
29.7301
29.2055
28.689
28.1808
27.6812
27.1905
26.7091
26.2375
25.7764
25.3267
24.8896
24.4661
24.0592
23.667
23.3015
22.9326
22.6442
22.2605
33.06
32.5033
31.9471
31.394
30.8457
30.3035
29.7684
29.2409
28.7216
28.2105
27.7078
27.2139
26.729
26.2535
25.788
25.3332
24.8898
24.4592
24.0421
23.6414
23.2553
22.8945
22.5339
22.2483
21.8839
32.4533
31.899
31.3459
30.7966
30.2526
29.7154
29.1857
28.6641
28.1509
27.6462
27.1502
26.663
26.1851
25.7168
25.2586
24.8113
24.3757
23.9531
23.5442
23.1516
22.7739
22.4211
22.0708
21.7892
21.4455
31.7738
31.2217
30.6716
30.1261
29.5869
29.0551
28.5315
28.0165
27.5102
27.0127
26.5242
26.0447
25.5747
25.1145
24.6647
24.226
23.7993
23.3857
22.9864
22.6036
22.2361
21.8936
21.5556
21.2814
20.9588
31.0424
30.4922
29.9451
29.4035
28.8692
28.3432
27.8262
27.3183
26.8196
26.33
25.8497
25.3786
24.9172
24.4658
24.025
23.5956
23.1785
22.775
22.386
22.0141
21.6583
21.3278
21.004
20.7411
20.4401
30.2345
29.6865
29.1432
28.6069
28.0793
27.5612
27.0529
26.5543
26.0654
25.586
25.116
24.6555
24.2048
23.7643
23.3347
22.9168
22.5116
22.1205
21.7445
21.3864
21.0454
20.7304
20.4246
20.1782
19.9025
29.3541
28.809
28.271
27.7424
27.2241
26.7167
26.22
25.7336
25.2573
24.7907
24.3337
23.8864
23.4489
23.0219
22.6061
22.2023
21.8117
21.4357
21.0759
20.7347
20.412
20.1163
19.8326
19.6073
19.3603
28.482
27.9402
27.4087
26.8889
26.3814
25.8858
25.4017
24.9283
24.4651
24.0117
23.5679
23.1338
22.7097
22.2961
21.894
21.5044
21.1285
20.7681
20.4246
20.1008
19.7969
19.521
19.2599
19.0569
18.8375
27.6534
27.1162
26.5928
26.0835
25.5877
25.1047
24.6334
24.1728
23.7223
23.2815
22.8502
22.4287
22.0172
21.6166
21.2277
20.8518
20.4904
20.1451
19.8179
19.5114
19.2263
18.9704
18.7317
18.5508
18.3579
26.9061
26.3762
25.863
25.3653
24.8817
24.4107
23.9513
23.5023
23.0632
22.6336
22.2135
21.8032
21.4032
21.0143
20.6378
20.2748
19.9271
19.5965
19.285
18.9954
18.7286
18.4921
18.2752
18.1156
17.9472
26.2874
25.7652
25.2628
24.776
24.303
23.8421
23.3923
22.9527
22.5228
22.1023
21.6915
21.2906
20.9005
20.522
20.1565
19.8054
19.4705
19.1536
18.8569
18.5833
18.3339
18.1157
17.9195
17.7798
17.6333
25.8457
25.3323
24.8376
24.3582
23.8919
23.4376
22.9942
22.5609
22.1374
21.7236
21.3197
20.9264
20.5443
20.1746
19.8186
19.478
19.1544
18.85
18.5669
18.308
18.0747
17.8737
17.6968
17.5755
17.4479
25.6331
25.1244
24.6318
24.1541
23.6897
23.2377
22.7969
22.3667
21.9468
21.537
21.1378
20.7497
20.3737
20.0108
19.6626
19.3307
19.0169
18.7235
18.4525
18.2071
17.9889
17.804
17.6453
17.5415
17.4292
25.6954
25.1853
24.6905
24.2098
23.7431
23.2896
22.8482
22.418
21.9988
21.5904
21.1932
20.808
20.4356
20.0775
19.735
19.41
19.1045
18.8207
18.561
18.3284
18.1246
17.956
17.8151
17.7295
17.6284
26.087
25.5734
25.0746
24.5895
24.1171
23.659
23.2138
22.7804
22.3587
21.9485
21.5504
21.1652
20.7941
20.4385
20.1
19.7807
19.4827
19.2083
18.96
18.741
18.5532
18.4029
18.2815
18.2169
18.123
26.9692
26.4514
25.9462
25.4532
24.9718
24.5038
24.0496
23.6082
23.1795
22.7638
22.3617
21.9744
21.6032
21.2499
20.9164
20.6047
20.3174
20.0568
19.8257
19.6275
19.464
19.3417
19.2503
19.218
19.1341
28.6596
28.1304
27.6123
27.1053
26.6095
26.1238
25.6536
25.1986
24.7589
24.3353
23.929
23.5413
23.1739
22.8288
22.5083
22.2149
21.9512
21.7199
21.5241
21.3675
21.252
21.185
21.1511
21.1831
21.1187
31.3568
30.8004
30.2542
29.7196
29.1981
28.6859
28.1931
27.7199
27.2671
26.8358
26.4276
26.0443
25.6881
25.3615
25.0672
24.8081
24.5873
24.4079
24.2732
24.1878
24.1536
24.1795
24.241
24.3795
24.3368
35.5539
34.9444
34.3475
33.77
33.2135
32.6713
32.1535
31.6632
31.2012
30.7689
30.3688
30.0037
29.677
29.3922
29.1529
28.9627
28.8253
28.7447
28.725
28.7721
28.8883
29.0854
29.3248
29.6565
29.6638
42.0401
41.3364
40.657
40.0188
39.4202
38.8512
38.3097
37.8093
37.35
36.9346
36.5674
36.254
36
35.8109
35.692
35.6481
35.6843
35.8059
36.0195
36.3336
36.7533
37.2962
37.9036
38.6312
38.8037
52.0521
51.1894
50.3781
49.65
48.9926
48.3848
47.8158
47.3098
46.87
46.504
46.2217
46.0335
45.9488
45.9758
46.1215
46.3926
46.7961
47.3413
48.0396
48.9077
49.9578
51.2226
52.6169
54.2054
54.8664
67.4306
66.3027
65.2653
64.3696
63.5833
62.8733
62.2304
61.7017
61.3035
61.0555
60.9763
61.0814
61.382
61.8866
62.6021
63.5364
64.701
66.1128
67.7954
69.7839
72.1093
74.8397
77.8594
81.2743
83.1489
90.7131
89.1215
87.6297
86.3356
85.2021
84.2139
83.4033
82.8556
82.6107
82.699
83.1397
83.9417
85.1072
86.6362
88.5311
90.8017
93.4684
96.5662
100.145
104.279
109.04
114.572
120.727
127.774
132.225
125.161
122.658
120.136
117.897
116.005
114.537
113.621
113.351
113.761
114.853
116.611
119.007
122.014
125.613
129.802
134.599
140.05
146.229
153.242
161.236
170.362
180.919
192.721
206.544
215.876
175.089
170.604
165.858
161.874
159.006
157.421
157.262
158.463
160.945
164.6
169.32
175.008
181.596
189.05
197.38
206.644
216.947
228.449
241.359
255.966
272.564
291.744
313.288
339.23
357.416
248.015
239.169
230.545
224.761
222.23
222.743
226.015
231.545
239.018
248.146
258.695
270.502
283.482
297.636
313.047
329.877
348.368
368.847
391.722
417.534
446.851
480.764
519.247
566.54
601.868
358.635
342.945
330.46
326.64
330.105
338.813
351.204
366.521
384.153
403.624
424.627
447.029
470.853
496.266
523.558
553.136
585.518
621.346
661.397
706.639
758.274
817.891
887.564
971.797
1046.7
297.113
284.731
270.554
259.341
252.651
251.344
253.884
258.806
265.333
272.99
281.492
290.694
300.566
311.173
322.66
335.235
349.163
364.761
382.421
402.584
425.884
452.848
485.06
522.816
577.392
)
;

boundaryField
{
    inlet
    {
        type            fixedValue;
        value           uniform 14.855;
    }
    outlet
    {
        type            zeroGradient;
    }
    upperWall
    {
        type            zeroGradient;
    }
    lowerWall
    {
        type            zeroGradient;
    }
    frontAndBack
    {
        type            empty;
    }
}


// ************************************************************************* //
