/*--------------------------------*- C++ -*----------------------------------*\
| =========                 |                                                 |
| \\      /  F ield         | OpenFOAM: The Open Source CFD Toolbox           |
|  \\    /   O peration     | Version:  1.4.2                                 |
|   \\  /    A nd           | Web:      http://www.openfoam.org               |
|    \\/     M anipulation  |                                                 |
\*---------------------------------------------------------------------------*/
FoamFile
{
    version     2.0;
    format      ascii;
    class       labelList;
    note        "nPoints: 6221 nCells: 3000 nFaces: 12050 nInternalFaces: 5830";
    object      neighbour;
    location    "constant/polyMesh";
}
// * * * * * * * * * * * * * * * * * * * * * * * * * * * * * * * * * * * * * //


5830
(
1
40
2
41
3
42
4
43
5
44
6
45
7
46
8
47
9
48
10
49
11
50
12
51
13
52
14
53
15
54
16
55
17
56
18
57
19
58
20
59
21
60
22
61
23
62
24
63
25
64
26
65
27
66
28
67
29
68
30
69
31
70
32
71
33
72
34
73
35
74
36
75
37
76
38
77
39
78
79
400
41
80
42
81
43
82
44
83
45
84
46
85
47
86
48
87
49
88
50
89
51
90
52
91
53
92
54
93
55
94
56
95
57
96
58
97
59
98
60
99
61
100
62
101
63
102
64
103
65
104
66
105
67
106
68
107
69
108
70
109
71
110
72
111
73
112
74
113
75
114
76
115
77
116
78
117
79
118
119
430
81
120
82
121
83
122
84
123
85
124
86
125
87
126
88
127
89
128
90
129
91
130
92
131
93
132
94
133
95
134
96
135
97
136
98
137
99
138
100
139
101
140
102
141
103
142
104
143
105
144
106
145
107
146
108
147
109
148
110
149
111
150
112
151
113
152
114
153
115
154
116
155
117
156
118
157
119
158
159
460
121
160
122
161
123
162
124
163
125
164
126
165
127
166
128
167
129
168
130
169
131
170
132
171
133
172
134
173
135
174
136
175
137
176
138
177
139
178
140
179
141
180
142
181
143
182
144
183
145
184
146
185
147
186
148
187
149
188
150
189
151
190
152
191
153
192
154
193
155
194
156
195
157
196
158
197
159
198
199
490
161
200
162
201
163
202
164
203
165
204
166
205
167
206
168
207
169
208
170
209
171
210
172
211
173
212
174
213
175
214
176
215
177
216
178
217
179
218
180
219
181
220
182
221
183
222
184
223
185
224
186
225
187
226
188
227
189
228
190
229
191
230
192
231
193
232
194
233
195
234
196
235
197
236
198
237
199
238
239
520
201
240
202
241
203
242
204
243
205
244
206
245
207
246
208
247
209
248
210
249
211
250
212
251
213
252
214
253
215
254
216
255
217
256
218
257
219
258
220
259
221
260
222
261
223
262
224
263
225
264
226
265
227
266
228
267
229
268
230
269
231
270
232
271
233
272
234
273
235
274
236
275
237
276
238
277
239
278
279
550
241
280
242
281
243
282
244
283
245
284
246
285
247
286
248
287
249
288
250
289
251
290
252
291
253
292
254
293
255
294
256
295
257
296
258
297
259
298
260
299
261
300
262
301
263
302
264
303
265
304
266
305
267
306
268
307
269
308
270
309
271
310
272
311
273
312
274
313
275
314
276
315
277
316
278
317
279
318
319
580
281
320
282
321
283
322
284
323
285
324
286
325
287
326
288
327
289
328
290
329
291
330
292
331
293
332
294
333
295
334
296
335
297
336
298
337
299
338
300
339
301
340
302
341
303
342
304
343
305
344
306
345
307
346
308
347
309
348
310
349
311
350
312
351
313
352
314
353
315
354
316
355
317
356
318
357
319
358
359
610
321
360
322
361
323
362
324
363
325
364
326
365
327
366
328
367
329
368
330
369
331
370
332
371
333
372
334
373
335
374
336
375
337
376
338
377
339
378
340
379
341
380
342
381
343
382
344
383
345
384
346
385
347
386
348
387
349
388
350
389
351
390
352
391
353
392
354
393
355
394
356
395
357
396
358
397
359
398
399
640
361
1200
362
1201
363
1202
364
1203
365
1204
366
1205
367
1206
368
1207
369
1208
370
1209
371
1210
372
1211
373
1212
374
1213
375
1214
376
1215
377
1216
378
1217
379
1218
380
1219
381
1220
382
1221
383
1222
384
1223
385
1224
386
1225
387
1226
388
1227
389
1228
390
1229
391
1230
392
1231
393
1232
394
1233
395
1234
396
1235
397
1236
398
1237
399
1238
670
1239
401
430
402
431
403
432
404
433
405
434
406
435
407
436
408
437
409
438
410
439
411
440
412
441
413
442
414
443
415
444
416
445
417
446
418
447
419
448
420
449
421
450
422
451
423
452
424
453
425
454
426
455
427
456
428
457
429
458
459
700
431
460
432
461
433
462
434
463
435
464
436
465
437
466
438
467
439
468
440
469
441
470
442
471
443
472
444
473
445
474
446
475
447
476
448
477
449
478
450
479
451
480
452
481
453
482
454
483
455
484
456
485
457
486
458
487
459
488
489
750
461
490
462
491
463
492
464
493
465
494
466
495
467
496
468
497
469
498
470
499
471
500
472
501
473
502
474
503
475
504
476
505
477
506
478
507
479
508
480
509
481
510
482
511
483
512
484
513
485
514
486
515
487
516
488
517
489
518
519
800
491
520
492
521
493
522
494
523
495
524
496
525
497
526
498
527
499
528
500
529
501
530
502
531
503
532
504
533
505
534
506
535
507
536
508
537
509
538
510
539
511
540
512
541
513
542
514
543
515
544
516
545
517
546
518
547
519
548
549
850
521
550
522
551
523
552
524
553
525
554
526
555
527
556
528
557
529
558
530
559
531
560
532
561
533
562
534
563
535
564
536
565
537
566
538
567
539
568
540
569
541
570
542
571
543
572
544
573
545
574
546
575
547
576
548
577
549
578
579
900
551
580
552
581
553
582
554
583
555
584
556
585
557
586
558
587
559
588
560
589
561
590
562
591
563
592
564
593
565
594
566
595
567
596
568
597
569
598
570
599
571
600
572
601
573
602
574
603
575
604
576
605
577
606
578
607
579
608
609
950
581
610
582
611
583
612
584
613
585
614
586
615
587
616
588
617
589
618
590
619
591
620
592
621
593
622
594
623
595
624
596
625
597
626
598
627
599
628
600
629
601
630
602
631
603
632
604
633
605
634
606
635
607
636
608
637
609
638
639
1000
611
640
612
641
613
642
614
643
615
644
616
645
617
646
618
647
619
648
620
649
621
650
622
651
623
652
624
653
625
654
626
655
627
656
628
657
629
658
630
659
631
660
632
661
633
662
634
663
635
664
636
665
637
666
638
667
639
668
669
1050
641
670
642
671
643
672
644
673
645
674
646
675
647
676
648
677
649
678
650
679
651
680
652
681
653
682
654
683
655
684
656
685
657
686
658
687
659
688
660
689
661
690
662
691
663
692
664
693
665
694
666
695
667
696
668
697
669
698
699
1100
671
672
673
674
675
676
677
678
679
680
681
682
683
684
685
686
687
688
689
690
691
692
693
694
695
696
697
698
699
1150
701
750
702
751
703
752
704
753
705
754
706
755
707
756
708
757
709
758
710
759
711
760
712
761
713
762
714
763
715
764
716
765
717
766
718
767
719
768
720
769
721
770
722
771
723
772
724
773
725
774
726
775
727
776
728
777
729
778
730
779
731
780
732
781
733
782
734
783
735
784
736
785
737
786
738
787
739
788
740
789
741
790
742
791
743
792
744
793
745
794
746
795
747
796
748
797
749
798
799
751
800
752
801
753
802
754
803
755
804
756
805
757
806
758
807
759
808
760
809
761
810
762
811
763
812
764
813
765
814
766
815
767
816
768
817
769
818
770
819
771
820
772
821
773
822
774
823
775
824
776
825
777
826
778
827
779
828
780
829
781
830
782
831
783
832
784
833
785
834
786
835
787
836
788
837
789
838
790
839
791
840
792
841
793
842
794
843
795
844
796
845
797
846
798
847
799
848
849
801
850
802
851
803
852
804
853
805
854
806
855
807
856
808
857
809
858
810
859
811
860
812
861
813
862
814
863
815
864
816
865
817
866
818
867
819
868
820
869
821
870
822
871
823
872
824
873
825
874
826
875
827
876
828
877
829
878
830
879
831
880
832
881
833
882
834
883
835
884
836
885
837
886
838
887
839
888
840
889
841
890
842
891
843
892
844
893
845
894
846
895
847
896
848
897
849
898
899
851
900
852
901
853
902
854
903
855
904
856
905
857
906
858
907
859
908
860
909
861
910
862
911
863
912
864
913
865
914
866
915
867
916
868
917
869
918
870
919
871
920
872
921
873
922
874
923
875
924
876
925
877
926
878
927
879
928
880
929
881
930
882
931
883
932
884
933
885
934
886
935
887
936
888
937
889
938
890
939
891
940
892
941
893
942
894
943
895
944
896
945
897
946
898
947
899
948
949
901
950
902
951
903
952
904
953
905
954
906
955
907
956
908
957
909
958
910
959
911
960
912
961
913
962
914
963
915
964
916
965
917
966
918
967
919
968
920
969
921
970
922
971
923
972
924
973
925
974
926
975
927
976
928
977
929
978
930
979
931
980
932
981
933
982
934
983
935
984
936
985
937
986
938
987
939
988
940
989
941
990
942
991
943
992
944
993
945
994
946
995
947
996
948
997
949
998
999
951
1000
952
1001
953
1002
954
1003
955
1004
956
1005
957
1006
958
1007
959
1008
960
1009
961
1010
962
1011
963
1012
964
1013
965
1014
966
1015
967
1016
968
1017
969
1018
970
1019
971
1020
972
1021
973
1022
974
1023
975
1024
976
1025
977
1026
978
1027
979
1028
980
1029
981
1030
982
1031
983
1032
984
1033
985
1034
986
1035
987
1036
988
1037
989
1038
990
1039
991
1040
992
1041
993
1042
994
1043
995
1044
996
1045
997
1046
998
1047
999
1048
1049
1001
1050
1002
1051
1003
1052
1004
1053
1005
1054
1006
1055
1007
1056
1008
1057
1009
1058
1010
1059
1011
1060
1012
1061
1013
1062
1014
1063
1015
1064
1016
1065
1017
1066
1018
1067
1019
1068
1020
1069
1021
1070
1022
1071
1023
1072
1024
1073
1025
1074
1026
1075
1027
1076
1028
1077
1029
1078
1030
1079
1031
1080
1032
1081
1033
1082
1034
1083
1035
1084
1036
1085
1037
1086
1038
1087
1039
1088
1040
1089
1041
1090
1042
1091
1043
1092
1044
1093
1045
1094
1046
1095
1047
1096
1048
1097
1049
1098
1099
1051
1100
1052
1101
1053
1102
1054
1103
1055
1104
1056
1105
1057
1106
1058
1107
1059
1108
1060
1109
1061
1110
1062
1111
1063
1112
1064
1113
1065
1114
1066
1115
1067
1116
1068
1117
1069
1118
1070
1119
1071
1120
1072
1121
1073
1122
1074
1123
1075
1124
1076
1125
1077
1126
1078
1127
1079
1128
1080
1129
1081
1130
1082
1131
1083
1132
1084
1133
1085
1134
1086
1135
1087
1136
1088
1137
1089
1138
1090
1139
1091
1140
1092
1141
1093
1142
1094
1143
1095
1144
1096
1145
1097
1146
1098
1147
1099
1148
1149
1101
1150
1102
1151
1103
1152
1104
1153
1105
1154
1106
1155
1107
1156
1108
1157
1109
1158
1110
1159
1111
1160
1112
1161
1113
1162
1114
1163
1115
1164
1116
1165
1117
1166
1118
1167
1119
1168
1120
1169
1121
1170
1122
1171
1123
1172
1124
1173
1125
1174
1126
1175
1127
1176
1128
1177
1129
1178
1130
1179
1131
1180
1132
1181
1133
1182
1134
1183
1135
1184
1136
1185
1137
1186
1138
1187
1139
1188
1140
1189
1141
1190
1142
1191
1143
1192
1144
1193
1145
1194
1146
1195
1147
1196
1148
1197
1149
1198
1199
1151
2000
1152
2001
1153
2002
1154
2003
1155
2004
1156
2005
1157
2006
1158
2007
1159
2008
1160
2009
1161
2010
1162
2011
1163
2012
1164
2013
1165
2014
1166
2015
1167
2016
1168
2017
1169
2018
1170
2019
1171
2020
1172
2021
1173
2022
1174
2023
1175
2024
1176
2025
1177
2026
1178
2027
1179
2028
1180
2029
1181
2030
1182
2031
1183
2032
1184
2033
1185
2034
1186
2035
1187
2036
1188
2037
1189
2038
1190
2039
1191
2040
1192
2041
1193
2042
1194
2043
1195
2044
1196
2045
1197
2046
1198
2047
1199
2048
2049
1201
1240
1202
1241
1203
1242
1204
1243
1205
1244
1206
1245
1207
1246
1208
1247
1209
1248
1210
1249
1211
1250
1212
1251
1213
1252
1214
1253
1215
1254
1216
1255
1217
1256
1218
1257
1219
1258
1220
1259
1221
1260
1222
1261
1223
1262
1224
1263
1225
1264
1226
1265
1227
1266
1228
1267
1229
1268
1230
1269
1231
1270
1232
1271
1233
1272
1234
1273
1235
1274
1236
1275
1237
1276
1238
1277
1239
1278
1279
1241
1280
1242
1281
1243
1282
1244
1283
1245
1284
1246
1285
1247
1286
1248
1287
1249
1288
1250
1289
1251
1290
1252
1291
1253
1292
1254
1293
1255
1294
1256
1295
1257
1296
1258
1297
1259
1298
1260
1299
1261
1300
1262
1301
1263
1302
1264
1303
1265
1304
1266
1305
1267
1306
1268
1307
1269
1308
1270
1309
1271
1310
1272
1311
1273
1312
1274
1313
1275
1314
1276
1315
1277
1316
1278
1317
1279
1318
1319
1281
1320
1282
1321
1283
1322
1284
1323
1285
1324
1286
1325
1287
1326
1288
1327
1289
1328
1290
1329
1291
1330
1292
1331
1293
1332
1294
1333
1295
1334
1296
1335
1297
1336
1298
1337
1299
1338
1300
1339
1301
1340
1302
1341
1303
1342
1304
1343
1305
1344
1306
1345
1307
1346
1308
1347
1309
1348
1310
1349
1311
1350
1312
1351
1313
1352
1314
1353
1315
1354
1316
1355
1317
1356
1318
1357
1319
1358
1359
1321
1360
1322
1361
1323
1362
1324
1363
1325
1364
1326
1365
1327
1366
1328
1367
1329
1368
1330
1369
1331
1370
1332
1371
1333
1372
1334
1373
1335
1374
1336
1375
1337
1376
1338
1377
1339
1378
1340
1379
1341
1380
1342
1381
1343
1382
1344
1383
1345
1384
1346
1385
1347
1386
1348
1387
1349
1388
1350
1389
1351
1390
1352
1391
1353
1392
1354
1393
1355
1394
1356
1395
1357
1396
1358
1397
1359
1398
1399
1361
1400
1362
1401
1363
1402
1364
1403
1365
1404
1366
1405
1367
1406
1368
1407
1369
1408
1370
1409
1371
1410
1372
1411
1373
1412
1374
1413
1375
1414
1376
1415
1377
1416
1378
1417
1379
1418
1380
1419
1381
1420
1382
1421
1383
1422
1384
1423
1385
1424
1386
1425
1387
1426
1388
1427
1389
1428
1390
1429
1391
1430
1392
1431
1393
1432
1394
1433
1395
1434
1396
1435
1397
1436
1398
1437
1399
1438
1439
1401
1440
1402
1441
1403
1442
1404
1443
1405
1444
1406
1445
1407
1446
1408
1447
1409
1448
1410
1449
1411
1450
1412
1451
1413
1452
1414
1453
1415
1454
1416
1455
1417
1456
1418
1457
1419
1458
1420
1459
1421
1460
1422
1461
1423
1462
1424
1463
1425
1464
1426
1465
1427
1466
1428
1467
1429
1468
1430
1469
1431
1470
1432
1471
1433
1472
1434
1473
1435
1474
1436
1475
1437
1476
1438
1477
1439
1478
1479
1441
1480
1442
1481
1443
1482
1444
1483
1445
1484
1446
1485
1447
1486
1448
1487
1449
1488
1450
1489
1451
1490
1452
1491
1453
1492
1454
1493
1455
1494
1456
1495
1457
1496
1458
1497
1459
1498
1460
1499
1461
1500
1462
1501
1463
1502
1464
1503
1465
1504
1466
1505
1467
1506
1468
1507
1469
1508
1470
1509
1471
1510
1472
1511
1473
1512
1474
1513
1475
1514
1476
1515
1477
1516
1478
1517
1479
1518
1519
1481
1520
1482
1521
1483
1522
1484
1523
1485
1524
1486
1525
1487
1526
1488
1527
1489
1528
1490
1529
1491
1530
1492
1531
1493
1532
1494
1533
1495
1534
1496
1535
1497
1536
1498
1537
1499
1538
1500
1539
1501
1540
1502
1541
1503
1542
1504
1543
1505
1544
1506
1545
1507
1546
1508
1547
1509
1548
1510
1549
1511
1550
1512
1551
1513
1552
1514
1553
1515
1554
1516
1555
1517
1556
1518
1557
1519
1558
1559
1521
1560
1522
1561
1523
1562
1524
1563
1525
1564
1526
1565
1527
1566
1528
1567
1529
1568
1530
1569
1531
1570
1532
1571
1533
1572
1534
1573
1535
1574
1536
1575
1537
1576
1538
1577
1539
1578
1540
1579
1541
1580
1542
1581
1543
1582
1544
1583
1545
1584
1546
1585
1547
1586
1548
1587
1549
1588
1550
1589
1551
1590
1552
1591
1553
1592
1554
1593
1555
1594
1556
1595
1557
1596
1558
1597
1559
1598
1599
1561
1600
1562
1601
1563
1602
1564
1603
1565
1604
1566
1605
1567
1606
1568
1607
1569
1608
1570
1609
1571
1610
1572
1611
1573
1612
1574
1613
1575
1614
1576
1615
1577
1616
1578
1617
1579
1618
1580
1619
1581
1620
1582
1621
1583
1622
1584
1623
1585
1624
1586
1625
1587
1626
1588
1627
1589
1628
1590
1629
1591
1630
1592
1631
1593
1632
1594
1633
1595
1634
1596
1635
1597
1636
1598
1637
1599
1638
1639
1601
1640
1602
1641
1603
1642
1604
1643
1605
1644
1606
1645
1607
1646
1608
1647
1609
1648
1610
1649
1611
1650
1612
1651
1613
1652
1614
1653
1615
1654
1616
1655
1617
1656
1618
1657
1619
1658
1620
1659
1621
1660
1622
1661
1623
1662
1624
1663
1625
1664
1626
1665
1627
1666
1628
1667
1629
1668
1630
1669
1631
1670
1632
1671
1633
1672
1634
1673
1635
1674
1636
1675
1637
1676
1638
1677
1639
1678
1679
1641
1680
1642
1681
1643
1682
1644
1683
1645
1684
1646
1685
1647
1686
1648
1687
1649
1688
1650
1689
1651
1690
1652
1691
1653
1692
1654
1693
1655
1694
1656
1695
1657
1696
1658
1697
1659
1698
1660
1699
1661
1700
1662
1701
1663
1702
1664
1703
1665
1704
1666
1705
1667
1706
1668
1707
1669
1708
1670
1709
1671
1710
1672
1711
1673
1712
1674
1713
1675
1714
1676
1715
1677
1716
1678
1717
1679
1718
1719
1681
1720
1682
1721
1683
1722
1684
1723
1685
1724
1686
1725
1687
1726
1688
1727
1689
1728
1690
1729
1691
1730
1692
1731
1693
1732
1694
1733
1695
1734
1696
1735
1697
1736
1698
1737
1699
1738
1700
1739
1701
1740
1702
1741
1703
1742
1704
1743
1705
1744
1706
1745
1707
1746
1708
1747
1709
1748
1710
1749
1711
1750
1712
1751
1713
1752
1714
1753
1715
1754
1716
1755
1717
1756
1718
1757
1719
1758
1759
1721
1760
1722
1761
1723
1762
1724
1763
1725
1764
1726
1765
1727
1766
1728
1767
1729
1768
1730
1769
1731
1770
1732
1771
1733
1772
1734
1773
1735
1774
1736
1775
1737
1776
1738
1777
1739
1778
1740
1779
1741
1780
1742
1781
1743
1782
1744
1783
1745
1784
1746
1785
1747
1786
1748
1787
1749
1788
1750
1789
1751
1790
1752
1791
1753
1792
1754
1793
1755
1794
1756
1795
1757
1796
1758
1797
1759
1798
1799
1761
1800
1762
1801
1763
1802
1764
1803
1765
1804
1766
1805
1767
1806
1768
1807
1769
1808
1770
1809
1771
1810
1772
1811
1773
1812
1774
1813
1775
1814
1776
1815
1777
1816
1778
1817
1779
1818
1780
1819
1781
1820
1782
1821
1783
1822
1784
1823
1785
1824
1786
1825
1787
1826
1788
1827
1789
1828
1790
1829
1791
1830
1792
1831
1793
1832
1794
1833
1795
1834
1796
1835
1797
1836
1798
1837
1799
1838
1839
1801
1840
1802
1841
1803
1842
1804
1843
1805
1844
1806
1845
1807
1846
1808
1847
1809
1848
1810
1849
1811
1850
1812
1851
1813
1852
1814
1853
1815
1854
1816
1855
1817
1856
1818
1857
1819
1858
1820
1859
1821
1860
1822
1861
1823
1862
1824
1863
1825
1864
1826
1865
1827
1866
1828
1867
1829
1868
1830
1869
1831
1870
1832
1871
1833
1872
1834
1873
1835
1874
1836
1875
1837
1876
1838
1877
1839
1878
1879
1841
1880
1842
1881
1843
1882
1844
1883
1845
1884
1846
1885
1847
1886
1848
1887
1849
1888
1850
1889
1851
1890
1852
1891
1853
1892
1854
1893
1855
1894
1856
1895
1857
1896
1858
1897
1859
1898
1860
1899
1861
1900
1862
1901
1863
1902
1864
1903
1865
1904
1866
1905
1867
1906
1868
1907
1869
1908
1870
1909
1871
1910
1872
1911
1873
1912
1874
1913
1875
1914
1876
1915
1877
1916
1878
1917
1879
1918
1919
1881
1920
1882
1921
1883
1922
1884
1923
1885
1924
1886
1925
1887
1926
1888
1927
1889
1928
1890
1929
1891
1930
1892
1931
1893
1932
1894
1933
1895
1934
1896
1935
1897
1936
1898
1937
1899
1938
1900
1939
1901
1940
1902
1941
1903
1942
1904
1943
1905
1944
1906
1945
1907
1946
1908
1947
1909
1948
1910
1949
1911
1950
1912
1951
1913
1952
1914
1953
1915
1954
1916
1955
1917
1956
1918
1957
1919
1958
1959
1921
1960
1922
1961
1923
1962
1924
1963
1925
1964
1926
1965
1927
1966
1928
1967
1929
1968
1930
1969
1931
1970
1932
1971
1933
1972
1934
1973
1935
1974
1936
1975
1937
1976
1938
1977
1939
1978
1940
1979
1941
1980
1942
1981
1943
1982
1944
1983
1945
1984
1946
1985
1947
1986
1948
1987
1949
1988
1950
1989
1951
1990
1952
1991
1953
1992
1954
1993
1955
1994
1956
1995
1957
1996
1958
1997
1959
1998
1999
1961
1962
1963
1964
1965
1966
1967
1968
1969
1970
1971
1972
1973
1974
1975
1976
1977
1978
1979
1980
1981
1982
1983
1984
1985
1986
1987
1988
1989
1990
1991
1992
1993
1994
1995
1996
1997
1998
1999
2001
2050
2002
2051
2003
2052
2004
2053
2005
2054
2006
2055
2007
2056
2008
2057
2009
2058
2010
2059
2011
2060
2012
2061
2013
2062
2014
2063
2015
2064
2016
2065
2017
2066
2018
2067
2019
2068
2020
2069
2021
2070
2022
2071
2023
2072
2024
2073
2025
2074
2026
2075
2027
2076
2028
2077
2029
2078
2030
2079
2031
2080
2032
2081
2033
2082
2034
2083
2035
2084
2036
2085
2037
2086
2038
2087
2039
2088
2040
2089
2041
2090
2042
2091
2043
2092
2044
2093
2045
2094
2046
2095
2047
2096
2048
2097
2049
2098
2099
2051
2100
2052
2101
2053
2102
2054
2103
2055
2104
2056
2105
2057
2106
2058
2107
2059
2108
2060
2109
2061
2110
2062
2111
2063
2112
2064
2113
2065
2114
2066
2115
2067
2116
2068
2117
2069
2118
2070
2119
2071
2120
2072
2121
2073
2122
2074
2123
2075
2124
2076
2125
2077
2126
2078
2127
2079
2128
2080
2129
2081
2130
2082
2131
2083
2132
2084
2133
2085
2134
2086
2135
2087
2136
2088
2137
2089
2138
2090
2139
2091
2140
2092
2141
2093
2142
2094
2143
2095
2144
2096
2145
2097
2146
2098
2147
2099
2148
2149
2101
2150
2102
2151
2103
2152
2104
2153
2105
2154
2106
2155
2107
2156
2108
2157
2109
2158
2110
2159
2111
2160
2112
2161
2113
2162
2114
2163
2115
2164
2116
2165
2117
2166
2118
2167
2119
2168
2120
2169
2121
2170
2122
2171
2123
2172
2124
2173
2125
2174
2126
2175
2127
2176
2128
2177
2129
2178
2130
2179
2131
2180
2132
2181
2133
2182
2134
2183
2135
2184
2136
2185
2137
2186
2138
2187
2139
2188
2140
2189
2141
2190
2142
2191
2143
2192
2144
2193
2145
2194
2146
2195
2147
2196
2148
2197
2149
2198
2199
2151
2200
2152
2201
2153
2202
2154
2203
2155
2204
2156
2205
2157
2206
2158
2207
2159
2208
2160
2209
2161
2210
2162
2211
2163
2212
2164
2213
2165
2214
2166
2215
2167
2216
2168
2217
2169
2218
2170
2219
2171
2220
2172
2221
2173
2222
2174
2223
2175
2224
2176
2225
2177
2226
2178
2227
2179
2228
2180
2229
2181
2230
2182
2231
2183
2232
2184
2233
2185
2234
2186
2235
2187
2236
2188
2237
2189
2238
2190
2239
2191
2240
2192
2241
2193
2242
2194
2243
2195
2244
2196
2245
2197
2246
2198
2247
2199
2248
2249
2201
2250
2202
2251
2203
2252
2204
2253
2205
2254
2206
2255
2207
2256
2208
2257
2209
2258
2210
2259
2211
2260
2212
2261
2213
2262
2214
2263
2215
2264
2216
2265
2217
2266
2218
2267
2219
2268
2220
2269
2221
2270
2222
2271
2223
2272
2224
2273
2225
2274
2226
2275
2227
2276
2228
2277
2229
2278
2230
2279
2231
2280
2232
2281
2233
2282
2234
2283
2235
2284
2236
2285
2237
2286
2238
2287
2239
2288
2240
2289
2241
2290
2242
2291
2243
2292
2244
2293
2245
2294
2246
2295
2247
2296
2248
2297
2249
2298
2299
2251
2300
2252
2301
2253
2302
2254
2303
2255
2304
2256
2305
2257
2306
2258
2307
2259
2308
2260
2309
2261
2310
2262
2311
2263
2312
2264
2313
2265
2314
2266
2315
2267
2316
2268
2317
2269
2318
2270
2319
2271
2320
2272
2321
2273
2322
2274
2323
2275
2324
2276
2325
2277
2326
2278
2327
2279
2328
2280
2329
2281
2330
2282
2331
2283
2332
2284
2333
2285
2334
2286
2335
2287
2336
2288
2337
2289
2338
2290
2339
2291
2340
2292
2341
2293
2342
2294
2343
2295
2344
2296
2345
2297
2346
2298
2347
2299
2348
2349
2301
2350
2302
2351
2303
2352
2304
2353
2305
2354
2306
2355
2307
2356
2308
2357
2309
2358
2310
2359
2311
2360
2312
2361
2313
2362
2314
2363
2315
2364
2316
2365
2317
2366
2318
2367
2319
2368
2320
2369
2321
2370
2322
2371
2323
2372
2324
2373
2325
2374
2326
2375
2327
2376
2328
2377
2329
2378
2330
2379
2331
2380
2332
2381
2333
2382
2334
2383
2335
2384
2336
2385
2337
2386
2338
2387
2339
2388
2340
2389
2341
2390
2342
2391
2343
2392
2344
2393
2345
2394
2346
2395
2347
2396
2348
2397
2349
2398
2399
2351
2400
2352
2401
2353
2402
2354
2403
2355
2404
2356
2405
2357
2406
2358
2407
2359
2408
2360
2409
2361
2410
2362
2411
2363
2412
2364
2413
2365
2414
2366
2415
2367
2416
2368
2417
2369
2418
2370
2419
2371
2420
2372
2421
2373
2422
2374
2423
2375
2424
2376
2425
2377
2426
2378
2427
2379
2428
2380
2429
2381
2430
2382
2431
2383
2432
2384
2433
2385
2434
2386
2435
2387
2436
2388
2437
2389
2438
2390
2439
2391
2440
2392
2441
2393
2442
2394
2443
2395
2444
2396
2445
2397
2446
2398
2447
2399
2448
2449
2401
2450
2402
2451
2403
2452
2404
2453
2405
2454
2406
2455
2407
2456
2408
2457
2409
2458
2410
2459
2411
2460
2412
2461
2413
2462
2414
2463
2415
2464
2416
2465
2417
2466
2418
2467
2419
2468
2420
2469
2421
2470
2422
2471
2423
2472
2424
2473
2425
2474
2426
2475
2427
2476
2428
2477
2429
2478
2430
2479
2431
2480
2432
2481
2433
2482
2434
2483
2435
2484
2436
2485
2437
2486
2438
2487
2439
2488
2440
2489
2441
2490
2442
2491
2443
2492
2444
2493
2445
2494
2446
2495
2447
2496
2448
2497
2449
2498
2499
2451
2500
2452
2501
2453
2502
2454
2503
2455
2504
2456
2505
2457
2506
2458
2507
2459
2508
2460
2509
2461
2510
2462
2511
2463
2512
2464
2513
2465
2514
2466
2515
2467
2516
2468
2517
2469
2518
2470
2519
2471
2520
2472
2521
2473
2522
2474
2523
2475
2524
2476
2525
2477
2526
2478
2527
2479
2528
2480
2529
2481
2530
2482
2531
2483
2532
2484
2533
2485
2534
2486
2535
2487
2536
2488
2537
2489
2538
2490
2539
2491
2540
2492
2541
2493
2542
2494
2543
2495
2544
2496
2545
2497
2546
2498
2547
2499
2548
2549
2501
2550
2502
2551
2503
2552
2504
2553
2505
2554
2506
2555
2507
2556
2508
2557
2509
2558
2510
2559
2511
2560
2512
2561
2513
2562
2514
2563
2515
2564
2516
2565
2517
2566
2518
2567
2519
2568
2520
2569
2521
2570
2522
2571
2523
2572
2524
2573
2525
2574
2526
2575
2527
2576
2528
2577
2529
2578
2530
2579
2531
2580
2532
2581
2533
2582
2534
2583
2535
2584
2536
2585
2537
2586
2538
2587
2539
2588
2540
2589
2541
2590
2542
2591
2543
2592
2544
2593
2545
2594
2546
2595
2547
2596
2548
2597
2549
2598
2599
2551
2600
2552
2601
2553
2602
2554
2603
2555
2604
2556
2605
2557
2606
2558
2607
2559
2608
2560
2609
2561
2610
2562
2611
2563
2612
2564
2613
2565
2614
2566
2615
2567
2616
2568
2617
2569
2618
2570
2619
2571
2620
2572
2621
2573
2622
2574
2623
2575
2624
2576
2625
2577
2626
2578
2627
2579
2628
2580
2629
2581
2630
2582
2631
2583
2632
2584
2633
2585
2634
2586
2635
2587
2636
2588
2637
2589
2638
2590
2639
2591
2640
2592
2641
2593
2642
2594
2643
2595
2644
2596
2645
2597
2646
2598
2647
2599
2648
2649
2601
2650
2602
2651
2603
2652
2604
2653
2605
2654
2606
2655
2607
2656
2608
2657
2609
2658
2610
2659
2611
2660
2612
2661
2613
2662
2614
2663
2615
2664
2616
2665
2617
2666
2618
2667
2619
2668
2620
2669
2621
2670
2622
2671
2623
2672
2624
2673
2625
2674
2626
2675
2627
2676
2628
2677
2629
2678
2630
2679
2631
2680
2632
2681
2633
2682
2634
2683
2635
2684
2636
2685
2637
2686
2638
2687
2639
2688
2640
2689
2641
2690
2642
2691
2643
2692
2644
2693
2645
2694
2646
2695
2647
2696
2648
2697
2649
2698
2699
2651
2700
2652
2701
2653
2702
2654
2703
2655
2704
2656
2705
2657
2706
2658
2707
2659
2708
2660
2709
2661
2710
2662
2711
2663
2712
2664
2713
2665
2714
2666
2715
2667
2716
2668
2717
2669
2718
2670
2719
2671
2720
2672
2721
2673
2722
2674
2723
2675
2724
2676
2725
2677
2726
2678
2727
2679
2728
2680
2729
2681
2730
2682
2731
2683
2732
2684
2733
2685
2734
2686
2735
2687
2736
2688
2737
2689
2738
2690
2739
2691
2740
2692
2741
2693
2742
2694
2743
2695
2744
2696
2745
2697
2746
2698
2747
2699
2748
2749
2701
2750
2702
2751
2703
2752
2704
2753
2705
2754
2706
2755
2707
2756
2708
2757
2709
2758
2710
2759
2711
2760
2712
2761
2713
2762
2714
2763
2715
2764
2716
2765
2717
2766
2718
2767
2719
2768
2720
2769
2721
2770
2722
2771
2723
2772
2724
2773
2725
2774
2726
2775
2727
2776
2728
2777
2729
2778
2730
2779
2731
2780
2732
2781
2733
2782
2734
2783
2735
2784
2736
2785
2737
2786
2738
2787
2739
2788
2740
2789
2741
2790
2742
2791
2743
2792
2744
2793
2745
2794
2746
2795
2747
2796
2748
2797
2749
2798
2799
2751
2800
2752
2801
2753
2802
2754
2803
2755
2804
2756
2805
2757
2806
2758
2807
2759
2808
2760
2809
2761
2810
2762
2811
2763
2812
2764
2813
2765
2814
2766
2815
2767
2816
2768
2817
2769
2818
2770
2819
2771
2820
2772
2821
2773
2822
2774
2823
2775
2824
2776
2825
2777
2826
2778
2827
2779
2828
2780
2829
2781
2830
2782
2831
2783
2832
2784
2833
2785
2834
2786
2835
2787
2836
2788
2837
2789
2838
2790
2839
2791
2840
2792
2841
2793
2842
2794
2843
2795
2844
2796
2845
2797
2846
2798
2847
2799
2848
2849
2801
2850
2802
2851
2803
2852
2804
2853
2805
2854
2806
2855
2807
2856
2808
2857
2809
2858
2810
2859
2811
2860
2812
2861
2813
2862
2814
2863
2815
2864
2816
2865
2817
2866
2818
2867
2819
2868
2820
2869
2821
2870
2822
2871
2823
2872
2824
2873
2825
2874
2826
2875
2827
2876
2828
2877
2829
2878
2830
2879
2831
2880
2832
2881
2833
2882
2834
2883
2835
2884
2836
2885
2837
2886
2838
2887
2839
2888
2840
2889
2841
2890
2842
2891
2843
2892
2844
2893
2845
2894
2846
2895
2847
2896
2848
2897
2849
2898
2899
2851
2900
2852
2901
2853
2902
2854
2903
2855
2904
2856
2905
2857
2906
2858
2907
2859
2908
2860
2909
2861
2910
2862
2911
2863
2912
2864
2913
2865
2914
2866
2915
2867
2916
2868
2917
2869
2918
2870
2919
2871
2920
2872
2921
2873
2922
2874
2923
2875
2924
2876
2925
2877
2926
2878
2927
2879
2928
2880
2929
2881
2930
2882
2931
2883
2932
2884
2933
2885
2934
2886
2935
2887
2936
2888
2937
2889
2938
2890
2939
2891
2940
2892
2941
2893
2942
2894
2943
2895
2944
2896
2945
2897
2946
2898
2947
2899
2948
2949
2901
2950
2902
2951
2903
2952
2904
2953
2905
2954
2906
2955
2907
2956
2908
2957
2909
2958
2910
2959
2911
2960
2912
2961
2913
2962
2914
2963
2915
2964
2916
2965
2917
2966
2918
2967
2919
2968
2920
2969
2921
2970
2922
2971
2923
2972
2924
2973
2925
2974
2926
2975
2927
2976
2928
2977
2929
2978
2930
2979
2931
2980
2932
2981
2933
2982
2934
2983
2935
2984
2936
2985
2937
2986
2938
2987
2939
2988
2940
2989
2941
2990
2942
2991
2943
2992
2944
2993
2945
2994
2946
2995
2947
2996
2948
2997
2949
2998
2999
2951
2952
2953
2954
2955
2956
2957
2958
2959
2960
2961
2962
2963
2964
2965
2966
2967
2968
2969
2970
2971
2972
2973
2974
2975
2976
2977
2978
2979
2980
2981
2982
2983
2984
2985
2986
2987
2988
2989
2990
2991
2992
2993
2994
2995
2996
2997
2998
2999
)


// ************************************************************************* //
