/*---------------------------------------------------------------------------*\
| =========                 |                                                 |
| \\      /  F ield         | OpenFOAM: The Open Source CFD Toolbox           |
|  \\    /   O peration     | Version:  v1806                                 |
|   \\  /    A nd           | Web:      www.OpenFOAM.com                      |
|    \\/     M anipulation  |                                                 |
\*---------------------------------------------------------------------------*/
FoamFile
{
    version     2.0;
    format      ascii;
    class       dictionary;
    location    "constant";
    object      waveProperties;
}
// * * * * * * * * * * * * * * * * * * * * * * * * * * * * * * * * * * * * * //

inlet
{
    alpha           alpha.water;

    waveModel       irregularMultiDirectional;

    nPaddle         1;

    rampTime        18.0;

    activeAbsorption yes;

    wavePeriods
    57
    (
(15.367 15.367 15.367 15.367 15.367 15.367 15.367 15.367 15.367 15.367 15.367 15.367 15.367 15.367 15.367 15.367 15.367 15.367 15.367 15.367 15.367 15.367 15.367 15.367 15.367 15.367)
(14.636 14.636 14.636 14.636 14.636 14.636 14.636 14.636 14.636 14.636 14.636 14.636 14.636 14.636 14.636 14.636 14.636 14.636 14.636 14.636 14.636 14.636 14.636 14.636 14.636 14.636)
(13.939 13.939 13.939 13.939 13.939 13.939 13.939 13.939 13.939 13.939 13.939 13.939 13.939 13.939 13.939 13.939 13.939 13.939 13.939 13.939 13.939 13.939 13.939 13.939 13.939 13.939)
(13.275 13.275 13.275 13.275 13.275 13.275 13.275 13.275 13.275 13.275 13.275 13.275 13.275 13.275 13.275 13.275 13.275 13.275 13.275 13.275 13.275 13.275 13.275 13.275 13.275 13.275)
(12.643 12.643 12.643 12.643 12.643 12.643 12.643 12.643 12.643 12.643 12.643 12.643 12.643 12.643 12.643 12.643 12.643 12.643 12.643 12.643 12.643 12.643 12.643 12.643 12.643 12.643)
(12.041 12.041 12.041 12.041 12.041 12.041 12.041 12.041 12.041 12.041 12.041 12.041 12.041 12.041 12.041 12.041 12.041 12.041 12.041 12.041 12.041 12.041 12.041 12.041 12.041 12.041)
(11.467 11.467 11.467 11.467 11.467 11.467 11.467 11.467 11.467 11.467 11.467 11.467 11.467 11.467 11.467 11.467 11.467 11.467 11.467 11.467 11.467 11.467 11.467 11.467 11.467 11.467)
(10.921 10.921 10.921 10.921 10.921 10.921 10.921 10.921 10.921 10.921 10.921 10.921 10.921 10.921 10.921 10.921 10.921 10.921 10.921 10.921 10.921 10.921 10.921 10.921 10.921 10.921)
(10.401 10.401 10.401 10.401 10.401 10.401 10.401 10.401 10.401 10.401 10.401 10.401 10.401 10.401 10.401 10.401 10.401 10.401 10.401 10.401 10.401 10.401 10.401 10.401 10.401 10.401)
(9.906 9.906 9.906 9.906 9.906 9.906 9.906 9.906 9.906 9.906 9.906 9.906 9.906 9.906 9.906 9.906 9.906 9.906 9.906 9.906 9.906 9.906 9.906 9.906 9.906 9.906)
(9.4343 9.4343 9.4343 9.4343 9.4343 9.4343 9.4343 9.4343 9.4343 9.4343 9.4343 9.4343 9.4343 9.4343 9.4343 9.4343 9.4343 9.4343 9.4343 9.4343 9.4343 9.4343 9.4343 9.4343 9.4343 9.4343)
(8.985 8.985 8.985 8.985 8.985 8.985 8.985 8.985 8.985 8.985 8.985 8.985 8.985 8.985 8.985 8.985 8.985 8.985 8.985 8.985 8.985 8.985 8.985 8.985 8.985 8.985)
(8.5572 8.5572 8.5572 8.5572 8.5572 8.5572 8.5572 8.5572 8.5572 8.5572 8.5572 8.5572 8.5572 8.5572 8.5572 8.5572 8.5572 8.5572 8.5572 8.5572 8.5572 8.5572 8.5572 8.5572 8.5572 8.5572)
(8.1497 8.1497 8.1497 8.1497 8.1497 8.1497 8.1497 8.1497 8.1497 8.1497 8.1497 8.1497 8.1497 8.1497 8.1497 8.1497 8.1497 8.1497 8.1497 8.1497 8.1497 8.1497 8.1497 8.1497 8.1497 8.1497)
(7.7616 7.7616 7.7616 7.7616 7.7616 7.7616 7.7616 7.7616 7.7616 7.7616 7.7616 7.7616 7.7616 7.7616 7.7616 7.7616 7.7616 7.7616 7.7616 7.7616 7.7616 7.7616 7.7616 7.7616 7.7616 7.7616)
(7.392 7.392 7.392 7.392 7.392 7.392 7.392 7.392 7.392 7.392 7.392 7.392 7.392 7.392 7.392 7.392 7.392 7.392 7.392 7.392 7.392 7.392 7.392 7.392 7.392 7.392)
(7.04 7.04 7.04 7.04 7.04 7.04 7.04 7.04 7.04 7.04 7.04 7.04 7.04 7.04 7.04 7.04 7.04 7.04 7.04 7.04 7.04 7.04 7.04 7.04 7.04 7.04)
(6.7048 6.7048 6.7048 6.7048 6.7048 6.7048 6.7048 6.7048 6.7048 6.7048 6.7048 6.7048 6.7048 6.7048 6.7048 6.7048 6.7048 6.7048 6.7048 6.7048 6.7048 6.7048 6.7048 6.7048 6.7048 6.7048)
(6.3855 6.3855 6.3855 6.3855 6.3855 6.3855 6.3855 6.3855 6.3855 6.3855 6.3855 6.3855 6.3855 6.3855 6.3855 6.3855 6.3855 6.3855 6.3855 6.3855 6.3855 6.3855 6.3855 6.3855 6.3855 6.3855)
(6.0814 6.0814 6.0814 6.0814 6.0814 6.0814 6.0814 6.0814 6.0814 6.0814 6.0814 6.0814 6.0814 6.0814 6.0814 6.0814 6.0814 6.0814 6.0814 6.0814 6.0814 6.0814 6.0814 6.0814 6.0814 6.0814)
(5.7918 5.7918 5.7918 5.7918 5.7918 5.7918 5.7918 5.7918 5.7918 5.7918 5.7918 5.7918 5.7918 5.7918 5.7918 5.7918 5.7918 5.7918 5.7918 5.7918 5.7918 5.7918 5.7918 5.7918 5.7918 5.7918)
(5.516 5.516 5.516 5.516 5.516 5.516 5.516 5.516 5.516 5.516 5.516 5.516 5.516 5.516 5.516 5.516 5.516 5.516 5.516 5.516 5.516 5.516 5.516 5.516 5.516 5.516)
(5.2533 5.2533 5.2533 5.2533 5.2533 5.2533 5.2533 5.2533 5.2533 5.2533 5.2533 5.2533 5.2533 5.2533 5.2533 5.2533 5.2533 5.2533 5.2533 5.2533 5.2533 5.2533 5.2533 5.2533 5.2533 5.2533)
(5.0032 5.0032 5.0032 5.0032 5.0032 5.0032 5.0032 5.0032 5.0032 5.0032 5.0032 5.0032 5.0032 5.0032 5.0032 5.0032 5.0032 5.0032 5.0032 5.0032 5.0032 5.0032 5.0032 5.0032 5.0032 5.0032)
(4.7649 4.7649 4.7649 4.7649 4.7649 4.7649 4.7649 4.7649 4.7649 4.7649 4.7649 4.7649 4.7649 4.7649 4.7649 4.7649 4.7649 4.7649 4.7649 4.7649 4.7649 4.7649 4.7649 4.7649 4.7649 4.7649)
(4.538 4.538 4.538 4.538 4.538 4.538 4.538 4.538 4.538 4.538 4.538 4.538 4.538 4.538 4.538 4.538 4.538 4.538 4.538 4.538 4.538 4.538 4.538 4.538 4.538 4.538)
(4.3219 4.3219 4.3219 4.3219 4.3219 4.3219 4.3219 4.3219 4.3219 4.3219 4.3219 4.3219 4.3219 4.3219 4.3219 4.3219 4.3219 4.3219 4.3219 4.3219 4.3219 4.3219 4.3219 4.3219 4.3219 4.3219)
(4.1161 4.1161 4.1161 4.1161 4.1161 4.1161 4.1161 4.1161 4.1161 4.1161 4.1161 4.1161 4.1161 4.1161 4.1161 4.1161 4.1161 4.1161 4.1161 4.1161 4.1161 4.1161 4.1161 4.1161 4.1161 4.1161)
(3.9201 3.9201 3.9201 3.9201 3.9201 3.9201 3.9201 3.9201 3.9201 3.9201 3.9201 3.9201 3.9201 3.9201 3.9201 3.9201 3.9201 3.9201 3.9201 3.9201 3.9201 3.9201 3.9201 3.9201 3.9201 3.9201)
(3.7335 3.7335 3.7335 3.7335 3.7335 3.7335 3.7335 3.7335 3.7335 3.7335 3.7335 3.7335 3.7335 3.7335 3.7335 3.7335 3.7335 3.7335 3.7335 3.7335 3.7335 3.7335 3.7335 3.7335 3.7335 3.7335)
(3.5557 3.5557 3.5557 3.5557 3.5557 3.5557 3.5557 3.5557 3.5557 3.5557 3.5557 3.5557 3.5557 3.5557 3.5557 3.5557 3.5557 3.5557 3.5557 3.5557 3.5557 3.5557 3.5557 3.5557 3.5557 3.5557)
(3.3864 3.3864 3.3864 3.3864 3.3864 3.3864 3.3864 3.3864 3.3864 3.3864 3.3864 3.3864 3.3864 3.3864 3.3864 3.3864 3.3864 3.3864 3.3864 3.3864 3.3864 3.3864 3.3864 3.3864 3.3864 3.3864)
(3.2251 3.2251 3.2251 3.2251 3.2251 3.2251 3.2251 3.2251 3.2251 3.2251 3.2251 3.2251 3.2251 3.2251 3.2251 3.2251 3.2251 3.2251 3.2251 3.2251 3.2251 3.2251 3.2251 3.2251 3.2251 3.2251)
(3.0715 3.0715 3.0715 3.0715 3.0715 3.0715 3.0715 3.0715 3.0715 3.0715 3.0715 3.0715 3.0715 3.0715 3.0715 3.0715 3.0715 3.0715 3.0715 3.0715 3.0715 3.0715 3.0715 3.0715 3.0715 3.0715)
(2.9253 2.9253 2.9253 2.9253 2.9253 2.9253 2.9253 2.9253 2.9253 2.9253 2.9253 2.9253 2.9253 2.9253 2.9253 2.9253 2.9253 2.9253 2.9253 2.9253 2.9253 2.9253 2.9253 2.9253 2.9253 2.9253)
(2.786 2.786 2.786 2.786 2.786 2.786 2.786 2.786 2.786 2.786 2.786 2.786 2.786 2.786 2.786 2.786 2.786 2.786 2.786 2.786 2.786 2.786 2.786 2.786 2.786 2.786)
(2.6533 2.6533 2.6533 2.6533 2.6533 2.6533 2.6533 2.6533 2.6533 2.6533 2.6533 2.6533 2.6533 2.6533 2.6533 2.6533 2.6533 2.6533 2.6533 2.6533 2.6533 2.6533 2.6533 2.6533 2.6533 2.6533)
(2.527 2.527 2.527 2.527 2.527 2.527 2.527 2.527 2.527 2.527 2.527 2.527 2.527 2.527 2.527 2.527 2.527 2.527 2.527 2.527 2.527 2.527 2.527 2.527 2.527 2.527)
(2.4066 2.4066 2.4066 2.4066 2.4066 2.4066 2.4066 2.4066 2.4066 2.4066 2.4066 2.4066 2.4066 2.4066 2.4066 2.4066 2.4066 2.4066 2.4066 2.4066 2.4066 2.4066 2.4066 2.4066 2.4066 2.4066)
(2.292 2.292 2.292 2.292 2.292 2.292 2.292 2.292 2.292 2.292 2.292 2.292 2.292 2.292 2.292 2.292 2.292 2.292 2.292 2.292 2.292 2.292 2.292 2.292 2.292 2.292)
(2.1829 2.1829 2.1829 2.1829 2.1829 2.1829 2.1829 2.1829 2.1829 2.1829 2.1829 2.1829 2.1829 2.1829 2.1829 2.1829 2.1829 2.1829 2.1829 2.1829 2.1829 2.1829 2.1829 2.1829 2.1829 2.1829)
(2.0789 2.0789 2.0789 2.0789 2.0789 2.0789 2.0789 2.0789 2.0789 2.0789 2.0789 2.0789 2.0789 2.0789 2.0789 2.0789 2.0789 2.0789 2.0789 2.0789 2.0789 2.0789 2.0789 2.0789 2.0789 2.0789)
(1.9799 1.9799 1.9799 1.9799 1.9799 1.9799 1.9799 1.9799 1.9799 1.9799 1.9799 1.9799 1.9799 1.9799 1.9799 1.9799 1.9799 1.9799 1.9799 1.9799 1.9799 1.9799 1.9799 1.9799 1.9799 1.9799)
(1.8856 1.8856 1.8856 1.8856 1.8856 1.8856 1.8856 1.8856 1.8856 1.8856 1.8856 1.8856 1.8856 1.8856 1.8856 1.8856 1.8856 1.8856 1.8856 1.8856 1.8856 1.8856 1.8856 1.8856 1.8856 1.8856)
(1.7959 1.7959 1.7959 1.7959 1.7959 1.7959 1.7959 1.7959 1.7959 1.7959 1.7959 1.7959 1.7959 1.7959 1.7959 1.7959 1.7959 1.7959 1.7959 1.7959 1.7959 1.7959 1.7959 1.7959 1.7959 1.7959)
(1.7103 1.7103 1.7103 1.7103 1.7103 1.7103 1.7103 1.7103 1.7103 1.7103 1.7103 1.7103 1.7103 1.7103 1.7103 1.7103 1.7103 1.7103 1.7103 1.7103 1.7103 1.7103 1.7103 1.7103 1.7103 1.7103)
(1.6289 1.6289 1.6289 1.6289 1.6289 1.6289 1.6289 1.6289 1.6289 1.6289 1.6289 1.6289 1.6289 1.6289 1.6289 1.6289 1.6289 1.6289 1.6289 1.6289 1.6289 1.6289 1.6289 1.6289 1.6289 1.6289)
(1.5513 1.5513 1.5513 1.5513 1.5513 1.5513 1.5513 1.5513 1.5513 1.5513 1.5513 1.5513 1.5513 1.5513 1.5513 1.5513 1.5513 1.5513 1.5513 1.5513 1.5513 1.5513 1.5513 1.5513 1.5513 1.5513)
(1.4775 1.4775 1.4775 1.4775 1.4775 1.4775 1.4775 1.4775 1.4775 1.4775 1.4775 1.4775 1.4775 1.4775 1.4775 1.4775 1.4775 1.4775 1.4775 1.4775 1.4775 1.4775 1.4775 1.4775 1.4775 1.4775)
(1.4071 1.4071 1.4071 1.4071 1.4071 1.4071 1.4071 1.4071 1.4071 1.4071 1.4071 1.4071 1.4071 1.4071 1.4071 1.4071 1.4071 1.4071 1.4071 1.4071 1.4071 1.4071 1.4071 1.4071 1.4071 1.4071)
(1.3401 1.3401 1.3401 1.3401 1.3401 1.3401 1.3401 1.3401 1.3401 1.3401 1.3401 1.3401 1.3401 1.3401 1.3401 1.3401 1.3401 1.3401 1.3401 1.3401 1.3401 1.3401 1.3401 1.3401 1.3401 1.3401)
(1.2763 1.2763 1.2763 1.2763 1.2763 1.2763 1.2763 1.2763 1.2763 1.2763 1.2763 1.2763 1.2763 1.2763 1.2763 1.2763 1.2763 1.2763 1.2763 1.2763 1.2763 1.2763 1.2763 1.2763 1.2763 1.2763)
(1.2155 1.2155 1.2155 1.2155 1.2155 1.2155 1.2155 1.2155 1.2155 1.2155 1.2155 1.2155 1.2155 1.2155 1.2155 1.2155 1.2155 1.2155 1.2155 1.2155 1.2155 1.2155 1.2155 1.2155 1.2155 1.2155)
(1.1576 1.1576 1.1576 1.1576 1.1576 1.1576 1.1576 1.1576 1.1576 1.1576 1.1576 1.1576 1.1576 1.1576 1.1576 1.1576 1.1576 1.1576 1.1576 1.1576 1.1576 1.1576 1.1576 1.1576 1.1576 1.1576)
(1.1025 1.1025 1.1025 1.1025 1.1025 1.1025 1.1025 1.1025 1.1025 1.1025 1.1025 1.1025 1.1025 1.1025 1.1025 1.1025 1.1025 1.1025 1.1025 1.1025 1.1025 1.1025 1.1025 1.1025 1.1025 1.1025)
(1.05 1.05 1.05 1.05 1.05 1.05 1.05 1.05 1.05 1.05 1.05 1.05 1.05 1.05 1.05 1.05 1.05 1.05 1.05 1.05 1.05 1.05 1.05 1.05 1.05 1.05)
(1 1 1 1 1 1 1 1 1 1 1 1 1 1 1 1 1 1 1 1 1 1 1 1 1 1)
    );

    waveHeights
    57
    (
(0.0022817 0.0021584 0.0019314 0.0016349 0.0013091 0.00099161 0.00071052 0.0004816 0.00030879 0.00018729 0.00010746 5.8323e-05 2.9944e-05 2.9944e-05 5.8323e-05 0.00010746 0.00018729 0.00030879 0.0004816 0.00071052 0.00099161 0.0013091 0.0016349 0.0019314 0.0021584 0.0022817)
(0.0053082 0.0050214 0.0044933 0.0038035 0.0030456 0.0023069 0.001653 0.0011204 0.00071839 0.00043572 0.00025 0.00013569 6.9664e-05 6.9664e-05 0.00013569 0.00025 0.00043572 0.00071839 0.0011204 0.001653 0.0023069 0.0030456 0.0038035 0.0044933 0.0050214 0.0053082)
(0.01045 0.0098852 0.0088457 0.0074877 0.0059957 0.0045415 0.0032542 0.0022057 0.0014142 0.00085779 0.00049216 0.00026712 0.00013714 0.00013714 0.00026712 0.00049216 0.00085779 0.0014142 0.0022057 0.0032542 0.0045415 0.0059957 0.0074877 0.0088457 0.0098852 0.01045)
(0.017932 0.016963 0.015179 0.012849 0.010288 0.007793 0.0055839 0.0037849 0.0024268 0.0014719 0.00084451 0.00045836 0.00023533 0.00023533 0.00045836 0.00084451 0.0014719 0.0024268 0.0037849 0.0055839 0.007793 0.010288 0.012849 0.015179 0.016963 0.017932)
(0.027484 0.025998 0.023264 0.019693 0.015769 0.011944 0.0085585 0.005801 0.0037195 0.002256 0.0012944 0.00070252 0.00036069 0.00036069 0.00070252 0.0012944 0.002256 0.0037195 0.005801 0.0085585 0.011944 0.015769 0.019693 0.023264 0.025998 0.027484)
(0.038409 0.036333 0.032512 0.027521 0.022037 0.016692 0.011961 0.008107 0.005198 0.0031528 0.0018089 0.00098178 0.00050406 0.00050406 0.00098178 0.0018089 0.0031528 0.005198 0.008107 0.011961 0.016692 0.022037 0.027521 0.032512 0.036333 0.038409)
(0.049905 0.047208 0.042243 0.035758 0.028633 0.021688 0.01554 0.010533 0.0067538 0.0040964 0.0023503 0.0012756 0.00065493 0.00065493 0.0012756 0.0023503 0.0040964 0.0067538 0.010533 0.01554 0.021688 0.028633 0.035758 0.042243 0.047208 0.049905)
(0.061847 0.058505 0.052352 0.044315 0.035485 0.026879 0.019259 0.013054 0.0083701 0.0050767 0.0029128 0.0015809 0.00081167 0.00081167 0.0015809 0.0029128 0.0050767 0.0083701 0.013054 0.019259 0.026879 0.035485 0.044315 0.052352 0.058505 0.061847)
(0.076376 0.072248 0.064651 0.054726 0.043821 0.033193 0.023784 0.016121 0.010336 0.0062693 0.003597 0.0019523 0.0010023 0.0010023 0.0019523 0.003597 0.0062693 0.010336 0.016121 0.023784 0.033193 0.043821 0.054726 0.064651 0.072248 0.076376)
(0.099121 0.093765 0.083904 0.071023 0.056871 0.043078 0.030867 0.020922 0.013415 0.0081364 0.0046683 0.0025337 0.0013008 0.0013008 0.0025337 0.0046683 0.0081364 0.013415 0.020922 0.030867 0.043078 0.056871 0.071023 0.083904 0.093765 0.099121)
(0.13269 0.12552 0.11232 0.095078 0.076133 0.057668 0.041321 0.028008 0.017958 0.010892 0.0062494 0.0033918 0.0017414 0.0017414 0.0033918 0.0062494 0.010892 0.017958 0.028008 0.041321 0.057668 0.076133 0.095078 0.11232 0.12552 0.13269)
(0.1545 0.14615 0.13078 0.11071 0.088646 0.067147 0.048113 0.032611 0.02091 0.012682 0.0072765 0.0039493 0.0020277 0.0020277 0.0039493 0.0072765 0.012682 0.02091 0.032611 0.048113 0.067147 0.088646 0.11071 0.13078 0.14615 0.1545)
(0.14286 0.13514 0.12093 0.10236 0.081965 0.062085 0.044486 0.030153 0.019334 0.011726 0.0067281 0.0036516 0.0018748 0.0018748 0.0036516 0.0067281 0.011726 0.019334 0.030153 0.044486 0.062085 0.081965 0.10236 0.12093 0.13514 0.14286)
(0.11601 0.10974 0.098201 0.083125 0.066561 0.050418 0.036126 0.024487 0.0157 0.0095227 0.0054637 0.0029654 0.0015225 0.0015225 0.0029654 0.0054637 0.0095227 0.0157 0.024487 0.036126 0.050418 0.066561 0.083125 0.098201 0.10974 0.11601)
(0.094609 0.089497 0.080085 0.067791 0.054282 0.041117 0.029462 0.019969 0.012804 0.007766 0.0044558 0.0024184 0.0012416 0.0012416 0.0024184 0.0044558 0.007766 0.012804 0.019969 0.029462 0.041117 0.054282 0.067791 0.080085 0.089497 0.094609)
(0.083231 0.078733 0.070454 0.059638 0.047754 0.036172 0.025918 0.017568 0.011264 0.006832 0.0039199 0.0021275 0.0010923 0.0010923 0.0021275 0.0039199 0.006832 0.011264 0.017568 0.025918 0.036172 0.047754 0.059638 0.070454 0.078733 0.083231)
(0.077269 0.073094 0.065407 0.055366 0.044333 0.033581 0.024062 0.016309 0.010457 0.0063426 0.0036391 0.0019751 0.0010141 0.0010141 0.0019751 0.0036391 0.0063426 0.010457 0.016309 0.024062 0.033581 0.044333 0.055366 0.065407 0.073094 0.077269)
(0.072722 0.068792 0.061558 0.052108 0.041724 0.031605 0.022646 0.01535 0.0098419 0.0059694 0.003425 0.0018589 0.00095438 0.00095438 0.0018589 0.003425 0.0059694 0.0098419 0.01535 0.022646 0.031605 0.041724 0.052108 0.061558 0.068792 0.072722)
(0.068223 0.064536 0.05775 0.048884 0.039143 0.02965 0.021245 0.0144 0.009233 0.0056001 0.0032131 0.0017439 0.00089534 0.00089534 0.0017439 0.0032131 0.0056001 0.009233 0.0144 0.021245 0.02965 0.039143 0.048884 0.05775 0.064536 0.068223)
(0.063641 0.060202 0.053871 0.045601 0.036514 0.027658 0.019818 0.013433 0.0086129 0.005224 0.0029973 0.0016268 0.00083521 0.00083521 0.0016268 0.0029973 0.005224 0.0086129 0.013433 0.019818 0.027658 0.036514 0.045601 0.053871 0.060202 0.063641)
(0.059074 0.055881 0.050005 0.042328 0.033894 0.025673 0.018396 0.012469 0.0079947 0.004849 0.0027822 0.00151 0.00077526 0.00077526 0.00151 0.0027822 0.004849 0.0079947 0.012469 0.018396 0.025673 0.033894 0.042328 0.050005 0.055881 0.059074)
(0.054609 0.051658 0.046226 0.039129 0.031332 0.023733 0.017006 0.011527 0.0073906 0.0044826 0.0025719 0.0013959 0.00071668 0.00071668 0.0013959 0.0025719 0.0044826 0.0073906 0.011527 0.017006 0.023733 0.031332 0.039129 0.046226 0.051658 0.054609)
(0.050313 0.047594 0.042589 0.036051 0.028867 0.021866 0.015668 0.01062 0.0068091 0.0041299 0.0023696 0.0012861 0.00066029 0.00066029 0.0012861 0.0023696 0.0041299 0.0068091 0.01062 0.015668 0.021866 0.028867 0.036051 0.042589 0.047594 0.050313)
(0.046226 0.043728 0.03913 0.033122 0.026522 0.02009 0.014395 0.0097571 0.006256 0.0037945 0.0021771 0.0011816 0.00060666 0.00060666 0.0011816 0.0021771 0.0037945 0.006256 0.0097571 0.014395 0.02009 0.026522 0.033122 0.03913 0.043728 0.046226)
(0.042375 0.040085 0.035869 0.030363 0.024313 0.018416 0.013196 0.0089441 0.0057348 0.0034783 0.0019957 0.0010832 0.00055611 0.00055611 0.0010832 0.0019957 0.0034783 0.0057348 0.0089441 0.013196 0.018416 0.024313 0.030363 0.035869 0.040085 0.042375)
(0.038771 0.036676 0.032819 0.027781 0.022245 0.01685 0.012073 0.0081835 0.0052471 0.0031825 0.001826 0.00099105 0.00050882 0.00050882 0.00099105 0.001826 0.0031825 0.0052471 0.0081835 0.012073 0.01685 0.022245 0.027781 0.032819 0.036676 0.038771)
(0.035419 0.033505 0.029982 0.025379 0.020322 0.015393 0.01103 0.007476 0.0047935 0.0029074 0.0016681 0.00090537 0.00046483 0.00046483 0.00090537 0.0016681 0.0029074 0.0047935 0.007476 0.01103 0.015393 0.020322 0.025379 0.029982 0.033505 0.035419)
(0.032316 0.03057 0.027355 0.023156 0.018542 0.014045 0.010063 0.0068211 0.0043735 0.0026527 0.001522 0.00082605 0.00042411 0.00042411 0.00082605 0.001522 0.0026527 0.0043735 0.0068211 0.010063 0.014045 0.018542 0.023156 0.027355 0.03057 0.032316)
(0.029454 0.027863 0.024932 0.021105 0.016899 0.012801 0.0091721 0.006217 0.0039862 0.0024178 0.0013872 0.0007529 0.00038655 0.00038655 0.0007529 0.0013872 0.0024178 0.0039862 0.006217 0.0091721 0.012801 0.016899 0.021105 0.024932 0.027863 0.029454)
(0.026823 0.025373 0.022705 0.019219 0.01539 0.011657 0.0083527 0.0056615 0.00363 0.0022017 0.0012633 0.00068563 0.00035201 0.00035201 0.00068563 0.0012633 0.0022017 0.00363 0.0056615 0.0083527 0.011657 0.01539 0.019219 0.022705 0.025373 0.026823)
(0.024409 0.02309 0.020662 0.01749 0.014005 0.010608 0.007601 0.005152 0.0033034 0.0020036 0.0011496 0.00062393 0.00032034 0.00032034 0.00062393 0.0011496 0.0020036 0.0033034 0.005152 0.007601 0.010608 0.014005 0.01749 0.020662 0.02309 0.024409)
(0.022199 0.021 0.018791 0.015907 0.012737 0.0096478 0.006913 0.0046857 0.0030044 0.0018222 0.0010455 0.00056745 0.00029134 0.00029134 0.00056745 0.0010455 0.0018222 0.0030044 0.0046857 0.006913 0.0096478 0.012737 0.015907 0.018791 0.021 0.022199)
(0.02018 0.01909 0.017082 0.01446 0.011579 0.0087703 0.0062842 0.0042595 0.0027311 0.0016565 0.00095042 0.00051584 0.00026484 0.00026484 0.00051584 0.00095042 0.0016565 0.0027311 0.0042595 0.0062842 0.0087703 0.011579 0.01446 0.017082 0.01909 0.02018)
(0.018338 0.017347 0.015522 0.013139 0.010521 0.0079695 0.0057104 0.0038706 0.0024817 0.0015052 0.00086364 0.00046874 0.00024066 0.00024066 0.00046874 0.00086364 0.0015052 0.0024817 0.0038706 0.0057104 0.0079695 0.010521 0.013139 0.015522 0.017347 0.018338)
(0.016658 0.015758 0.0141 0.011936 0.0095574 0.0072394 0.0051873 0.003516 0.0022544 0.0013674 0.00078452 0.0004258 0.00021861 0.00021861 0.0004258 0.00078452 0.0013674 0.0022544 0.003516 0.0051873 0.0072394 0.0095574 0.011936 0.0141 0.015758 0.016658)
(0.015128 0.01431 0.012805 0.01084 0.0086796 0.0065745 0.0047108 0.0031931 0.0020473 0.0012418 0.00071247 0.00038669 0.00019853 0.00019853 0.00038669 0.00071247 0.0012418 0.0020473 0.0031931 0.0047108 0.0065745 0.0086796 0.01084 0.012805 0.01431 0.015128)
(0.013735 0.012993 0.011627 0.0098418 0.0078807 0.0059693 0.0042772 0.0028991 0.0018589 0.0011275 0.00064689 0.0003511 0.00018026 0.00018026 0.0003511 0.00064689 0.0011275 0.0018589 0.0028991 0.0042772 0.0059693 0.0078807 0.0098418 0.011627 0.012993 0.013735)
(0.012469 0.011795 0.010555 0.0089343 0.007154 0.0054189 0.0038828 0.0026318 0.0016875 0.0010235 0.00058724 0.00031872 0.00016364 0.00016364 0.00031872 0.00058724 0.0010235 0.0016875 0.0026318 0.0038828 0.0054189 0.007154 0.0089343 0.010555 0.011795 0.012469)
(0.011317 0.010706 0.0095799 0.0081092 0.0064934 0.0049185 0.0035243 0.0023888 0.0015316 0.00092898 0.00053301 0.00028929 0.00014853 0.00014853 0.00028929 0.00053301 0.00092898 0.0015316 0.0023888 0.0035243 0.0049185 0.0064934 0.0081092 0.0095799 0.010706 0.011317)
(0.010271 0.0097159 0.0086942 0.0073595 0.005893 0.0044637 0.0031984 0.0021679 0.00139 0.00084309 0.00048373 0.00026254 0.00013479 0.00013479 0.00026254 0.00048373 0.00084309 0.00139 0.0021679 0.0031984 0.0044637 0.005893 0.0073595 0.0086942 0.0097159 0.010271)
(0.0093204 0.0088167 0.0078896 0.0066784 0.0053476 0.0040506 0.0029024 0.0019673 0.0012614 0.00076507 0.00043896 0.00023824 0.00012232 0.00012232 0.00023824 0.00043896 0.00076507 0.0012614 0.0019673 0.0029024 0.0040506 0.0053476 0.0066784 0.0078896 0.0088167 0.0093204)
(0.0084571 0.0080001 0.0071588 0.0060598 0.0048523 0.0036755 0.0026336 0.0017851 0.0011445 0.0006942 0.0003983 0.00021618 0.00011099 0.00011099 0.00021618 0.0003983 0.0006942 0.0011445 0.0017851 0.0026336 0.0036755 0.0048523 0.0060598 0.0071588 0.0080001 0.0084571)
(0.0076733 0.0072586 0.0064953 0.0054982 0.0044026 0.0033348 0.0023895 0.0016196 0.0010385 0.00062986 0.00036139 0.00019614 0.0001007 0.0001007 0.00019614 0.00036139 0.00062986 0.0010385 0.0016196 0.0023895 0.0033348 0.0044026 0.0054982 0.0064953 0.0072586 0.0076733)
(0.0069617 0.0065855 0.005893 0.0049883 0.0039943 0.0030255 0.0021679 0.0014694 0.00094216 0.00057145 0.00032787 0.00017795 9.1364e-05 9.1364e-05 0.00017795 0.00032787 0.00057145 0.00094216 0.0014694 0.0021679 0.0030255 0.0039943 0.0049883 0.005893 0.0065855 0.0069617)
(0.0063158 0.0059745 0.0053462 0.0045255 0.0036237 0.0027448 0.0019668 0.0013331 0.00085475 0.00051843 0.00029745 0.00016144 8.2887e-05 8.2887e-05 0.00016144 0.00029745 0.00051843 0.00085475 0.0013331 0.0019668 0.0027448 0.0036237 0.0045255 0.0053462 0.0059745 0.0063158)
(0.0057296 0.00542 0.00485 0.0041055 0.0032874 0.0024901 0.0017842 0.0012094 0.00077542 0.00047032 0.00026985 0.00014646 7.5194e-05 7.5194e-05 0.00014646 0.00026985 0.00047032 0.00077542 0.0012094 0.0017842 0.0024901 0.0032874 0.0041055 0.00485 0.00542 0.0057296)
(0.0051977 0.0049168 0.0043998 0.0037243 0.0029822 0.0022589 0.0016186 0.0010971 0.00070343 0.00042665 0.00024479 0.00013286 6.8213e-05 6.8213e-05 0.00013286 0.00024479 0.00042665 0.00070343 0.0010971 0.0016186 0.0022589 0.0029822 0.0037243 0.0043998 0.0049168 0.0051977)
(0.004715 0.0044602 0.0039912 0.0033785 0.0027053 0.0020491 0.0014683 0.00099521 0.00063811 0.00038703 0.00022206 0.00012052 6.1879e-05 6.1879e-05 0.00012052 0.00022206 0.00038703 0.00063811 0.00099521 0.0014683 0.0020491 0.0027053 0.0033785 0.0039912 0.0044602 0.004715)
(0.0042771 0.004046 0.0036205 0.0030647 0.002454 0.0018588 0.0013319 0.00090277 0.00057884 0.00035109 0.00020144 0.00010933 5.6131e-05 5.6131e-05 0.00010933 0.00020144 0.00035109 0.00057884 0.00090277 0.0013319 0.0018588 0.002454 0.0030647 0.0036205 0.004046 0.0042771)
(0.0038798 0.0036701 0.0032841 0.00278 0.002226 0.0016861 0.0012082 0.00081891 0.00052507 0.00031847 0.00018272 9.9173e-05 5.0917e-05 5.0917e-05 9.9173e-05 0.00018272 0.00031847 0.00052507 0.00081891 0.0012082 0.0016861 0.002226 0.00278 0.0032841 0.0036701 0.0038798)
(0.0035193 0.0033291 0.002979 0.0025217 0.0020192 0.0015295 0.0010959 0.00074282 0.00047628 0.00028888 0.00016575 8.9958e-05 4.6186e-05 4.6186e-05 8.9958e-05 0.00016575 0.00028888 0.00047628 0.00074282 0.0010959 0.0015295 0.0020192 0.0025217 0.002979 0.0033291 0.0035193)
(0.0031923 0.0030198 0.0027022 0.0022874 0.0018316 0.0013874 0.00099408 0.0006738 0.00043203 0.00026204 0.00015035 8.1599e-05 4.1895e-05 4.1895e-05 8.1599e-05 0.00015035 0.00026204 0.00043203 0.0006738 0.00099408 0.0013874 0.0018316 0.0022874 0.0027022 0.0030198 0.0031923)
(0.0028956 0.0027391 0.0024511 0.0020748 0.0016614 0.0012584 0.0009017 0.00061118 0.00039188 0.00023769 0.00013637 7.4016e-05 3.8001e-05 3.8001e-05 7.4016e-05 0.00013637 0.00023769 0.00039188 0.00061118 0.0009017 0.0012584 0.0016614 0.0020748 0.0024511 0.0027391 0.0028956)
(0.0026265 0.0024846 0.0022233 0.001882 0.001507 0.0011415 0.0008179 0.00055438 0.00035546 0.0002156 0.0001237 6.7138e-05 3.447e-05 3.447e-05 6.7138e-05 0.0001237 0.0002156 0.00035546 0.00055438 0.0008179 0.0011415 0.001507 0.001882 0.0022233 0.0024846 0.0026265)
(0.0023824 0.0022536 0.0020167 0.0017071 0.0013669 0.0010354 0.00074188 0.00050286 0.00032242 0.00019556 0.0001122 6.0898e-05 3.1266e-05 3.1266e-05 6.0898e-05 0.0001122 0.00019556 0.00032242 0.00050286 0.00074188 0.0010354 0.0013669 0.0017071 0.0020167 0.0022536 0.0023824)
(0.002161 0.0020442 0.0018292 0.0015484 0.0012399 0.00093915 0.00067293 0.00045612 0.00029245 0.00017738 0.00010177 5.5237e-05 2.836e-05 2.836e-05 5.5237e-05 0.00010177 0.00017738 0.00029245 0.00045612 0.00067293 0.00093915 0.0012399 0.0015484 0.0018292 0.0020442 0.002161)
(0.001936 0.0018314 0.0016388 0.0013872 0.0011108 0.0008414 0.00060289 0.00040864 0.00026201 0.00015892 9.1181e-05 4.9488e-05 2.5408e-05 2.5408e-05 4.9488e-05 9.1181e-05 0.00015892 0.00026201 0.00040864 0.00060289 0.0008414 0.0011108 0.0013872 0.0016388 0.0018314 0.001936)
    );

    wavePhases
    57
    (
(5.1191 2.1387 0.95742 2.219 1.6215 3.8319 0.33098 1.1232 2.0262 4.5305 4.9663 4.5852 6.1852 0.44895 5.0162 3.0637 1.0124 1.6046 4.5438 3.6664 3.1497 3.6958 5.2714 2.8572 0.52934 2.7035)
(5.6913 3.6773 5.1888 5.1597 2.5681 3.8809 4.6361 2.6571 4.9307 3.2829 5.9647 5.5968 5.3969 1.5236 5.9251 4.8315 4.7634 0.12903 2.183 3.467 2.7126 2.3006 2.7223 1.55 1.0298 4.359)
(0.79788 1.4063 3.3825 0.096783 3.7378 5.4 1.6909 0.59206 2.9616 6.2436 2.0582 6.172 4.9358 0.33775 4.2959 2.4882 5.4734 5.8036 4.1508 3.6667 6.2679 5.069 2.957 4.9287 2.0371 5.939)
(5.7389 4.7204 6.2589 0.27033 1.6475 5.061 2.6568 3.7606 0.2247 1.374 4.2177 4.832 3.2256 2.7754 0.8299 1.7149 2.204 4.1073 2.4119 3.2159 5.0994 3.1653 3.5231 5.547 1.8958 4.9275)
(3.9732 1.6028 0.49119 1.0618 3.7878 3.6236 3.4424 2.9589 1.1051 0.66475 2.7561 3.6533 1.1159 0.083461 4.541 0.23395 4.3073 5.8598 3.9417 0.51895 3.0514 3.0762 1.6908 5.741 0.073394 4.4332)
(0.61286 3.179 2.7814 4.0785 4.4687 1.1493 5.9234 4.3728 4.5349 0.68925 5.237 5.8328 2.5044 5.6372 0.69337 4.2304 1.8482 1.0274 0.13603 4.5212 5.62 5.5107 4.7062 3.5078 3.3923 0.68697)
(1.7499 4.3924 0.67012 4.5975 1.3933 1.5075 2.6248 4.3975 2.975 0.39956 4.8309 3.6448 0.84151 1.2356 0.73823 2.699 3.334 5.7874 5.7213 6.259 0.86423 2.2189 3.166 3.7628 0.59924 2.45)
(3.4362 5.5977 6.0438 4.0699 0.73776 5.5701 6.1767 4.012 0.95958 2.5421 1.0509 0.10671 0.19408 0.58666 4.0257 2.8384 5.2303 4.993 5.0301 2.2276 2.4505 2.8239 4.064 0.93542 0.92058 3.7128)
(6.0162 6.0274 0.029118 2.8332 1.8641 0.18017 1.8941 0.21114 2.1433 2.8172 5.416 0.75938 5.9008 1.9312 2.066 3.8318 3.7541 3.6279 4.6863 6.1026 5.8268 6.054 1.9336 5.6531 3.9656 2.8864)
(6.0626 3.4383 4.8689 3.437 2.0029 3.0781 4.4051 0.43232 3.8163 2.2985 6.2196 5.4206 1.8932 2.8655 4.108 0.37324 2.1068 2.7648 5.1089 2.1768 5.7648 0.26576 0.87163 2.8299 5.3993 0.3163)
(0.99031 0.871 5.1353 1.8618 2.6651 1.0551 4.1867 2.0081 1.2048 4.7972 3.2322 3.0429 1.8569 0.63881 4.7069 1.9843 1.8801 1.6186 2.4084 5.5703 4.4835 6.1133 2.9881 1.2923 6.1212 1.4369)
(6.0984 0.93804 5.4582 4.679 3.191 6.1492 3.3874 3.3355 4.6397 3.9452 5.5561 5.3084 2.0919 6.2542 3.6643 4.8552 2.8437 4.7246 3.8785 2.8569 3.8851 1.1888 2.2774 5.6527 3.5867 5.2414)
(6.0141 1.618 0.53053 1.1872 0.53731 4.478 4.3863 4.112 1.5259 4.8505 3.6947 1.3157 2.9347 2.0866 4.6498 4.3758 2.6556 1.4368 3.6159 2.5976 2.1569 4.1916 4.9519 4.7915 6.2634 0.098299)
(3.0497 5.2824 2.5119 4.3151 1.6492 3.1446 4.1879 2.5611 5.7643 5.8613 0.97234 3.4701 4.0728 1.8683 1.4755 0.78749 2.2595 0.4033 3.3304 1.3681 5.8812 3.6847 4.9027 5.5448 3.478 5.4269)
(5.0283 1.5977 1.6328 1.153 5.0329 2.9599 1.1192 5.1521 1.6906 6.1119 1.2558 3.9577 0.15851 0.38984 4.6179 0.81777 3.508 4.8213 1.7283 0.78951 0.78398 4.2419 4.2004 1.7904 3.2387 0.49052)
(0.8915 5.1163 5.027 2.3153 0.1836 0.3746 0.80434 4.5136 4.8098 1.2065 2.557 0.20101 5.2917 1.8739 6.0985 0.58027 4.6656 4.2173 1.5622 1.941 4.5904 2.2684 0.83883 4.23 2.0777 4.2037)
(2.65 1.5301 2.7107 3.9309 5.8362 4.285 6.2774 6.0862 1.1854 0.87257 4.7043 3.8624 3.5125 0.29123 5.4471 0.049136 2.6662 4.4938 2.8377 4.5622 4.0619 3.8973 0.13544 4.1738 2.7018 3.1429)
(5.7537 5.8387 5.7218 4.9023 4.5888 0.2666 1.0752 3.3385 1.8064 4.3748 5.1873 2.2771 5.3665 3.1757 0.54183 2.6585 2.6977 4.0342 1.4308 4.9189 5.2348 5.0966 3.5176 0.77167 3.0901 1.3697)
(4.9776 2.199 1.1426 0.50973 3.07 0.44891 0.20484 2.043 0.57248 0.58949 4.9635 0.31122 2.1858 4.7842 2.3024 4.1191 0.7846 2.633 5.0545 4.3592 2.5025 0.121 1.8901 2.5593 0.44634 3.5916)
(6.0287 1.2352 1.6575 5.8395 3.635 3.2776 3.5261 0.66369 3.6204 3.3012 2.0013 3.0761 2.8025 3.9651 2.3197 4.5423 0.15352 2.4552 6.1959 0.061589 4.7113 0.52699 5.9025 1.7297 5.5778 0.76774)
(4.1201 1.5776 0.91445 4.8739 1.4909 0.60777 5.5409 3.8388 4.2937 3.3323 3.3556 1.2096 0.3408 0.56481 4.3042 3.3377 1.8233 5.128 0.18844 5.2981 5.2478 6.1249 6.1632 4.503 0.4061 4.2171)
(0.22438 3.8707 0.85494 3.0586 2.883 5.1406 4.2046 4.8934 3.4343 5.4107 0.56518 0.77336 1.1128 0.50807 3.757 0.68372 1.995 1.9945 3.3657 5.7952 2.0261 4.0925 1.8009 1.7806 2.7406 3.7673)
(5.3352 2.9738 5.4619 2.7386 6.0513 5.1368 1.1965 2.6606 2.6749 3.0464 0.70187 1.2912 4.1645 4.8835 4.9597 3.9695 4.1073 5.1179 0.54712 4.844 3.47 1.4529 5.0317 5.631 5.1939 0.35171)
(5.8685 2.2095 3.6424 2.8072 3.4357 4.5392 2.318 0.57066 4.0492 2.4722 0.85635 0.92058 2.0787 5.6871 2.31 0.79482 6.0126 4.9579 5.0397 0.26804 6.152 2.5352 5.6304 5.1935 2.4789 0.35401)
(4.2646 5.2203 3.4549 1.9249 3.2744 0.94163 2.8948 1.6743 4.0691 4.2187 4.2641 1.188 5.6454 3.3538 1.2945 0.84385 5.8794 5.3549 6.215 2.3762 3.4514 0.76668 3.7544 2.4506 3.8546 0.95819)
(4.761 3.6773 0.91078 3.1951 1.4552 4.1444 6.1678 0.96545 4.2664 4.6575 3.1113 0.26799 0.74239 0.68584 0.54454 0.61948 2.877 3.177 0.42064 4.4255 2.0761 1.6867 5.5544 3.1284 5.1437 0.12328)
(4.6692 3.454 5.3598 3.2093 3.0718 3.2584 0.98272 1.7656 3.9948 3.2676 1.192 3.9911 6.2104 5.1887 4.8502 0.89238 1.511 3.994 5.9024 4.5837 3.8923 1.6201 5.9296 4.3656 5.5684 2.7343)
(2.4644 5.7629 3.9085 5.1373 3.9211 6.1134 5.3754 2.7651 5.9387 2.1847 3.1102 1.771 3.3928 2.1243 1.2923 1.0572 4.7997 5.9746 0.11421 1.4092 2.2659 2.0839 3.4505 5.2425 5.8503 5.229)
(4.1185 1.796 2.2051 4.9941 4.2671 4.0777 4.0512 3.3121 1.3128 0.94246 0.92745 3.3841 4.4417 1.8471 2.4396 1.2331 4.771 2.7895 4.2967 1.6905 4.7533 0.95651 4.5766 3.8304 1.1987 3.8792)
(1.0756 4.7576 3.2248 4.0484 2.4851 5.0286 2.3642 2.8741 4.4565 3.6825 0.34541 4.3678 6.28 4.6892 3.4669 1.9948 4.6536 0.37711 4.9244 4.2288 2.6006 2.1866 3.6239 3.6112 1.6247 3.2681)
(4.4362 4.7358 2.5246 2.3789 2.3087 2.8513 1.1996 5.5001 1.4843 1.6471 5.3452 3.136 1.8086 0.064947 1.4386 1.9882 4.6727 5.446 3.3561 3.0002 3.0935 0.7644 0.16247 2.0486 5.6415 5.4278)
(0.20001 2.3904 0.47731 5.0993 6.2077 2.7168 2.6908 3.255 0.75019 0.27931 3.5221 3.3665 2.6045 0.3044 4.0334 1.367 0.66552 3.9659 5.5629 3.9189 4.3652 5.5553 2.8056 2.8678 3.7282 0.61385)
(1.74 3.5677 1.5074 3.3478 0.23712 5.1856 3.0286 5.929 3.8158 4.7434 5.8409 2.7972 2.9207 4.1966 3.0441 1.5773 4.2824 2.231 5.6486 1.4856 6.1119 0.59237 4.0608 4.4849 3.1657 5.7055)
(0.2901 0.47661 0.77484 2.2037 5.5617 0.52446 0.75783 4.0068 2.8283 1.5255 4.3773 0.77869 4.8001 3.7917 0.95407 5.6104 2.9108 6.2644 3.9329 1.1129 2.0593 5.8436 3.2748 5.5569 3.8504 0.67869)
(0.6103 0.33898 1.1555 5.8999 5.7384 0.83674 3.704 6.0174 2.8823 2.7797 3.6618 3.081 5.1409 3.3056 4.913 4.4185 1.3331 1.4085 0.86626 5.2128 5.2641 2.5071 2.3393 4.5293 5.1486 3.2484)
(5.1739 3.3351 1.5077 5.5037 5.0026 1.0894 1.4212 1.5124 4.1591 4.3216 5.1233 5.3595 0.62971 4.5849 0.63213 3.4918 0.61901 4.0995 1.3685 4.8187 4.6437 0.29783 5.8882 0.11695 3.342 0.89948)
(4.3657 4.8957 2.6218 3.4567 0.62023 2.4563 2.4166 4.2482 4.8398 2.2571 5.523 5.491 1.1191 4.4438 1.8477 1.1588 5.1747 3.8013 1.1444 5.8715 5.9953 2.1512 5.2121 4.2397 1.2697 3.5146)
(1.9924 5.8686 0.31199 3.9111 1.6454 5.2237 3.663 1.8162 2.2005 4.6266 6.2135 1.6983 2.2597 4.9095 1.4915 1.3322 1.0996 2.4331 0.26276 0.67789 0.20058 4.6242 5.335 2.7552 2.8519 0.028775)
(5.9704 0.81622 5.6719 3.6885 2.1071 5.0477 1.5821 4.2211 4.1595 2.48 0.0032822 1.3098 0.35629 1.8094 3.3356 0.48598 1.0277 0.89339 0.67193 1.145 2.2423 4.9931 2.3407 2.7509 2.6886 4.8172)
(0.21643 3.574 5.9363 1.3053 4.2709 0.37995 1.8249 4.3677 2.6148 4.294 5.4377 3.5499 3.2791 4.3513 0.5749 5.7416 4.1845 0.15793 3.8732 0.62263 4.1636 3.4237 3.7271 0.73536 6.0699 5.3326)
(2.7567 2.9493 3.0842 1.8928 0.85799 2.5086 3.8773 0.42721 5.29 4.4237 3.8489 4.0232 2.1102 3.4977 2.5467 4.4404 5.6196 2.6459 5.9041 3.0773 1.7687 4.3117 5.4824 5.1188 3.8959 5.7606)
(2.3974 0.074783 3.0741 2.9589 4.5316 3.3105 1.6668 1.6009 5.2334 2.7791 6.22 2.6203 1.1038 2.4914 0.65877 3.5047 3.2456 1.1567 2.2271 1.2142 1.4475 5.6149 5.8654 2.0411 4.3693 6.2013)
(4.8099 2.1182 2.122 1.4482 0.6708 2.6188 5.1797 1.4077 1.6113 0.12301 3.3155 1.2942 1.3129 0.38699 0.7055 1.9693 4.4152 4.5602 2.5801 5.6291 4.4682 0.34427 4.2001 1.5471 4.5249 3.1738)
(4.9964 1.019 5.6552 5.3049 4.1077 4.1272 6.1743 4.1961 3.8545 2.0788 3.0129 5.956 5.6872 4.902 4.9287 1.0443 0.96504 2.3271 6.1848 0.6226 3.9243 1.908 1.2992 2.1533 2.1796 1.7054)
(1.1742 4.9906 2.32 1.2237 3.105 3.9457 4.5883 5.3055 3.6584 2.666 5.035 0.51567 4.2436 2.1211 1.832 3.9113 5.9907 5.2877 5.9412 0.2775 3.7109 0.29023 4.1083 2.3605 3.2483 0.63303)
(3.0773 1.9554 0.69871 1.4195 4.8949 1.8346 2.1606 2.1643 3.3976 1.6982 1.4316 0.66419 2.9435 3.8193 3.7921 6.2074 3.3985 4.6133 4.2515 3.5016 4.1497 1.2282 0.45271 3.4341 3.4978 3.1909)
(2.7997 3.3209 4.9025 1.0726 4.4927 2.7121 3.6698 4.9041 5.466 1.2381 3.1296 0.89247 5.7311 4.6574 6.0596 1.0709 4.2709 3.5879 6.2097 4.8537 0.29879 4.5249 2.5555 3.5306 0.98329 3.6795)
(4.0609 1.0408 2.4488 1.4305 5.6782 0.097308 0.67713 4.2432 1.6637 5.163 5.6602 1.0459 0.65352 0.65856 2.7174 1.6198 0.22973 1.1112 4.8181 1.96 2.1915 4.5349 4.1905 2.487 3.5315 4.7934)
(4.4571 3.7824 1.5186 2.7376 5.5978 6.1831 5.6945 0.042194 1.9985 2.7013 3.6107 3.9016 4.6844 0.80355 4.3653 2.4932 5.0844 6.0154 2.1155 1.1246 2.8359 5.5154 5.8668 2.5015 4.3656 0.52127)
(4.7418 1.6523 2.5379 1.9547 2.0996 1.0504 5.527 3.7835 0.74905 5.578 5.3104 3.6047 4.6261 3.4529 4.7633 0.46492 4.7037 1.6671 4.1619 2.1297 1.5137 3.6595 5.0953 3.2381 2.6795 4.1569)
(1.7343 4.1097 0.60604 5.8018 4.3903 0.66738 5.1381 2.4302 5.9051 2.4579 4.641 0.32722 3.5303 3.0488 2.7184 4.2983 0.75516 5.8093 1.5341 1.3204 4.4928 0.44412 3.0445 4.1314 5.2544 3.2483)
(4.2707 4.3305 0.82921 2.7031 1.2429 2.3399 1.6382 5.7553 4.0561 4.8325 3.6819 5.8509 1.1573 5.595 4.1186 2.5283 3.299 1.406 1.8567 3.2054 5.3796 5.7978 4.7548 5.9748 4.5954 1.0747)
(4.1161 4.7008 5.9191 1.1612 0.19189 1.2448 3.7345 0.0072323 3.0126 2.4931 1.5503 4.5783 3.7524 5.02 0.68961 6.1753 2.0473 2.3472 4.2737 5.6949 1.7688 5.0289 2.6204 4.5386 2.2621 5.8971)
(1.0217 2.8308 6.0076 5.6855 4.6752 3.0768 0.14145 2.9057 4.0169 5.08 4.1872 4.636 1.8846 4.614 5.867 2.527 3.4334 0.54978 3.3166 3.9516 4.5933 1.7967 6.1059 2.5138 2.8539 3.7101)
(0.74768 0.52667 3.6141 6.1559 3.1417 2.1331 2.672 2.6663 3.4226 4.7443 0.52454 0.39838 0.84272 0.32253 1.1779 3.8998 2.5062 4.022 2.5861 0.63796 0.86559 3.4159 6.2076 5.2268 2.4278 2.7686)
(3.1313 1.4387 0.37561 2.7575 3.0154 5.9793 1.9649 2.896 4.0672 2.3712 3.933 5.4063 1.3358 0.45795 1.6725 0.96993 2.6081 1.1348 3.7865 2.4558 5.2573 6.1875 5.4296 0.84407 4.873 5.9183)
(6.0302 5.7387 1.4752 0.69818 5.6845 5.7826 1.0146 4.8391 3.4173 1.3573 4.1528 5.871 5.6231 0.55623 5.0129 2.3961 1.1356 0.28306 4.7157 0.34317 0.87086 4.4967 2.4434 0.37992 4.6136 4.1212)
    );

    waveDirs
    57
    (
(2.5 7.5 12.5 17.5 22.5 27.5 32.5 37.5 42.5 47.5 52.5 57.5 62.5 297.5 302.5 307.5 312.5 317.5 322.5 327.5 332.5 337.5 342.5 347.5 352.5 357.5)
(2.5 7.5 12.5 17.5 22.5 27.5 32.5 37.5 42.5 47.5 52.5 57.5 62.5 297.5 302.5 307.5 312.5 317.5 322.5 327.5 332.5 337.5 342.5 347.5 352.5 357.5)
(2.5 7.5 12.5 17.5 22.5 27.5 32.5 37.5 42.5 47.5 52.5 57.5 62.5 297.5 302.5 307.5 312.5 317.5 322.5 327.5 332.5 337.5 342.5 347.5 352.5 357.5)
(2.5 7.5 12.5 17.5 22.5 27.5 32.5 37.5 42.5 47.5 52.5 57.5 62.5 297.5 302.5 307.5 312.5 317.5 322.5 327.5 332.5 337.5 342.5 347.5 352.5 357.5)
(2.5 7.5 12.5 17.5 22.5 27.5 32.5 37.5 42.5 47.5 52.5 57.5 62.5 297.5 302.5 307.5 312.5 317.5 322.5 327.5 332.5 337.5 342.5 347.5 352.5 357.5)
(2.5 7.5 12.5 17.5 22.5 27.5 32.5 37.5 42.5 47.5 52.5 57.5 62.5 297.5 302.5 307.5 312.5 317.5 322.5 327.5 332.5 337.5 342.5 347.5 352.5 357.5)
(2.5 7.5 12.5 17.5 22.5 27.5 32.5 37.5 42.5 47.5 52.5 57.5 62.5 297.5 302.5 307.5 312.5 317.5 322.5 327.5 332.5 337.5 342.5 347.5 352.5 357.5)
(2.5 7.5 12.5 17.5 22.5 27.5 32.5 37.5 42.5 47.5 52.5 57.5 62.5 297.5 302.5 307.5 312.5 317.5 322.5 327.5 332.5 337.5 342.5 347.5 352.5 357.5)
(2.5 7.5 12.5 17.5 22.5 27.5 32.5 37.5 42.5 47.5 52.5 57.5 62.5 297.5 302.5 307.5 312.5 317.5 322.5 327.5 332.5 337.5 342.5 347.5 352.5 357.5)
(2.5 7.5 12.5 17.5 22.5 27.5 32.5 37.5 42.5 47.5 52.5 57.5 62.5 297.5 302.5 307.5 312.5 317.5 322.5 327.5 332.5 337.5 342.5 347.5 352.5 357.5)
(2.5 7.5 12.5 17.5 22.5 27.5 32.5 37.5 42.5 47.5 52.5 57.5 62.5 297.5 302.5 307.5 312.5 317.5 322.5 327.5 332.5 337.5 342.5 347.5 352.5 357.5)
(2.5 7.5 12.5 17.5 22.5 27.5 32.5 37.5 42.5 47.5 52.5 57.5 62.5 297.5 302.5 307.5 312.5 317.5 322.5 327.5 332.5 337.5 342.5 347.5 352.5 357.5)
(2.5 7.5 12.5 17.5 22.5 27.5 32.5 37.5 42.5 47.5 52.5 57.5 62.5 297.5 302.5 307.5 312.5 317.5 322.5 327.5 332.5 337.5 342.5 347.5 352.5 357.5)
(2.5 7.5 12.5 17.5 22.5 27.5 32.5 37.5 42.5 47.5 52.5 57.5 62.5 297.5 302.5 307.5 312.5 317.5 322.5 327.5 332.5 337.5 342.5 347.5 352.5 357.5)
(2.5 7.5 12.5 17.5 22.5 27.5 32.5 37.5 42.5 47.5 52.5 57.5 62.5 297.5 302.5 307.5 312.5 317.5 322.5 327.5 332.5 337.5 342.5 347.5 352.5 357.5)
(2.5 7.5 12.5 17.5 22.5 27.5 32.5 37.5 42.5 47.5 52.5 57.5 62.5 297.5 302.5 307.5 312.5 317.5 322.5 327.5 332.5 337.5 342.5 347.5 352.5 357.5)
(2.5 7.5 12.5 17.5 22.5 27.5 32.5 37.5 42.5 47.5 52.5 57.5 62.5 297.5 302.5 307.5 312.5 317.5 322.5 327.5 332.5 337.5 342.5 347.5 352.5 357.5)
(2.5 7.5 12.5 17.5 22.5 27.5 32.5 37.5 42.5 47.5 52.5 57.5 62.5 297.5 302.5 307.5 312.5 317.5 322.5 327.5 332.5 337.5 342.5 347.5 352.5 357.5)
(2.5 7.5 12.5 17.5 22.5 27.5 32.5 37.5 42.5 47.5 52.5 57.5 62.5 297.5 302.5 307.5 312.5 317.5 322.5 327.5 332.5 337.5 342.5 347.5 352.5 357.5)
(2.5 7.5 12.5 17.5 22.5 27.5 32.5 37.5 42.5 47.5 52.5 57.5 62.5 297.5 302.5 307.5 312.5 317.5 322.5 327.5 332.5 337.5 342.5 347.5 352.5 357.5)
(2.5 7.5 12.5 17.5 22.5 27.5 32.5 37.5 42.5 47.5 52.5 57.5 62.5 297.5 302.5 307.5 312.5 317.5 322.5 327.5 332.5 337.5 342.5 347.5 352.5 357.5)
(2.5 7.5 12.5 17.5 22.5 27.5 32.5 37.5 42.5 47.5 52.5 57.5 62.5 297.5 302.5 307.5 312.5 317.5 322.5 327.5 332.5 337.5 342.5 347.5 352.5 357.5)
(2.5 7.5 12.5 17.5 22.5 27.5 32.5 37.5 42.5 47.5 52.5 57.5 62.5 297.5 302.5 307.5 312.5 317.5 322.5 327.5 332.5 337.5 342.5 347.5 352.5 357.5)
(2.5 7.5 12.5 17.5 22.5 27.5 32.5 37.5 42.5 47.5 52.5 57.5 62.5 297.5 302.5 307.5 312.5 317.5 322.5 327.5 332.5 337.5 342.5 347.5 352.5 357.5)
(2.5 7.5 12.5 17.5 22.5 27.5 32.5 37.5 42.5 47.5 52.5 57.5 62.5 297.5 302.5 307.5 312.5 317.5 322.5 327.5 332.5 337.5 342.5 347.5 352.5 357.5)
(2.5 7.5 12.5 17.5 22.5 27.5 32.5 37.5 42.5 47.5 52.5 57.5 62.5 297.5 302.5 307.5 312.5 317.5 322.5 327.5 332.5 337.5 342.5 347.5 352.5 357.5)
(2.5 7.5 12.5 17.5 22.5 27.5 32.5 37.5 42.5 47.5 52.5 57.5 62.5 297.5 302.5 307.5 312.5 317.5 322.5 327.5 332.5 337.5 342.5 347.5 352.5 357.5)
(2.5 7.5 12.5 17.5 22.5 27.5 32.5 37.5 42.5 47.5 52.5 57.5 62.5 297.5 302.5 307.5 312.5 317.5 322.5 327.5 332.5 337.5 342.5 347.5 352.5 357.5)
(2.5 7.5 12.5 17.5 22.5 27.5 32.5 37.5 42.5 47.5 52.5 57.5 62.5 297.5 302.5 307.5 312.5 317.5 322.5 327.5 332.5 337.5 342.5 347.5 352.5 357.5)
(2.5 7.5 12.5 17.5 22.5 27.5 32.5 37.5 42.5 47.5 52.5 57.5 62.5 297.5 302.5 307.5 312.5 317.5 322.5 327.5 332.5 337.5 342.5 347.5 352.5 357.5)
(2.5 7.5 12.5 17.5 22.5 27.5 32.5 37.5 42.5 47.5 52.5 57.5 62.5 297.5 302.5 307.5 312.5 317.5 322.5 327.5 332.5 337.5 342.5 347.5 352.5 357.5)
(2.5 7.5 12.5 17.5 22.5 27.5 32.5 37.5 42.5 47.5 52.5 57.5 62.5 297.5 302.5 307.5 312.5 317.5 322.5 327.5 332.5 337.5 342.5 347.5 352.5 357.5)
(2.5 7.5 12.5 17.5 22.5 27.5 32.5 37.5 42.5 47.5 52.5 57.5 62.5 297.5 302.5 307.5 312.5 317.5 322.5 327.5 332.5 337.5 342.5 347.5 352.5 357.5)
(2.5 7.5 12.5 17.5 22.5 27.5 32.5 37.5 42.5 47.5 52.5 57.5 62.5 297.5 302.5 307.5 312.5 317.5 322.5 327.5 332.5 337.5 342.5 347.5 352.5 357.5)
(2.5 7.5 12.5 17.5 22.5 27.5 32.5 37.5 42.5 47.5 52.5 57.5 62.5 297.5 302.5 307.5 312.5 317.5 322.5 327.5 332.5 337.5 342.5 347.5 352.5 357.5)
(2.5 7.5 12.5 17.5 22.5 27.5 32.5 37.5 42.5 47.5 52.5 57.5 62.5 297.5 302.5 307.5 312.5 317.5 322.5 327.5 332.5 337.5 342.5 347.5 352.5 357.5)
(2.5 7.5 12.5 17.5 22.5 27.5 32.5 37.5 42.5 47.5 52.5 57.5 62.5 297.5 302.5 307.5 312.5 317.5 322.5 327.5 332.5 337.5 342.5 347.5 352.5 357.5)
(2.5 7.5 12.5 17.5 22.5 27.5 32.5 37.5 42.5 47.5 52.5 57.5 62.5 297.5 302.5 307.5 312.5 317.5 322.5 327.5 332.5 337.5 342.5 347.5 352.5 357.5)
(2.5 7.5 12.5 17.5 22.5 27.5 32.5 37.5 42.5 47.5 52.5 57.5 62.5 297.5 302.5 307.5 312.5 317.5 322.5 327.5 332.5 337.5 342.5 347.5 352.5 357.5)
(2.5 7.5 12.5 17.5 22.5 27.5 32.5 37.5 42.5 47.5 52.5 57.5 62.5 297.5 302.5 307.5 312.5 317.5 322.5 327.5 332.5 337.5 342.5 347.5 352.5 357.5)
(2.5 7.5 12.5 17.5 22.5 27.5 32.5 37.5 42.5 47.5 52.5 57.5 62.5 297.5 302.5 307.5 312.5 317.5 322.5 327.5 332.5 337.5 342.5 347.5 352.5 357.5)
(2.5 7.5 12.5 17.5 22.5 27.5 32.5 37.5 42.5 47.5 52.5 57.5 62.5 297.5 302.5 307.5 312.5 317.5 322.5 327.5 332.5 337.5 342.5 347.5 352.5 357.5)
(2.5 7.5 12.5 17.5 22.5 27.5 32.5 37.5 42.5 47.5 52.5 57.5 62.5 297.5 302.5 307.5 312.5 317.5 322.5 327.5 332.5 337.5 342.5 347.5 352.5 357.5)
(2.5 7.5 12.5 17.5 22.5 27.5 32.5 37.5 42.5 47.5 52.5 57.5 62.5 297.5 302.5 307.5 312.5 317.5 322.5 327.5 332.5 337.5 342.5 347.5 352.5 357.5)
(2.5 7.5 12.5 17.5 22.5 27.5 32.5 37.5 42.5 47.5 52.5 57.5 62.5 297.5 302.5 307.5 312.5 317.5 322.5 327.5 332.5 337.5 342.5 347.5 352.5 357.5)
(2.5 7.5 12.5 17.5 22.5 27.5 32.5 37.5 42.5 47.5 52.5 57.5 62.5 297.5 302.5 307.5 312.5 317.5 322.5 327.5 332.5 337.5 342.5 347.5 352.5 357.5)
(2.5 7.5 12.5 17.5 22.5 27.5 32.5 37.5 42.5 47.5 52.5 57.5 62.5 297.5 302.5 307.5 312.5 317.5 322.5 327.5 332.5 337.5 342.5 347.5 352.5 357.5)
(2.5 7.5 12.5 17.5 22.5 27.5 32.5 37.5 42.5 47.5 52.5 57.5 62.5 297.5 302.5 307.5 312.5 317.5 322.5 327.5 332.5 337.5 342.5 347.5 352.5 357.5)
(2.5 7.5 12.5 17.5 22.5 27.5 32.5 37.5 42.5 47.5 52.5 57.5 62.5 297.5 302.5 307.5 312.5 317.5 322.5 327.5 332.5 337.5 342.5 347.5 352.5 357.5)
(2.5 7.5 12.5 17.5 22.5 27.5 32.5 37.5 42.5 47.5 52.5 57.5 62.5 297.5 302.5 307.5 312.5 317.5 322.5 327.5 332.5 337.5 342.5 347.5 352.5 357.5)
(2.5 7.5 12.5 17.5 22.5 27.5 32.5 37.5 42.5 47.5 52.5 57.5 62.5 297.5 302.5 307.5 312.5 317.5 322.5 327.5 332.5 337.5 342.5 347.5 352.5 357.5)
(2.5 7.5 12.5 17.5 22.5 27.5 32.5 37.5 42.5 47.5 52.5 57.5 62.5 297.5 302.5 307.5 312.5 317.5 322.5 327.5 332.5 337.5 342.5 347.5 352.5 357.5)
(2.5 7.5 12.5 17.5 22.5 27.5 32.5 37.5 42.5 47.5 52.5 57.5 62.5 297.5 302.5 307.5 312.5 317.5 322.5 327.5 332.5 337.5 342.5 347.5 352.5 357.5)
(2.5 7.5 12.5 17.5 22.5 27.5 32.5 37.5 42.5 47.5 52.5 57.5 62.5 297.5 302.5 307.5 312.5 317.5 322.5 327.5 332.5 337.5 342.5 347.5 352.5 357.5)
(2.5 7.5 12.5 17.5 22.5 27.5 32.5 37.5 42.5 47.5 52.5 57.5 62.5 297.5 302.5 307.5 312.5 317.5 322.5 327.5 332.5 337.5 342.5 347.5 352.5 357.5)
(2.5 7.5 12.5 17.5 22.5 27.5 32.5 37.5 42.5 47.5 52.5 57.5 62.5 297.5 302.5 307.5 312.5 317.5 322.5 327.5 332.5 337.5 342.5 347.5 352.5 357.5)
(2.5 7.5 12.5 17.5 22.5 27.5 32.5 37.5 42.5 47.5 52.5 57.5 62.5 297.5 302.5 307.5 312.5 317.5 322.5 327.5 332.5 337.5 342.5 347.5 352.5 357.5)
    );
}

outlet
{
    alpha           alpha.water;

    waveModel       shallowWaterAbsorption;

    nPaddle         1;
}


// ************************************************************************* //
