(
1.6760001447599677e-43
1.0868009617044407e-08
6.96632299316915e-07
7.964006730807538e-06
4.4886053894517664e-05
0.00017142819717599743
0.0005109590309958684
0.001282137130408118
0.0028356245991423275
0.0056945923004052415
0.010583536322306776
0.018389090000706376
0.029956201643692996
0.04567240383684011
0.06499017109073807
0.0863645775310708
0.10780875116479441
0.12771755696515344
0.1453567712304755
0.16062365567853595
0.17380736699507915
0.18524165214197616
0.19522234333586158
0.20396794244081784
0.21161151098126862
0.2182925640222298
0.22425210908087323
0.22980954591037686
0.2352612116306475
0.24076016447211382
0.24635042180862582
0.25215417623227027
0.2581319159366946
0.2642162232341277
0.2705976827635888
0.2775262136577681
0.2851339428170316
0.29320770439789223
0.30169588718043017
0.3104960794811366
0.3194954534280035
0.3286450052926366
0.3378100136077759
0.3471174687143672
0.3562151631412292
0.36527552859716594
0.37494504798108247
0.38502865612338205
0.3952322027438534
0.40553467840927804
0.41578800746270134
0.4264058548357003
0.43712919288926017
0.44842576293128633
0.46008767937618383
0.4714866924807228
0.4827246039731494
0.49330673743341724
0.5036846762826384
0.5140216569857357
0.5243625990429793
0.5348735169176119
0.5446788615067326
0.5535535437038963
0.5615373928208507
0.5689987179058951
0.5773301273285831
0.5862857780666765
0.5953526108855274
0.6049390063729172
0.6143870357093343
0.6221292179475515
0.6288137731042791
0.6356831550607555
0.6428919658813926
0.6494740048271094
0.6558426649799869
0.6615093242166988
0.6667263216815766
0.6713265835399524
0.6760870855398617
0.6817697212117945
0.6868490918716819
0.6901331296539219
0.6934577171362739
0.6979552723619237
0.7038154195965829
0.7108862054012115
0.7172470897092121
0.7224010326710795
0.727453975349662
0.731494652619959
0.7349775398199252
0.7370734048228417
0.737434256293814
0.7365824697737319
0.7350609217033188
0.7329836659249739
0.730256405839164
0.7283242805479961
0.726231012899943
0.7235685746646292
0.7213160623172862
0.7194814238726635
0.7166228475003421
0.7120932098489855
0.7068169772751501
0.702036389755952
0.697518544808241
0.6937121394109932
0.6904454421400188
0.6866438800820893
0.6818576320301258
0.6766627824128105
0.6727179770747246
0.6689431320803964
0.6631717982054145
0.6561721428602678
0.6481600843658191
0.6405213608738373
0.6341476825999275
0.6280008937349648
0.6214551987295783
0.6145563256095296
0.6071697457595765
0.6005761440226519
0.5951460432382282
0.5923426315298634
0.5915671133699071
0.5923426315298634
0.5951460432382282
0.6005761440226519
0.6071697457595765
0.6145563256095296
0.6214551987295783
0.6280008937349648
0.6341476825999275
0.6405213608738373
0.6481600843658191
0.6561721428602678
0.6631717982054145
0.6689431320803964
0.6727179770747246
0.6766627824128105
0.6818576320301258
0.6866438800820893
0.6904454421400188
0.6937121394109932
0.697518544808241
0.702036389755952
0.7068169772751501
0.7120932098489855
0.7166228475003421
0.7194814238726635
0.7213160623172862
0.7235685746646292
0.726231012899943
0.7283242805479961
0.730256405839164
0.7329836659249739
0.7350609217033188
0.7365824697737319
0.737434256293814
0.7370734048228417
0.7349775398199252
0.731494652619959
0.727453975349662
0.7224010326710795
0.7172470897092121
0.7108862054012115
0.7038154195965829
0.6979552723619237
0.6934577171362739
0.6901331296539219
0.6868490918716819
0.6817697212117945
0.6760870855398617
0.6713265835399524
0.6667263216815766
0.6615093242166988
0.6558426649799869
0.6494740048271094
0.6428919658813926
0.6356831550607555
0.6288137731042791
0.6221292179475515
0.6143870357093343
0.6049390063729172
0.5953526108855274
0.5862857780666765
0.5773301273285831
0.5689987179058951
0.5615373928208507
0.5535535437038963
0.5446788615067326
0.5348735169176119
0.5243625990429793
0.5140216569857357
0.5036846762826384
0.49330673743341724
0.4827246039731494
0.4714866924807228
0.46008767937618383
0.44842576293128633
0.43712919288926017
0.4264058548357003
0.41578800746270134
0.40553467840927804
0.3952322027438534
0.38502865612338205
0.37494504798108247
0.36527552859716594
0.3562151631412292
0.3471174687143672
0.3378100136077759
0.3286450052926366
0.3194954534280035
0.3104960794811366
0.30169588718043017
0.29320770439789223
0.2851339428170316
0.2775262136577681
0.2705976827635888
0.2642162232341277
0.2581319159366946
0.25215417623227027
0.24635042180862582
0.24076016447211382
0.2352612116306475
0.22980954591037686
0.22425210908087323
0.2182925640222298
0.21161151098126862
0.20396794244081784
0.19522234333586158
0.18524165214197616
0.17380736699507915
0.16062365567853595
0.1453567712304755
0.12771755696515344
0.10780875116479441
0.0863645775310708
0.06499017109073807
0.04567240383684011
0.029956201643692996
0.018389090000706376
0.010583536322306776
0.0056945923004052415
0.0028356245991423275
0.001282137130408118
0.0005109590309958684
0.00017142819717599743
4.4886053894517664e-05
7.964006730807538e-06
6.96632299316915e-07
1.0868009617044407e-08
1.6760001447599677e-43
)
