/*--------------------------------*- C++ -*----------------------------------*\
| =========                 |                                                 |
| \\      /  F ield         | OpenFOAM: The Open Source CFD Toolbox           |
|  \\    /   O peration     | Version:  1.4.2                                 |
|   \\  /    A nd           | Web:      http://www.openfoam.org               |
|    \\/     M anipulation  |                                                 |
\*---------------------------------------------------------------------------*/
FoamFile
{
    version     2.0;
    format      ascii;
    class       volScalarField;
    object      epsilon;
    location    "1000";
}
// * * * * * * * * * * * * * * * * * * * * * * * * * * * * * * * * * * * * * //

dimensions      [0 2 -3 0 0 0 0];

internalField   nonuniform List<scalar> 
12225
(
443.026
353.452
290.586
245.345
212.188
187.594
169.245
155.572
145.485
138.21
133.183
129.985
128.3
127.881
128.529
130.083
132.409
135.67
60.1656
73.6156
79.568
83.695
87.7141
92.3539
97.9684
104.74
112.766
122.099
132.759
144.737
157.998
172.477
188.079
204.667
221.994
240.128
26.2958
33.71
37.845
40.6833
42.9299
44.9526
46.9638
49.0916
51.4155
53.9863
56.8361
59.9828
63.4326
67.1795
71.2029
75.4592
79.8588
84.2386
18.7355
22.7235
25.4806
27.3758
28.8178
30.0126
31.0724
32.0707
33.0568
34.0634
35.1122
36.2166
37.3839
38.6159
39.9088
41.252
42.6255
43.9853
16.1687
18.1634
19.9326
21.292
22.3446
23.1852
23.8877
24.5055
25.0724
25.6103
26.1342
26.6543
27.1774
27.7072
28.245
28.7894
29.3367
29.8678
15.2354
16.0864
17.0484
17.9368
18.6891
19.3116
19.8309
20.2729
20.659
21.0059
21.3259
21.6277
21.9172
22.1985
22.474
22.7447
23.0099
23.259
14.8942
15.17
15.5864
16.0521
16.5062
16.9217
17.2896
17.61
17.8892
18.1348
18.3542
18.5533
18.7368
18.9085
19.0708
19.2254
19.3724
19.5054
14.7876
14.838
14.9915
15.2092
15.4537
15.7009
15.9368
16.1542
16.3509
16.5276
16.6861
16.829
16.9589
17.0782
17.1887
17.2919
17.3884
17.4747
14.7441
14.6884
14.7003
14.7662
14.8675
14.9882
15.1163
15.2439
15.3661
15.4805
15.586
15.6827
15.7711
15.8522
15.9269
15.996
16.0601
16.1176
14.7239
14.6134
14.5425
14.5091
14.5063
14.5261
14.5613
14.6058
14.655
14.7057
14.7557
14.8038
14.8493
14.8918
14.9313
14.9681
15.0023
15.0329
14.7149
14.579
14.4658
14.3758
14.3077
14.2585
14.2249
14.2034
14.191
14.1852
14.184
14.1858
14.1895
14.1942
14.1995
14.2049
14.2102
14.2149
14.7109
14.5642
14.4319
14.3142
14.2111
14.1218
14.0449
13.9791
13.9228
13.8744
13.8327
13.7964
13.7645
13.7363
13.711
13.6881
13.6673
13.6482
14.7089
14.5577
14.4176
14.2882
14.1691
14.0601
13.9606
13.8699
13.7873
13.7122
13.6436
13.581
13.5236
13.4708
13.422
13.3769
13.3351
13.2966
14.7076
14.5544
14.4112
14.2772
14.1518
14.0345
13.925
13.8227
13.7273
13.6382
13.5551
13.4774
13.4049
13.3369
13.2732
13.2134
13.1574
13.1056
14.7067
14.5523
14.4076
14.2717
14.1439
14.0235
13.9101
13.8033
13.7025
13.6075
13.5178
13.4331
13.3531
13.2775
13.206
13.1383
13.0744
13.015
14.706
14.5507
14.4052
14.2684
14.1394
14.0178
13.9029
13.7943
13.6915
13.5941
13.5019
13.4143
13.3313
13.2525
13.1775
13.1064
13.0389
12.976
14.7055
14.5497
14.4036
14.2662
14.1367
14.0144
13.8988
13.7894
13.6857
13.5874
13.4941
13.4054
13.3212
13.241
13.1648
13.0923
13.0234
12.9591
14.7053
14.5494
14.403
14.2654
14.1356
14.013
13.8971
13.7873
13.6833
13.5846
13.4909
13.4019
13.3173
13.2369
13.1603
13.0875
13.0184
12.9539
14.7055
14.5497
14.4035
14.2659
14.1362
14.0138
13.8981
13.7886
13.685
13.5868
13.4937
13.4054
13.3216
13.242
13.1665
13.0948
13.0269
12.9637
14.706
14.5507
14.4051
14.2683
14.1396
14.0185
13.9045
13.7971
13.6959
13.6006
13.5107
13.4259
13.346
13.2704
13.1991
13.1318
13.0683
13.0095
14.7068
14.5528
14.4093
14.2755
14.1509
14.0353
13.9279
13.8284
13.7361
13.6504
13.5708
13.4968
13.4279
13.3635
13.3034
13.247
13.1944
13.146
14.7086
14.5589
14.4227
14.3001
14.1905
14.0931
14.0068
13.9303
13.8623
13.8016
13.747
13.6976
13.6526
13.6113
13.5731
13.5376
13.5045
13.4743
14.7142
14.5802
14.4708
14.3853
14.3209
14.2739
14.2405
14.2172
14.2011
14.1898
14.1815
14.175
14.1693
14.1638
14.1581
14.1519
14.1452
14.1383
14.7358
14.6588
14.6349
14.6534
14.7004
14.764
14.8349
14.9068
14.9754
15.0384
15.0944
15.1432
15.1847
15.2195
15.2482
15.2714
15.2899
15.3046
14.8205
14.9298
15.138
15.3947
15.6602
15.9123
16.14
16.3384
16.5073
16.6492
16.7675
16.8658
16.9471
17.0143
17.0699
17.1159
17.154
17.1857
15.1412
15.7855
16.517
17.2068
17.7961
18.2813
18.6742
18.9897
19.2424
19.4453
19.6092
19.7427
19.8526
19.9443
20.0219
20.0885
20.1465
20.1979
16.3189
18.2995
19.9621
21.2351
22.1813
22.8822
23.4044
23.7998
24.1051
24.3458
24.5398
24.7003
24.8371
24.9575
25.0668
25.1689
25.2667
25.3619
20.7544
25.6375
28.6922
30.5982
31.8393
32.6632
33.2222
33.6187
33.9177
34.1615
34.3775
34.5835
34.7911
35.0075
35.2371
35.4822
35.7434
36.0199
43.9611
54.4815
58.7074
60.4208
60.9764
60.9917
60.8477
60.7577
60.7888
60.97
61.3107
61.809
62.4577
63.2466
64.1642
65.1978
66.3329
67.562
332.626
280.253
240.732
210.192
186.153
166.94
151.386
138.653
128.129
119.361
112.006
105.799
100.536
96.0549
92.2271
88.9494
86.1385
83.7249
0.00471706
0.00568123
0.00780764
0.0103917
0.0131177
0.0158074
0.0183819
0.0208202
0.0231377
0.0253849
0.0276545
0.0300774
0.032795
0.0359717
0.039743
0.0441398
0.0492602
0.0552458
0.0622477
0.0703424
0.0796081
0.0900903
0.101879
0.115169
0.130335
0.147865
0.168203
0.190992
0.216883
0.246334
0.279758
0.317555
0.360131
0.4079
0.461291
0.520754
0.586763
0.659822
0.740467
0.829272
0.92685
1.03386
1.15099
1.27902
1.41873
1.57099
1.73674
1.91695
2.1127
2.32514
2.55549
2.8051
3.0754
3.36799
3.68459
4.02711
4.39769
4.79871
5.23289
5.70336
6.21375
6.76834
7.37223
8.03161
8.75399
9.5487
10.4274
11.4048
12.4998
13.7371
15.15
16.7842
18.706
21.0149
23.8674
27.515
32.3639
39.0579
41.9126
44.7923
47.8246
51.0195
54.3831
57.921
61.6386
65.5412
69.6338
73.9213
78.4083
83.0989
87.9972
93.1068
98.4308
103.972
109.734
115.717
121.923
128.355
135.011
141.893
149
156.331
163.884
171.657
179.647
187.849
196.259
204.869
213.671
222.657
231.815
241.132
250.594
260.184
269.883
279.672
289.529
299.432
309.359
319.289
329.203
339.085
348.93
358.747
368.579
378.305
387.886
397.309
406.57
415.664
424.588
433.339
441.917
450.321
458.552
466.613
474.507
482.238
489.81
497.228
504.499
511.627
518.617
525.475
532.205
538.809
545.29
551.649
557.886
563.999
569.986
575.841
581.555
587.117
592.514
597.729
602.741
607.528
612.063
616.317
620.254
623.837
627.022
629.763
632.008
633.704
634.789
635.199
634.865
633.716
631.672
628.665
624.609
619.502
613.329
606.47
599.576
591.693
582.642
568.033
0.0131877
0.0119226
0.0126142
0.0138175
0.015163
0.0165628
0.0180136
0.0195461
0.021216
0.0231058
0.0253345
0.028019
0.0312752
0.0351807
0.0398336
0.0453567
0.0518866
0.0595905
0.0686909
0.079498
0.0922654
0.106903
0.123723
0.143005
0.165027
0.190045
0.218291
0.249942
0.285237
0.324418
0.36772
0.415377
0.467631
0.524732
0.586945
0.654555
0.727867
0.807217
0.892966
0.985509
1.08528
1.19273
1.30839
1.43279
1.56653
1.71024
1.86463
2.03043
2.20846
2.39959
2.60476
2.82501
3.06144
3.31528
3.58789
3.88073
4.19546
4.53391
4.89813
5.29044
5.71347
6.17022
6.66413
7.19916
7.77989
8.41164
9.10059
9.85393
10.6801
11.5887
12.5911
13.6998
14.9287
16.2914
17.7977
19.4456
21.2028
22.9685
24.4962
26.0452
27.6639
29.3611
31.1401
33.0033
34.953
36.9913
39.1202
41.3416
43.6573
46.0689
48.578
51.1858
53.8935
56.7021
59.6122
62.6245
65.7392
68.9564
72.2758
75.6969
79.219
82.8409
86.561
90.3775
94.288
98.2897
102.379
106.553
110.807
115.135
119.532
123.992
128.509
133.074
137.681
142.321
146.986
151.668
156.36
161.055
165.749
170.439
175.129
179.835
184.533
189.183
193.771
198.294
202.749
207.132
211.443
215.68
219.841
223.927
227.938
231.874
235.735
239.523
243.24
246.886
250.465
253.977
257.424
260.808
264.13
267.392
270.594
273.737
276.82
279.844
282.806
285.705
288.538
291.302
293.99
296.598
299.118
301.542
303.861
306.063
308.136
310.065
311.835
313.427
314.823
316
316.936
317.603
317.975
318.021
317.709
317.008
315.885
314.327
312.327
309.988
307.354
304.063
300.489
297.65
0.0243669
0.0201995
0.0197316
0.0202784
0.0212308
0.0224544
0.0239499
0.0257716
0.028017
0.0307703
0.034135
0.0382445
0.0431331
0.0489306
0.0558139
0.0640202
0.0736566
0.0848507
0.0978279
0.112806
0.12997
0.149473
0.171494
0.196219
0.223842
0.254562
0.288575
0.326073
0.367259
0.412346
0.461557
0.515122
0.573285
0.636305
0.704457
0.778041
0.85738
0.942824
1.03476
1.13359
1.23977
1.35378
1.47615
1.60743
1.74824
1.89923
2.06109
2.23458
2.42051
2.61975
2.83324
3.06199
3.30709
3.56974
3.85121
4.15292
4.4764
4.82331
5.1955
5.59497
6.02395
6.48486
6.98039
7.51346
8.08729
8.70538
9.37147
10.0896
10.8638
11.6983
12.597
13.5632
14.5986
15.703
16.872
18.0963
19.3596
20.6412
21.9288
23.2599
24.65
26.1045
27.6261
29.2166
30.8779
32.6116
34.4193
36.3024
38.2623
40.3002
42.4172
44.6142
46.8921
49.2514
51.6927
54.216
56.8216
59.5091
62.2783
65.1283
68.0583
71.0671
74.1532
77.3147
80.5496
83.8554
87.2293
90.6681
94.1682
97.7258
101.337
104.996
108.698
112.439
116.212
120.012
123.832
127.668
131.513
135.363
139.214
143.063
146.909
150.753
154.568
158.339
162.058
165.719
169.321
172.859
176.332
179.737
183.073
186.338
189.531
192.652
195.7
198.674
201.575
204.404
207.16
209.843
212.456
214.997
217.468
219.868
222.199
224.46
226.651
228.771
230.821
232.798
234.703
236.532
238.283
239.954
241.54
243.038
244.442
245.747
246.947
248.033
248.998
249.832
250.524
251.062
251.434
251.625
251.618
251.397
250.943
250.238
249.264
248.016
246.502
244.802
242.952
240.866
238.851
237.908
0.0409762
0.0308784
0.0285588
0.0284425
0.0292891
0.0307817
0.0328902
0.0355887
0.0389232
0.0430022
0.0479374
0.0537826
0.0606118
0.0685942
0.0779084
0.0887344
0.101238
0.115583
0.131935
0.150456
0.171295
0.194596
0.220502
0.24917
0.280769
0.31548
0.353497
0.39502
0.440264
0.489456
0.542835
0.600658
0.663196
0.730738
0.803596
0.882103
0.966619
1.05753
1.15526
1.26024
1.37298
1.49397
1.62378
1.763
1.91227
2.07226
2.24371
2.4274
2.62415
2.83485
3.06047
3.30203
3.56062
3.83741
4.13368
4.45078
4.79016
5.15338
5.54214
5.95821
6.40353
6.88013
7.39018
7.93597
8.51986
9.1443
9.81174
10.5246
11.2851
12.0953
12.9567
13.8702
14.8357
15.8519
16.9165
18.0259
19.1764
20.3661
21.5979
22.8817
24.2235
25.6268
27.0939
28.6266
30.2265
31.8954
33.6346
35.4456
37.3297
39.288
41.3216
43.4312
45.6178
47.8817
50.2233
52.6429
55.1404
57.7155
60.3677
63.0963
65.9002
68.7783
71.7291
74.7507
77.8412
80.9983
84.2193
87.5014
90.8415
94.236
97.6813
101.173
104.707
108.279
111.884
115.515
119.169
122.84
126.521
130.209
133.897
137.582
141.261
144.919
148.54
152.114
155.633
159.091
162.485
165.811
169.066
172.246
175.349
178.372
181.313
184.171
186.944
189.63
192.229
194.741
197.163
199.497
201.742
203.898
205.965
207.942
209.832
211.632
213.343
214.966
216.501
217.946
219.303
220.571
221.749
222.836
223.831
224.733
225.539
226.249
226.858
227.364
227.763
228.05
228.22
228.267
228.184
227.962
227.593
227.066
226.37
225.494
224.43
223.18
221.769
220.244
218.642
216.974
215.507
214.993
0.0632643
0.0440382
0.0392646
0.0385441
0.039544
0.0415916
0.0444877
0.0481988
0.0527742
0.0582357
0.0646052
0.0720216
0.0806295
0.0905858
0.10205
0.115182
0.130132
0.147045
0.16606
0.187305
0.21091
0.237003
0.26572
0.297212
0.331646
0.369207
0.410093
0.45452
0.502719
0.554937
0.611437
0.6725
0.738426
0.809537
0.886175
0.968708
1.05753
1.15306
1.25574
1.36607
1.48454
1.61172
1.74818
1.89456
2.0515
2.21973
2.39999
2.59309
2.79988
3.02129
3.25827
3.51187
3.78317
4.07337
4.38369
4.71546
5.07008
5.44903
5.85388
6.28628
6.74795
7.24067
7.76632
8.32677
8.92396
9.55979
10.2361
10.9547
11.7172
12.5248
13.3788
14.2798
15.2281
16.2237
17.2664
18.356
19.4929
20.6789
21.917
23.2118
24.5668
25.9846
27.4674
29.0171
30.6355
32.3244
34.0853
35.9198
37.8292
39.8148
41.8777
44.019
46.2393
48.5393
50.9194
53.3797
55.9203
58.5408
61.2407
64.0193
66.8755
69.8081
72.8155
75.8961
79.0477
82.2682
85.555
88.9055
92.3166
95.7852
99.3076
102.88
106.498
110.158
113.854
117.581
121.334
125.106
128.892
132.684
136.477
140.264
144.036
147.776
151.47
155.109
158.686
162.194
165.628
168.983
172.255
175.439
178.531
181.529
184.428
187.226
189.921
192.509
194.99
197.361
199.622
201.772
203.809
205.733
207.545
209.243
210.828
212.301
213.661
214.91
216.047
217.075
217.994
218.805
219.509
220.107
220.6
220.989
221.276
221.461
221.545
221.527
221.408
221.187
220.863
220.435
219.9
219.255
218.496
217.617
216.614
215.479
214.219
212.839
211.362
209.822
208.258
206.719
205.427
204.918
0.0917616
0.0601418
0.0523986
0.050873
0.0518644
0.0543393
0.0579559
0.0626264
0.0682435
0.0748152
0.0824522
0.091283
0.101444
0.113077
0.12632
0.141311
0.158181
0.177055
0.198051
0.221288
0.246885
0.274969
0.30568
0.339172
0.375618
0.41521
0.458156
0.504686
0.555044
0.609493
0.668318
0.73182
0.800323
0.874172
0.953736
1.03941
1.1316
1.23078
1.3374
1.45197
1.57504
1.70718
1.84899
2.00113
2.16427
2.33916
2.52657
2.72733
2.9423
3.17243
3.41869
3.68213
3.96387
4.26506
4.58694
4.93082
5.29806
5.6901
6.10844
6.55463
7.03031
7.53712
8.07677
8.65098
9.26148
9.90999
10.5982
11.3276
12.0998
12.9161
13.7779
14.6862
15.642
16.6463
17.7002
18.8052
19.9629
21.1757
22.4466
23.7785
25.1744
26.6368
28.1679
29.7698
31.4447
33.1944
35.0208
36.9257
38.9106
40.9771
43.1265
45.3598
47.6782
50.0823
52.5726
55.1493
57.8127
60.5623
63.3977
66.3181
69.3225
72.4096
75.5779
78.8255
82.1505
85.5506
89.0234
92.5661
96.1758
99.8495
103.584
107.374
111.217
115.108
119.042
123.012
127.013
131.038
135.078
139.127
143.175
147.216
151.23
155.201
159.117
162.969
166.747
170.444
174.055
177.572
180.989
184.303
187.506
190.595
193.565
196.412
199.133
201.724
204.181
206.504
208.69
210.737
212.645
214.411
216.036
217.521
218.863
220.065
221.128
222.051
222.837
223.489
224.007
224.396
224.656
224.793
224.807
224.704
224.486
224.159
223.725
223.187
222.549
221.816
220.988
220.069
219.061
217.964
216.78
215.507
214.147
212.703
211.18
209.589
207.949
206.29
204.652
203.095
201.796
201.13
0.125985
0.0789612
0.0675347
0.0647645
0.0654999
0.0682411
0.0724568
0.0777947
0.0842002
0.091721
0.100441
0.110463
0.121901
0.134873
0.149499
0.165897
0.184182
0.204466
0.226861
0.251483
0.278451
0.307899
0.339971
0.374828
0.412652
0.45364
0.49801
0.545998
0.597862
0.653877
0.714339
0.779566
0.849897
0.925694
1.00734
1.09526
1.18987
1.29165
1.40109
1.51871
1.64508
1.78078
1.92644
2.08272
2.25034
2.43004
2.62262
2.82892
3.04983
3.28631
3.53935
3.81002
4.09941
4.40872
4.73918
5.09209
5.46881
5.87075
6.29941
6.75632
7.24305
7.76125
8.31257
8.89871
9.52137
10.1823
10.8831
11.6255
12.4113
13.2419
14.119
15.0442
16.0192
17.0457
18.1255
19.2607
20.4538
21.7074
23.0244
24.4075
25.8597
27.3835
28.9815
30.6562
32.41
34.2451
36.1637
38.1679
40.2597
42.4408
44.7129
47.0774
49.5354
52.0879
54.7356
57.4789
60.3179
63.2526
66.2824
69.4066
72.6241
75.9335
79.3334
82.8219
86.3969
90.056
93.7968
97.6166
101.512
105.481
109.519
113.623
117.788
122.009
126.281
130.597
134.95
139.332
143.733
148.144
152.555
156.953
161.311
165.617
169.856
174.019
178.095
182.077
185.955
189.723
193.374
196.9
200.295
203.553
206.668
209.635
212.45
215.106
217.602
219.934
222.099
224.094
225.918
227.571
229.05
230.356
231.49
232.451
233.242
233.863
234.318
234.609
234.74
234.716
234.54
234.218
233.754
233.155
232.427
231.579
230.615
229.542
228.367
227.1
225.744
224.306
222.796
221.212
219.567
217.864
216.108
214.305
212.465
210.601
208.731
206.882
205.093
203.422
202.009
201.114
0.163616
0.0994768
0.0837144
0.0794257
0.079742
0.0825726
0.0870216
0.0928197
0.0998737
0.108179
0.117781
0.12875
0.141174
0.155152
0.170785
0.188177
0.207434
0.228664
0.251978
0.277493
0.305336
0.335645
0.368571
0.404284
0.442967
0.484826
0.530081
0.578975
0.631771
0.68875
0.750217
0.816497
0.887939
0.964914
1.04782
1.13708
1.23313
1.33647
1.44758
1.56702
1.69534
1.83316
1.9811
2.13987
2.31016
2.49276
2.68847
2.89814
3.1227
3.36309
3.62035
3.89553
4.18978
4.50428
4.84029
5.19913
5.58216
5.99084
6.42666
6.89118
7.38602
7.91283
8.47335
9.06931
9.70253
10.3748
11.0881
11.8441
12.6449
13.4924
14.3887
15.3357
16.3356
17.3908
18.5037
19.6768
20.9131
22.2154
23.5869
25.0305
26.5494
28.1465
29.8248
31.5872
33.4363
35.3751
37.406
39.5317
41.7543
44.0762
46.4993
49.0253
51.6557
54.3917
57.2343
60.184
63.2411
66.4055
69.6768
73.0542
76.5367
80.1229
83.811
87.5992
91.4852
95.4665
99.5407
103.705
107.956
112.291
116.706
121.197
125.759
130.388
135.078
139.821
144.608
149.43
154.276
159.134
163.992
168.825
173.606
178.322
182.96
187.508
191.955
196.29
200.505
204.589
208.536
212.335
215.98
219.463
222.776
225.914
228.869
231.638
234.214
236.594
238.774
240.752
242.525
244.092
245.451
246.603
247.547
248.285
248.819
249.15
249.282
249.219
248.967
248.53
247.915
247.129
246.179
245.074
243.822
242.436
240.924
239.294
237.559
235.73
233.817
231.828
229.781
227.682
225.541
223.368
221.173
218.966
216.76
214.569
212.412
210.314
208.31
206.452
204.849
203.686
0.202516
0.120545
0.1001
0.094152
0.0937925
0.0963761
0.100952
0.107112
0.114682
0.123603
0.133879
0.145551
0.158684
0.173358
0.189661
0.20769
0.227546
0.249336
0.273176
0.299187
0.327502
0.358264
0.391631
0.427773
0.46688
0.509156
0.554825
0.604129
0.657333
0.71472
0.776595
0.843288
0.91515
0.992556
1.07591
1.16563
1.26217
1.36603
1.4777
1.59773
1.7267
1.86522
2.01395
2.17357
2.34481
2.52845
2.72531
2.93627
3.16226
3.40425
3.66327
3.94042
4.23687
4.55382
4.89256
5.25445
5.6409
6.05339
6.49349
6.96282
7.46306
7.99599
8.56343
9.16727
9.80948
10.4921
11.2171
11.9869
12.8035
13.6693
14.5868
15.5584
16.5869
17.675
18.8257
20.0421
21.3274
22.6849
24.1182
25.6307
27.2259
28.9072
30.678
32.5418
34.5018
36.5614
38.7235
40.9913
43.3674
45.8547
48.4553
51.1715
54.0051
56.9575
60.03
63.2233
66.5378
69.9734
73.5298
77.2061
81.0012
84.9135
88.9411
93.082
97.3338
101.694
106.159
110.727
115.394
120.156
125.011
129.954
134.98
140.083
145.258
150.496
155.787
161.12
166.481
171.856
177.229
182.557
187.822
193.01
198.104
203.093
207.964
212.705
217.305
221.754
226.042
230.158
234.094
237.841
241.39
244.733
247.862
250.772
253.457
255.912
258.132
260.114
261.855
263.354
264.609
265.62
266.387
266.912
267.196
267.242
267.055
266.64
266.002
265.15
264.091
262.834
261.387
259.762
257.972
256.031
253.951
251.741
249.419
247.004
244.506
241.941
239.326
236.674
234
231.318
228.642
225.986
223.366
220.797
218.299
215.896
213.618
211.511
209.659
208.198
0.24034
0.141175
0.116016
0.108112
0.106885
0.109199
0.113838
0.120258
0.128206
0.137568
0.148313
0.160455
0.17404
0.189132
0.205814
0.224176
0.24432
0.266357
0.290404
0.316589
0.345048
0.37593
0.409392
0.445606
0.484761
0.527058
0.572719
0.621984
0.675113
0.732388
0.794113
0.860613
0.932238
1.00936
1.09239
1.18174
1.27787
1.38126
1.49243
1.61192
1.74031
1.87823
2.02632
2.18529
2.35588
2.53886
2.73509
2.94544
3.17085
3.41234
3.67095
3.94781
4.24412
4.56113
4.90017
5.26264
5.65004
6.06392
6.50593
6.97779
7.48133
8.01844
8.59113
9.20147
9.85165
10.544
11.2808
12.0646
12.8981
13.7839
14.7249
15.7242
16.7849
17.9103
19.104
20.3695
21.7106
23.1312
24.6352
26.2266
27.9096
29.688
31.566
33.5474
35.6362
37.8363
40.1512
42.5845
45.1396
47.8196
50.6273
53.5653
56.6356
59.8402
63.1803
66.6568
70.2703
74.0207
77.9075
81.9296
86.0858
90.3743
94.7929
99.3392
104.01
108.804
113.716
118.744
123.883
129.132
134.484
139.937
145.486
151.124
156.844
162.638
168.494
174.399
180.337
186.289
192.225
198.097
203.893
209.594
215.187
220.657
225.989
231.171
236.19
241.034
245.691
250.151
254.403
258.438
262.243
265.81
269.13
272.197
275.004
277.545
279.816
281.811
283.529
284.967
286.123
286.997
287.59
287.902
287.936
287.697
287.19
286.419
285.392
284.118
282.607
280.87
278.917
276.759
274.416
271.905
269.239
266.434
263.509
260.485
257.378
254.207
250.994
247.757
244.515
241.285
238.087
234.937
231.853
228.856
225.964
223.2
220.593
218.18
216.026
214.239
0.27503
0.16011
0.130343
0.120668
0.118696
0.120753
0.125399
0.131976
0.14016
0.149792
0.160809
0.173205
0.187009
0.202278
0.219088
0.23753
0.257708
0.279734
0.303733
0.329833
0.358173
0.3889
0.422171
0.458155
0.497034
0.539004
0.584283
0.633103
0.685719
0.742407
0.803465
0.869213
0.939996
1.01618
1.09817
1.18639
1.28128
1.38332
1.49303
1.61097
1.7377
1.87384
2.02007
2.17708
2.34562
2.52649
2.72054
2.92867
3.15184
3.3911
3.64751
3.92226
4.21658
4.53178
4.86926
5.2305
5.61708
6.03068
6.47305
6.94609
7.45176
7.99216
8.56952
9.18616
9.84456
10.5473
11.2972
12.097
12.9499
13.8591
14.8278
15.8598
16.9587
18.1283
19.3729
20.6966
22.1039
23.5992
25.1871
26.8723
28.6596
30.5535
32.5587
34.68
36.9218
39.2885
41.7845
44.4139
47.1806
50.0881
53.1397
56.3383
59.6864
63.186
66.8387
70.6454
74.6065
78.7218
82.9905
87.4114
91.9826
96.702
101.567
106.575
111.722
117.005
122.421
127.966
133.636
139.426
145.333
151.352
157.478
163.704
170.025
176.429
182.905
189.436
196.003
202.581
209.106
215.554
221.908
228.15
234.265
240.237
246.049
251.688
257.139
262.39
267.427
272.238
276.813
281.139
285.203
288.995
292.506
295.728
298.654
301.277
303.592
305.595
307.282
308.651
309.702
310.43
310.839
310.93
310.707
310.174
309.337
308.201
306.774
305.069
303.097
300.87
298.401
295.704
292.8
289.707
286.445
283.03
279.485
275.833
272.096
268.296
264.459
260.607
256.763
252.949
249.187
245.5
241.907
238.431
235.094
231.917
228.926
226.154
223.651
221.51
0.304719
0.176139
0.142779
0.131692
0.129091
0.130894
0.135485
0.142111
0.15039
0.160127
0.171233
0.183685
0.197503
0.21274
0.229468
0.247782
0.267788
0.289602
0.313349
0.339161
0.367172
0.397526
0.430373
0.465874
0.504203
0.545549
0.59012
0.63814
0.689857
0.745537
0.805472
0.869975
0.939384
1.01406
1.0944
1.18082
1.27376
1.37371
1.48117
1.5967
1.72086
1.8543
1.99767
2.15168
2.3171
2.49473
2.68545
2.89018
3.10992
3.34573
3.59875
3.8702
4.16139
4.47372
4.80867
5.16783
5.55292
5.96575
6.40827
6.88254
7.39077
7.93532
8.51868
9.14353
9.81269
10.5292
11.2961
12.1169
12.9952
13.9347
14.9393
16.0133
17.161
18.3871
19.6963
21.0937
22.5843
24.1735
25.8665
27.669
29.5862
31.6237
33.7868
36.0808
38.5109
41.0823
43.7997
46.6679
49.6913
52.8737
56.2189
59.7301
63.4098
67.2602
71.2828
75.4786
79.8477
84.3895
89.1025
93.9849
99.0342
104.248
109.622
115.154
120.839
126.674
132.653
138.774
145.031
151.42
157.935
164.573
171.328
178.194
185.162
192.223
199.363
206.564
213.802
221.014
228.144
235.179
242.099
248.887
255.525
261.997
268.285
274.375
280.249
285.895
291.298
296.446
301.325
305.926
310.23
314.226
317.904
321.258
324.278
326.959
329.294
331.279
332.911
334.187
335.107
335.667
335.869
335.718
335.217
334.371
333.186
331.67
329.832
327.684
325.24
322.512
319.517
316.272
312.796
309.113
305.243
301.207
297.029
292.735
288.351
283.904
279.42
274.927
270.452
266.022
261.661
257.396
253.252
249.252
245.421
241.782
238.358
235.179
232.284
229.76
0.330718
0.190147
0.153628
0.141287
0.138097
0.139614
0.144073
0.150637
0.158875
0.168563
0.179592
0.191928
0.205585
0.220613
0.237089
0.255109
0.274783
0.29623
0.319575
0.344945
0.372469
0.402282
0.434522
0.469341
0.506901
0.54738
0.590977
0.637907
0.688406
0.742735
0.801176
0.864035
0.931644
1.00436
1.08257
1.16668
1.25715
1.35444
1.45907
1.57159
1.69258
1.82268
1.96255
2.11293
2.27459
2.44836
2.63515
2.83593
3.05173
3.28367
3.53298
3.80095
4.08898
4.3986
4.73142
5.08921
5.47384
5.88735
6.33192
6.80989
7.32377
7.87626
8.47026
9.10884
9.79532
10.5332
11.3263
12.1785
13.0941
14.0775
15.1335
16.2669
17.483
18.7872
20.1851
21.6828
23.2861
25.0014
26.8349
28.7928
30.8817
33.1075
35.4765
37.9944
40.6672
43.5003
46.4993
49.6692
53.0147
56.5399
60.2487
64.1442
68.229
72.5051
76.9737
81.6354
86.4899
91.536
96.7711
102.192
107.794
113.576
119.532
125.658
131.95
138.402
145.009
151.766
158.669
165.711
172.888
180.193
187.622
195.167
202.821
210.574
218.41
226.312
234.221
242.045
249.767
257.369
264.834
272.142
279.275
286.216
292.947
299.45
305.709
311.71
317.436
322.875
328.014
332.846
337.341
341.492
345.291
348.727
351.795
354.485
356.793
358.714
360.244
361.383
362.129
362.481
362.443
362.016
361.206
360.019
358.461
356.541
354.269
351.659
348.725
345.481
341.945
338.137
334.079
329.795
325.307
320.64
315.818
310.87
305.825
300.714
295.566
290.413
285.285
280.211
275.222
270.348
265.616
261.054
256.689
252.544
248.645
245.018
241.695
238.761
0.353624
0.202506
0.163113
0.149607
0.145829
0.147017
0.151263
0.157662
0.165739
0.175245
0.186057
0.198135
0.211489
0.226173
0.242266
0.25987
0.279099
0.300075
0.322916
0.347744
0.374675
0.403832
0.43534
0.469337
0.505974
0.545417
0.587854
0.633489
0.682553
0.735297
0.791996
0.852953
0.918493
0.988972
1.06477
1.14631
1.23402
1.32839
1.42994
1.53922
1.65684
1.78344
1.91971
2.06642
2.22436
2.39442
2.57756
2.7748
2.98727
3.21618
3.46286
3.72874
4.01538
4.32447
4.65786
5.01753
5.40564
5.82453
6.27674
6.765
7.29225
7.86168
8.47672
9.14105
9.85865
10.6338
11.4709
12.3749
13.3508
14.404
15.5401
16.765
18.0849
19.5063
21.0358
22.6806
24.4476
26.3443
28.3778
30.5555
32.8848
35.3725
38.0252
40.8487
43.8494
47.0331
50.4055
53.9718
57.7364
61.7034
65.8761
70.2574
74.8491
79.6527
84.6684
89.8963
95.3356
100.985
106.838
112.89
119.135
125.57
132.189
138.987
145.957
153.094
160.391
167.845
175.447
183.192
191.073
199.085
207.219
215.47
223.83
232.286
240.825
249.423
257.92
266.305
274.562
282.672
290.618
298.38
305.94
313.278
320.378
327.22
333.788
340.065
346.036
351.685
357.001
361.971
366.577
370.807
374.65
378.096
381.138
383.767
385.979
387.769
389.134
390.073
390.587
390.677
390.344
389.592
388.428
386.856
384.885
382.524
379.786
376.684
373.233
369.449
365.351
360.962
356.306
351.407
346.289
340.979
335.504
329.892
324.176
318.39
312.567
306.74
300.944
295.21
289.573
284.066
278.72
273.567
268.637
263.955
259.548
255.441
251.659
248.292
0.374258
0.213598
0.171493
0.15687
0.1525
0.15332
0.157295
0.163452
0.171281
0.180511
0.191009
0.202729
0.215686
0.229935
0.245564
0.262683
0.28141
0.301864
0.324159
0.348402
0.374698
0.403152
0.433876
0.466994
0.502645
0.540986
0.582193
0.626464
0.674023
0.725117
0.780019
0.83903
0.902479
0.970723
1.04415
1.12318
1.20827
1.29992
1.39866
1.50507
1.61979
1.7435
1.87694
2.02092
2.17632
2.34411
2.52532
2.72111
2.93273
3.16157
3.40914
3.6771
3.96725
4.2816
4.62231
4.99175
5.39254
5.82751
6.29973
6.81257
7.36962
7.97479
8.63232
9.3468
10.1232
10.9668
11.8832
12.8786
13.9592
15.1317
16.4029
17.7796
19.2694
20.88
22.6195
24.4961
26.518
28.6936
31.0313
33.5393
36.2258
39.0987
42.1644
45.4264
48.8913
52.565
56.4526
60.5585
64.8863
69.439
74.2187
79.2271
84.4646
89.931
95.6251
101.545
107.691
114.063
120.65
127.436
134.421
141.599
148.964
156.508
164.224
172.106
180.146
188.34
196.681
205.16
213.769
222.5
231.345
240.297
249.347
258.478
267.662
276.758
285.734
294.571
303.251
311.754
320.064
328.161
336.027
343.642
350.988
358.047
364.801
371.234
377.328
383.069
388.444
393.439
398.043
402.24
406.017
409.366
412.278
414.746
416.764
418.328
419.437
420.09
420.292
420.042
419.343
418.198
416.614
414.598
412.16
409.309
406.059
402.423
398.418
394.062
389.374
384.378
379.103
373.574
367.814
361.85
355.711
349.428
343.035
336.569
330.066
323.561
317.091
310.69
304.396
298.244
292.272
286.512
280.998
275.759
270.822
266.214
261.955
258.138
0.393887
0.223898
0.179104
0.163388
0.158439
0.158891
0.162587
0.168485
0.176043
0.18497
0.195123
0.206455
0.218983
0.232773
0.247924
0.264555
0.282791
0.302748
0.324529
0.348228
0.373932
0.401734
0.431734
0.464044
0.498794
0.536133
0.576232
0.619286
0.665519
0.71518
0.76855
0.82594
0.887692
0.95418
1.02581
1.10304
1.18634
1.27626
1.37338
1.47833
1.59182
1.71461
1.84754
1.99154
2.14762
2.31689
2.50061
2.70013
2.91695
3.15278
3.40945
3.68904
3.99383
4.32631
4.68926
5.08575
5.51915
5.99319
6.51193
7.07979
7.70151
8.38211
9.12718
9.94277
10.8355
11.8122
12.8805
14.0482
15.3237
16.7157
18.2322
19.8807
21.6703
23.6103
25.71
27.9786
30.4252
33.0586
35.8875
38.9203
42.1655
45.6337
49.3304
53.2468
57.3922
61.7718
66.3889
71.2456
76.343
81.6817
87.2618
93.0827
99.1424
105.438
111.966
118.721
125.699
132.898
140.308
147.92
155.728
163.722
171.893
180.233
188.732
197.384
206.182
215.125
224.202
233.404
242.717
252.131
261.635
271.221
280.872
290.527
300.078
309.499
318.77
327.87
336.782
345.488
353.971
362.213
370.195
377.899
385.306
392.397
399.156
405.565
411.607
417.268
422.534
427.392
431.829
435.832
439.39
442.493
445.133
447.304
449.001
450.221
450.961
451.222
451.007
450.317
449.157
447.532
445.447
442.912
439.937
436.532
432.713
428.492
423.888
418.919
413.605
407.973
402.056
395.88
389.465
382.838
376.029
369.071
362
354.855
347.676
340.499
333.359
326.296
319.348
312.555
305.956
299.587
293.486
287.684
282.21
277.094
272.349
268.075
0.413776
0.233952
0.186386
0.169616
0.164158
0.164331
0.167839
0.173574
0.180952
0.189661
0.199547
0.21056
0.222724
0.236122
0.250875
0.267119
0.284985
0.304581
0.326001
0.349325
0.37463
0.402
0.43153
0.463328
0.497522
0.534261
0.57372
0.6161
0.661638
0.710603
0.763301
0.820075
0.881305
0.947412
1.01886
1.09616
1.17987
1.27061
1.36908
1.47604
1.59235
1.71894
1.85687
2.00731
2.17156
2.35108
2.5475
2.76266
2.99856
3.25752
3.54211
3.85523
4.20012
4.58035
4.99987
5.46315
5.97518
6.54146
7.16809
7.86179
8.6296
9.47803
10.4152
11.4499
12.5914
13.8493
15.2339
16.7557
18.4261
20.259
22.262
24.438
26.7994
29.3565
32.1185
35.0939
38.2905
41.7154
45.3748
49.2741
53.418
57.811
62.4546
67.3463
72.4866
77.8756
83.5119
89.3932
95.5166
101.879
108.478
115.31
122.371
129.654
137.153
144.859
152.767
160.87
169.164
177.646
186.303
195.123
204.096
213.21
222.456
231.825
241.313
250.932
260.666
270.492
280.394
290.355
300.35
310.364
320.268
330.007
339.583
348.99
358.213
367.237
376.047
384.628
392.963
401.035
408.827
416.32
423.496
430.338
436.828
442.949
448.686
454.022
458.945
463.44
467.497
471.103
474.247
476.92
479.115
480.826
482.049
482.78
483.018
482.764
482.021
480.791
479.079
476.891
474.234
471.117
467.551
463.547
459.121
454.287
449.063
443.467
437.52
431.249
424.681
417.843
410.762
403.466
395.986
388.355
380.611
372.796
364.957
357.124
349.334
341.626
334.043
326.626
319.416
312.454
305.779
299.426
293.425
287.809
282.584
277.857
0.43646
0.244235
0.193774
0.176125
0.170406
0.170585
0.17421
0.180087
0.187585
0.196359
0.206238
0.217166
0.229184
0.242411
0.257011
0.273146
0.290951
0.310528
0.331961
0.355329
0.380716
0.408211
0.43792
0.469961
0.504474
0.541626
0.581615
0.624675
0.671084
0.721166
0.775295
0.833893
0.89744
0.966471
1.04158
1.12345
1.21281
1.3105
1.41745
1.53474
1.66359
1.80539
1.9617
2.13429
2.32517
2.53667
2.77145
3.03248
3.32303
3.64693
4.00861
4.41313
4.86633
5.37434
5.94379
6.58266
7.29981
8.10495
9.00889
10.0244
11.1652
12.4354
13.8497
15.4216
17.1641
19.09
21.2119
23.5416
26.0905
28.8693
31.8853
35.1431
38.6483
42.4058
46.4189
50.6897
55.2195
60.0082
65.0541
70.3548
75.907
81.7069
87.75
94.0315
100.545
107.285
114.242
121.41
128.78
136.347
144.107
152.06
160.199
168.515
176.996
185.634
194.421
203.354
212.436
221.681
231.063
240.566
250.176
259.883
269.675
279.544
289.477
299.468
309.517
319.583
329.651
339.689
349.593
359.272
368.749
378.028
387.113
396.003
404.691
413.166
421.414
429.422
437.175
444.658
451.853
458.744
465.313
471.542
477.416
482.917
488.029
492.738
497.029
500.89
504.309
507.273
509.774
511.802
513.351
514.415
514.989
515.072
514.662
513.76
512.369
510.491
508.133
505.299
501.999
498.24
494.035
489.395
484.334
478.868
473.013
466.789
460.216
453.319
446.124
438.657
430.947
423.022
414.915
406.659
398.29
389.85
381.381
372.922
364.513
356.194
348.009
340.002
332.216
324.695
317.479
310.606
304.108
298.019
292.335
287.177
0.455093
0.25269
0.200405
0.182578
0.177236
0.178038
0.182381
0.188988
0.197172
0.206552
0.216931
0.228247
0.240568
0.254092
0.269061
0.285657
0.30401
0.324226
0.346406
0.370659
0.397103
0.425865
0.457087
0.490925
0.527555
0.567189
0.610088
0.656577
0.707041
0.761936
0.821798
0.887246
0.958983
1.03783
1.12473
1.22075
1.32711
1.44519
1.57653
1.72301
1.88686
2.07071
2.27761
2.51091
2.77474
3.074
3.41442
3.80291
4.24574
4.75149
5.32997
5.99257
6.75378
7.62648
8.62207
9.75832
11.0529
12.5238
14.1895
16.0687
18.1786
20.532
23.1431
26.0246
29.1866
32.6371
36.3814
40.422
44.7595
49.3917
54.3127
59.5138
64.9855
70.7172
76.6982
82.9178
89.3668
96.0351
102.911
109.982
117.236
124.664
132.257
140.014
147.928
155.985
164.173
172.483
180.907
189.439
198.083
206.866
215.768
224.773
233.869
243.049
252.31
261.647
271.062
280.554
290.116
299.741
309.415
319.123
328.856
338.612
348.353
358.053
367.738
377.313
386.691
395.817
404.719
413.4
421.871
430.144
438.221
446.103
453.786
461.259
468.513
475.534
482.31
488.825
495.064
501.01
506.646
511.957
516.924
521.532
525.765
529.608
533.047
536.069
538.662
540.815
542.518
543.763
544.542
544.85
544.682
544.037
542.914
541.312
539.235
536.685
533.667
530.188
526.254
521.875
517.062
511.825
506.18
500.139
493.721
486.943
479.825
472.389
464.66
456.665
448.43
439.985
431.36
422.59
413.71
404.759
395.778
386.808
377.89
369.067
360.384
351.884
343.612
335.614
327.931
320.603
313.663
307.147
301.041
295.476
0.474423
0.261202
0.207616
0.190154
0.185753
0.187733
0.19332
0.201146
0.210476
0.220902
0.232211
0.244335
0.257381
0.271704
0.287635
0.30534
0.324951
0.346602
0.370448
0.396665
0.425451
0.457014
0.491575
0.529366
0.570636
0.615679
0.664886
0.71878
0.777996
0.843297
0.915598
0.995971
1.08564
1.18612
1.29921
1.42707
1.57222
1.73753
1.92624
2.14251
2.39154
2.67972
3.01516
3.40555
3.86178
4.39686
5.02629
5.77193
6.64495
7.66935
8.86943
10.2713
11.9032
13.7926
15.9655
18.449
21.2676
24.4421
27.989
31.9196
36.2383
40.9427
46.0259
51.4766
57.2799
63.4176
69.8687
76.6106
83.6204
90.8757
98.3507
106.018
113.853
121.831
129.933
138.141
146.449
154.85
163.325
171.86
180.442
189.061
197.715
206.439
215.217
224.026
232.855
241.697
250.549
259.412
268.292
277.2
286.133
295.087
304.06
313.05
322.062
331.091
340.133
349.182
358.243
367.318
376.378
385.392
394.354
403.275
412.075
420.708
429.067
437.193
445.093
452.769
460.236
467.506
474.591
481.495
488.224
494.775
501.145
507.326
513.308
519.08
524.628
529.939
534.997
539.787
544.293
548.498
552.386
555.941
559.147
561.989
564.453
566.527
568.198
569.455
570.287
570.687
570.648
570.162
569.227
567.838
565.996
563.7
560.951
557.753
554.11
550.027
545.512
540.572
535.217
529.459
523.31
516.783
509.894
502.661
495.101
487.236
479.088
470.682
462.044
453.202
444.186
435.03
425.766
416.433
407.07
397.718
388.417
379.212
370.147
361.266
352.615
344.238
336.177
328.474
321.161
314.275
307.79
301.849
0.495608
0.270622
0.216904
0.200993
0.1987
0.202957
0.210793
0.220755
0.232069
0.244321
0.257316
0.271006
0.285611
0.301786
0.319856
0.339965
0.362265
0.386977
0.414401
0.444889
0.478832
0.516643
0.558754
0.605608
0.657654
0.715369
0.779467
0.851054
0.931542
1.02268
1.12664
1.24608
1.38395
1.5442
1.73193
1.95362
2.21713
2.53236
2.90909
3.3618
3.90862
4.5724
5.38648
6.37203
7.56984
9.02297
10.7785
12.8872
15.3951
18.349
21.7905
25.7539
30.2656
35.3412
40.9852
47.1919
53.9446
61.2165
68.9723
77.1705
85.7626
94.6946
103.911
113.359
122.986
132.746
142.595
152.493
162.41
172.333
182.229
192.069
201.827
211.485
221.029
230.459
239.817
249.11
258.303
267.382
276.338
285.171
293.886
302.495
311.006
319.422
327.745
335.983
344.146
352.245
360.288
368.281
376.227
384.126
391.982
399.816
407.632
415.415
423.147
430.815
438.434
446.014
453.488
460.822
467.971
474.863
481.543
488.02
494.288
500.361
506.25
511.969
517.526
522.931
528.191
533.31
538.289
543.125
547.814
552.349
556.72
560.916
564.925
568.733
572.327
575.69
578.807
581.663
584.241
586.526
588.502
590.154
591.468
592.432
593.032
593.258
593.099
592.546
591.592
590.231
588.457
586.268
583.661
580.636
577.193
573.334
569.064
564.385
559.305
553.83
547.969
541.731
535.128
528.172
520.876
513.256
505.33
497.115
488.632
479.904
470.956
461.813
452.504
443.06
433.513
423.899
414.255
404.621
395.037
385.545
376.19
367.015
358.065
349.383
341.012
332.991
325.351
318.127
311.283
304.973
0.518247
0.282587
0.231238
0.219141
0.221057
0.229518
0.241307
0.254939
0.269623
0.284962
0.300911
0.317683
0.335933
0.3564
0.379293
0.40471
0.432916
0.464414
0.499901
0.540227
0.586361
0.639373
0.700425
0.770795
0.851844
0.944765
1.0514
1.17524
1.32107
1.49523
1.70595
1.96458
2.2829
2.67846
3.17503
3.80399
4.60544
5.63496
6.93513
8.58031
10.6519
13.2402
16.4422
20.3468
25.041
30.595
37.0572
44.454
52.785
62.0205
72.1026
82.9541
94.4843
106.593
119.176
132.127
145.342
158.722
172.177
185.636
199.034
212.296
225.354
238.155
250.657
262.827
274.643
286.091
297.182
308.017
318.532
328.698
338.508
347.968
357.09
365.889
374.39
382.614
390.569
398.267
405.717
412.932
419.928
426.723
433.334
439.778
446.071
452.238
458.312
464.297
470.195
476.005
481.729
487.366
492.922
498.442
503.91
509.289
514.56
519.713
524.708
529.493
534.115
538.588
542.915
547.093
551.129
555.029
558.802
562.455
565.994
569.426
572.758
575.993
579.134
582.182
585.136
587.993
590.747
593.39
595.913
598.306
600.556
602.652
604.578
606.322
607.868
609.2
610.304
611.164
611.765
612.093
612.134
611.875
611.303
610.407
609.176
607.602
605.676
603.392
600.744
597.727
594.339
590.578
586.444
581.938
577.061
571.816
566.208
560.243
553.926
547.266
540.273
532.955
525.326
517.397
509.184
500.703
491.973
483.012
473.843
464.49
454.979
445.338
435.597
425.79
415.951
406.117
396.327
386.623
377.045
367.637
358.44
349.498
340.849
332.532
324.574
317.005
309.783
303.069
0.540475
0.302729
0.259478
0.255777
0.26595
0.282546
0.301795
0.322613
0.344388
0.366884
0.390458
0.415597
0.443593
0.475198
0.51065
0.550072
0.594117
0.644234
0.702534
0.771759
0.855315
0.95737
1.08301
1.23864
1.43272
1.67213
1.96604
2.33407
2.8045
3.41753
4.22782
5.3231
6.78596
8.74608
11.3684
14.8469
19.3821
25.1612
32.3423
41.0561
51.3841
63.3505
76.9177
91.9881
108.414
126.004
144.545
163.827
183.66
203.842
224.144
244.353
264.288
283.798
302.759
321.076
338.676
355.507
371.543
386.873
401.544
415.459
428.585
440.918
452.469
463.263
473.328
482.698
491.415
499.538
507.104
514.145
520.707
526.828
532.535
537.854
542.809
547.427
551.735
555.757
559.518
563.043
566.355
569.478
572.434
575.245
577.927
580.518
583.056
585.512
587.88
590.162
592.367
594.5
596.563
598.499
600.307
602.025
603.672
605.259
606.787
608.257
609.671
611.035
612.351
613.621
614.848
616.03
617.171
618.269
619.328
620.347
621.328
622.27
623.172
624.032
624.848
625.613
626.322
626.967
627.538
628.026
628.42
628.706
628.874
628.909
628.797
628.525
628.078
627.442
626.603
625.546
624.26
622.73
620.945
618.895
616.568
613.955
611.047
607.838
604.321
600.491
596.344
591.877
587.088
581.977
576.543
570.788
564.714
558.324
551.623
544.616
537.31
529.712
521.831
513.678
505.265
496.604
487.711
478.602
469.297
459.816
450.182
440.419
430.556
420.622
410.648
400.67
390.722
380.844
371.073
361.449
352.014
342.804
333.859
325.211
316.885
308.907
301.229
294.017
0.553021
0.357318
0.335152
0.349388
0.37828
0.416275
0.458998
0.505092
0.553797
0.605157
0.659687
0.718109
0.782497
0.857542
0.945037
1.04479
1.15889
1.29387
1.45994
1.67187
1.95058
2.32568
2.83904
3.55054
4.55778
5.94933
7.82851
10.4034
13.9518
18.841
25.5072
34.4235
46.0394
60.7315
78.7403
100.121
124.719
152.135
181.825
213.211
245.716
278.789
311.919
344.654
376.609
407.464
437.053
465.244
492.129
517.75
541.771
564.038
584.502
603.172
620.097
635.348
649.01
661.179
671.953
681.451
689.788
697.051
703.318
708.665
713.165
716.889
719.902
722.271
724.058
725.322
726.12
726.501
726.538
726.265
725.692
724.841
723.742
722.424
720.92
719.26
717.47
715.576
713.602
711.569
709.496
707.398
705.285
703.141
700.928
698.687
696.444
694.215
692.016
689.855
687.74
685.673
683.655
681.689
679.778
677.922
676.124
674.386
672.706
671.082
669.509
667.984
666.503
665.061
663.654
662.278
660.928
659.602
658.295
657.003
655.722
654.448
653.175
651.896
650.605
649.293
647.951
646.57
645.14
643.649
642.086
640.439
638.695
636.843
634.869
632.761
630.506
628.091
625.505
622.735
619.772
616.603
613.219
609.611
605.771
601.69
597.362
592.781
587.942
582.84
577.472
571.835
565.928
559.749
553.297
546.575
539.582
532.322
524.798
517.015
508.978
500.694
492.171
483.419
474.449
465.275
455.91
446.373
436.683
426.86
416.928
406.913
396.843
386.748
376.661
366.616
356.647
346.791
337.084
327.562
318.258
309.201
300.415
291.92
283.674
275.84
0.533518
0.627241
0.672063
0.752244
0.86267
1.01082
1.19169
1.39557
1.61922
1.86354
2.13073
2.42412
2.75607
3.17944
3.72008
4.37639
5.16061
6.13082
7.38531
9.08655
11.4941
15.0164
20.2796
28.1958
39.9594
56.5894
78.7756
107.378
142.643
184.412
232.111
284.796
341.242
400.056
459.791
519.086
577.751
634.652
688.235
737.679
782.592
822.853
858.518
889.76
916.813
939.97
959.812
976.476
990.101
1000.93
1009.22
1015.23
1019.19
1021.36
1021.95
1021.16
1019.18
1016.17
1012.26
1007.6
1002.28
996.422
990.096
983.378
976.333
969.017
961.479
953.766
945.916
937.966
929.947
921.883
913.756
905.574
897.379
889.198
881.057
872.978
864.979
857.076
849.282
841.608
834.066
826.662
819.405
812.3
805.351
798.561
791.934
785.469
779.167
773.029
767.054
761.243
755.596
750.117
744.807
739.663
734.682
729.86
725.193
720.674
716.297
712.058
707.948
703.959
700.083
696.313
692.639
689.055
685.553
682.125
678.765
675.465
672.219
669.021
665.862
662.735
659.633
656.547
653.469
650.388
647.297
644.185
641.042
637.858
634.622
631.324
627.954
624.499
620.951
617.297
613.529
609.635
605.606
601.433
597.107
592.618
587.959
583.122
578.1
572.885
567.472
561.854
556.027
549.986
543.726
537.243
530.536
523.6
516.434
509.038
501.411
493.553
485.467
477.156
468.623
459.875
450.918
441.761
432.416
422.894
413.211
403.384
393.432
383.378
373.244
363.058
352.848
342.644
332.477
322.378
312.38
302.516
292.816
283.306
274.007
264.941
256.079
247.576
0.53988
3.38194
4.02801
4.51724
5.23396
6.34524
7.77141
9.4586
11.4167
13.6823
16.315
19.4015
23.2079
28.998
37.7144
49.9753
66.6295
88.7635
117.652
154.706
201.398
259.116
328.951
411.369
505.819
613.922
730.886
852.875
972.147
1083.54
1183.85
1271.35
1345.44
1406.37
1454.93
1492.27
1519.81
1538.92
1550.84
1556.69
1557.46
1554.03
1547.15
1537.47
1525.52
1511.74
1496.15
1479.08
1460.93
1442.03
1422.63
1402.92
1383.07
1363.18
1343.36
1323.66
1304.16
1284.88
1265.86
1247.14
1228.72
1210.62
1192.85
1175.42
1158.33
1141.59
1125.19
1109.13
1093.4
1078.02
1062.97
1048.25
1033.85
1019.79
1006.04
992.602
979.473
966.645
954.113
941.872
929.921
918.254
906.869
895.762
884.931
874.372
864.084
854.066
844.318
834.84
825.628
816.678
807.982
799.538
791.338
783.377
775.652
768.157
760.887
753.836
746.997
740.361
733.918
727.662
721.582
715.67
709.914
704.305
698.833
693.489
688.264
683.147
678.131
673.207
668.366
663.601
658.903
654.263
649.675
645.13
640.619
636.135
631.669
627.212
622.758
618.296
613.82
609.321
604.79
600.219
595.601
590.926
586.187
581.375
576.484
571.504
566.428
561.249
555.958
550.548
545.011
539.34
533.528
527.567
521.45
515.169
508.719
502.093
495.283
488.285
481.093
473.703
466.109
458.31
450.302
442.084
433.657
425.022
416.182
407.142
397.908
388.489
378.897
369.146
359.25
349.23
339.105
328.9
318.642
308.357
298.072
287.816
277.622
267.521
257.539
247.699
238.027
228.544
219.248
210.272
4.47716
56.1216
66.5228
76.8899
94.0434
119.519
153.652
196.953
250.228
314.539
391.147
481.406
586.585
711.939
855.767
1010.61
1170.6
1330.75
1486.69
1634.59
1771.19
1893.89
2000.75
2090.59
2162.93
2218.32
2257.18
2277.84
2282.65
2274.33
2255.59
2228.94
2196.55
2160.22
2121.37
2081.1
2040.22
1999.32
1958.8
1918.93
1879.89
1841.78
1804.66
1768.54
1733.44
1699.33
1666.26
1634.19
1603.11
1572.93
1543.63
1515.15
1487.45
1460.5
1434.26
1408.71
1383.82
1359.57
1335.95
1312.93
1290.51
1268.65
1247.35
1226.6
1206.37
1186.65
1167.43
1148.7
1130.43
1112.61
1095.24
1078.3
1061.77
1045.67
1029.96
1014.65
999.728
985.174
970.981
957.138
943.637
930.466
917.617
905.083
892.856
880.929
869.296
857.953
846.893
836.115
825.614
815.385
805.425
795.728
786.288
777.099
768.154
759.448
750.974
742.725
734.695
726.876
719.259
711.835
704.595
697.531
690.633
683.89
677.294
670.835
664.503
658.291
652.188
646.186
640.278
634.455
628.709
623.033
617.419
611.862
606.352
600.885
595.453
590.05
584.671
579.308
573.957
568.612
563.268
557.918
552.557
547.18
541.782
536.356
530.896
525.396
519.851
514.252
508.594
502.869
497.068
491.184
485.208
479.132
472.947
466.642
460.21
453.639
446.922
440.049
433.011
425.8
418.408
410.827
403.053
395.08
386.905
378.526
369.943
361.157
352.174
342.999
333.642
324.115
314.435
304.619
294.686
284.666
274.588
264.474
254.346
244.23
234.183
224.217
214.349
204.604
195.007
185.59
176.374
167.451
263.251
433.318
628.94
836.639
1044.34
1242.29
1423.57
1583.87
1720.94
1834.1
1923.78
1991.22
2038.22
2067.05
2080.19
2080.15
2069.33
2050.06
2024.44
1994.36
1961.42
1926.98
1892.15
1857.78
1824.49
1792.68
1762.62
1734.64
1708.72
1684.65
1662.17
1641.01
1620.9
1601.58
1582.88
1564.61
1546.64
1528.88
1511.24
1493.7
1476.21
1458.78
1441.39
1424.04
1406.73
1389.46
1372.26
1355.14
1338.11
1321.21
1304.44
1287.8
1271.31
1254.95
1238.74
1222.68
1206.75
1190.97
1175.34
1159.85
1144.51
1129.32
1114.29
1099.42
1084.73
1070.2
1055.86
1041.69
1027.71
1013.92
1000.32
986.916
973.707
960.696
947.884
935.275
922.869
910.665
898.663
886.863
875.263
863.86
852.654
841.641
830.82
820.189
809.748
799.494
789.426
779.544
769.847
760.335
751.007
741.863
732.901
724.119
715.515
707.085
698.827
690.736
682.809
675.04
667.425
659.958
652.633
645.443
638.381
631.441
624.616
617.898
611.282
604.759
598.324
591.97
585.692
579.483
573.338
567.253
561.221
555.239
549.301
543.405
537.545
531.72
525.925
520.158
514.416
508.696
502.996
497.313
491.644
485.987
480.339
474.695
469.052
463.406
457.752
452.083
446.393
440.676
434.923
429.125
423.273
417.358
411.368
405.293
399.12
392.839
386.437
379.903
373.226
366.393
359.395
352.223
344.869
337.326
329.589
321.655
313.521
305.192
296.673
287.969
279.091
270.058
260.894
251.612
242.232
232.814
223.384
213.943
204.507
195.098
185.745
176.479
167.33
158.33
149.512
140.912
132.563
124.539
253.277
268.779
286.92
307.871
331.521
357.479
385.16
413.872
442.885
471.503
499.108
525.19
549.372
571.403
591.154
608.599
623.931
637.585
649.576
659.977
668.908
676.518
682.975
688.459
693.143
697.2
700.788
704.057
707.138
710.149
713.185
716.321
719.611
723.089
726.774
730.668
734.759
739.028
743.446
748.073
753.041
758.245
763.587
768.976
774.329
779.568
784.621
789.424
793.919
798.057
801.796
805.102
807.947
810.31
812.175
813.533
814.381
814.718
814.551
813.887
812.741
811.135
809.096
806.649
803.818
800.627
797.098
793.252
789.111
784.695
780.024
775.115
769.988
764.658
759.141
753.455
747.613
741.629
735.519
729.294
722.968
716.552
710.058
703.496
696.878
690.212
683.51
676.78
670.033
663.277
656.52
649.77
643.035
636.321
629.634
622.98
616.363
609.787
603.255
596.769
590.332
583.943
577.604
571.315
565.074
558.88
552.733
546.629
540.567
534.545
528.56
522.61
516.693
510.807
504.95
499.121
493.318
487.54
481.786
476.055
470.347
464.661
458.998
453.357
447.739
442.144
436.574
431.028
425.507
420.011
414.541
409.096
403.674
398.276
392.899
387.539
382.193
376.856
371.522
366.185
360.837
355.469
350.071
344.632
339.142
333.588
327.958
322.238
316.417
310.48
304.416
298.213
291.86
285.349
278.672
271.825
264.801
257.6
250.22
242.676
234.975
227.127
219.141
211.069
202.939
194.747
186.504
178.231
169.952
161.69
153.472
145.326
137.28
129.367
121.617
114.062
106.733
99.6596
92.8725
86.4209
86.6891
89.4278
92.5338
96.0533
100.022
104.453
109.337
114.64
120.308
126.271
132.445
138.745
145.086
151.386
157.573
163.586
169.382
174.934
180.224
185.24
189.977
194.44
198.638
202.589
206.312
209.834
213.184
216.39
219.484
222.499
225.466
228.42
231.392
234.412
237.512
240.72
244.06
247.559
251.237
255.116
259.221
263.569
268.175
273.046
278.187
283.598
289.277
295.216
301.403
307.824
314.461
321.293
328.296
335.444
342.707
350.055
357.455
364.874
372.276
379.626
386.889
394.101
401.258
408.308
415.202
421.897
428.355
434.541
440.426
445.983
451.192
456.035
460.499
464.574
468.253
471.534
474.418
476.906
479.004
480.72
482.062
483.041
483.67
483.96
483.925
483.58
482.943
482.032
480.86
479.445
477.798
475.934
473.864
471.602
469.159
466.545
463.773
460.852
457.791
454.601
451.288
447.862
444.329
440.697
436.971
433.157
429.26
425.285
421.236
417.118
412.936
408.692
404.391
400.037
395.634
391.186
386.697
382.171
377.613
373.027
368.418
363.789
359.145
354.491
349.832
345.17
340.512
335.86
331.218
326.59
321.977
317.384
312.809
308.256
303.722
299.207
294.709
290.223
285.745
281.27
276.791
272.299
267.786
263.241
258.654
254.014
249.309
244.527
239.656
234.685
229.602
224.397
219.062
213.596
207.996
202.258
196.38
190.361
184.206
177.965
171.641
165.229
158.737
152.179
145.575
138.944
132.305
125.681
119.097
112.577
106.147
99.8332
93.6607
87.6538
81.8357
76.2278
70.8497
65.7196
60.855
56.281
44.6869
45.4149
46.1999
47.0523
47.9821
48.9976
50.1041
51.3031
52.5926
53.9668
55.4165
56.93
58.4933
60.0914
61.7089
63.3307
64.9426
66.5322
68.0888
69.6035
71.069
72.4799
73.8324
75.1244
76.3553
77.5261
78.6388
79.6966
80.7036
81.665
82.5864
83.4744
84.336
85.1788
86.0106
86.8397
87.6746
88.5239
89.3966
90.3016
91.2483
92.2462
93.3048
94.4336
95.642
96.9393
98.3345
99.8366
101.454
103.196
105.069
107.082
109.242
111.556
114.03
116.669
119.479
122.462
125.622
128.961
132.478
136.176
140.053
144.109
148.339
152.734
157.287
161.984
166.813
171.758
176.802
181.926
187.111
192.334
197.575
202.81
208.016
213.17
218.249
223.232
228.096
232.82
237.386
241.776
245.972
249.962
253.773
257.384
260.78
263.948
266.878
269.561
271.994
274.172
276.095
277.763
279.179
280.345
281.266
281.947
282.393
282.611
282.606
282.387
281.959
281.331
280.508
279.499
278.311
276.951
275.426
273.745
271.915
269.944
267.84
265.61
263.265
260.81
258.256
255.61
252.88
250.075
247.202
244.271
241.287
238.26
235.195
232.1
228.981
225.843
222.692
219.531
216.365
213.196
210.024
206.852
203.679
200.503
197.321
194.13
190.924
187.699
184.448
181.163
177.836
174.458
171.022
167.518
163.937
160.273
156.516
152.661
148.705
144.671
140.553
136.346
132.045
127.653
123.173
118.618
114
109.331
104.623
99.8921
95.1555
90.4313
85.7384
81.0959
76.523
72.0385
67.6602
63.4048
59.2872
55.321
51.5177
47.8874
44.4382
41.1773
38.1109
35.2485
30.1285
30.3837
30.6499
30.9297
31.2256
31.5402
31.8755
32.2333
32.6144
33.019
33.4465
33.8953
34.3634
34.8478
35.3452
35.852
36.3642
36.8781
37.39
37.8962
38.3937
38.8796
39.3513
39.8068
40.2444
40.6628
41.0612
41.439
41.7961
42.1327
42.4492
42.7465
43.0256
43.2878
43.5346
43.7676
43.9888
44.2002
44.4038
44.6019
44.7969
44.9912
45.1874
45.3882
45.596
45.8139
46.0444
46.2904
46.5547
46.8404
47.1502
47.4872
47.8543
48.2546
48.6913
49.1675
49.6864
50.2513
50.8655
51.5324
52.2555
53.0384
53.8846
54.7979
55.782
56.8404
57.9765
59.1938
60.4951
61.8833
63.3608
64.9296
66.5913
68.3469
70.1969
72.1409
74.1781
76.3065
78.5236
80.8258
83.2087
85.6668
88.1937
90.7822
93.4239
96.1098
98.8319
101.581
104.345
107.115
109.877
112.619
115.33
117.996
120.605
123.144
125.604
127.971
130.237
132.391
134.425
136.332
138.103
139.734
141.219
142.555
143.738
144.766
145.638
146.354
146.914
147.32
147.574
147.68
147.641
147.461
147.146
146.702
146.134
145.448
144.652
143.753
142.757
141.672
140.505
139.263
137.953
136.581
135.154
133.678
132.158
130.599
129.005
127.38
125.727
124.048
122.344
120.616
118.863
117.085
115.279
113.442
111.572
109.664
107.715
105.72
103.674
101.572
99.4112
97.1865
94.8949
92.5338
90.1021
87.6021
85.0362
82.407
79.7181
76.9743
74.1818
71.3489
68.4848
65.6001
62.7059
59.814
56.9365
54.0858
51.2739
48.5122
45.8117
43.1822
40.6325
38.1703
35.802
33.5329
31.367
29.3076
27.357
25.517
23.7889
22.1761
23.3729
23.4778
23.5842
23.6929
23.8047
23.9206
24.0413
24.1677
24.3004
24.4399
24.5865
24.7403
24.9011
25.0684
25.2415
25.4197
25.6019
25.787
25.9737
26.1609
26.3473
26.5317
26.7129
26.89
27.0619
27.2277
27.3868
27.5385
27.6824
27.8179
27.9449
28.0631
28.1725
28.2732
28.3653
28.4491
28.5248
28.5928
28.6537
28.7079
28.7561
28.7988
28.8368
28.8708
28.9015
28.9298
28.9564
28.9824
29.0084
29.0354
29.0644
29.0961
29.1317
29.1719
29.2178
29.2703
29.3304
29.3992
29.4775
29.5664
29.6671
29.7804
29.9076
30.0497
30.2079
30.3833
30.5772
30.7906
31.0248
31.2811
31.5605
31.8644
32.194
32.5503
32.9346
33.3481
33.7919
34.2669
34.7742
35.3148
35.8895
36.4991
37.144
37.8249
38.542
39.2953
40.0849
40.9104
41.7712
42.6665
43.595
44.5552
45.545
46.5621
47.6036
48.6664
49.7469
50.8413
51.9452
53.0541
54.1631
55.2672
56.361
57.4393
58.4965
59.5271
60.5259
61.4876
62.407
63.2795
64.1005
64.866
65.5725
66.2167
66.7961
67.3086
67.7529
68.1279
68.4334
68.6695
68.8369
68.9368
68.9708
68.9408
68.8492
68.6985
68.4913
68.2307
67.9195
67.5605
67.1568
66.711
66.2256
65.703
65.1452
64.5538
63.9301
63.2752
62.5895
61.8732
61.126
60.3472
59.536
58.6911
57.811
56.8942
55.9389
54.9438
53.9072
52.8282
51.7058
50.5399
49.3306
48.0792
46.7875
45.458
44.0941
42.6994
41.2787
39.8369
38.3798
36.9132
35.4434
33.9766
32.5191
31.0769
29.6558
28.2609
26.8971
25.5686
24.2789
23.0312
21.8277
20.6705
19.5611
18.5004
17.4894
16.5286
15.6183
14.7612
19.5626
19.6101
19.6557
19.7003
19.7443
19.7882
19.8326
19.8778
19.9243
19.9725
20.0225
20.0747
20.129
20.1856
20.2445
20.3054
20.3683
20.4328
20.4986
20.5653
20.6325
20.6998
20.7667
20.8327
20.8974
20.9603
21.0211
21.0794
21.1348
21.1871
21.2358
21.2809
21.322
21.3591
21.392
21.4207
21.4452
21.4653
21.4812
21.493
21.5008
21.5047
21.5048
21.5014
21.4947
21.4849
21.4723
21.4572
21.4399
21.4206
21.3996
21.3774
21.3543
21.3305
21.3064
21.2825
21.2589
21.2362
21.2147
21.1947
21.1766
21.1608
21.1477
21.1376
21.1309
21.128
21.1293
21.1351
21.1459
21.1621
21.1839
21.2118
21.2463
21.2875
21.336
21.3921
21.4561
21.5284
21.6093
21.6993
21.7985
21.9074
22.0261
22.1551
22.2946
22.4447
22.6058
22.778
22.9615
23.1564
23.3627
23.5804
23.8096
24.0501
24.3016
24.564
24.8367
25.1195
25.4116
25.7124
26.0212
26.3369
26.6587
26.9854
27.3158
27.6485
27.9821
28.3151
28.6459
28.9728
29.2942
29.6084
29.9136
30.2081
30.4903
30.7587
31.0117
31.2479
31.4661
31.6651
31.844
32.002
32.1385
32.2528
32.3448
32.4143
32.4612
32.4857
32.4879
32.4683
32.4271
32.3649
32.2821
32.1791
32.0564
31.9143
31.7532
31.5733
31.3747
31.1574
30.9213
30.6663
30.3919
30.0978
29.7835
29.4485
29.0921
28.7139
28.3135
27.8904
27.4445
26.9759
26.4846
25.9714
25.4368
24.882
24.3085
23.7178
23.112
22.493
21.8633
21.2253
20.5815
19.9345
19.2868
18.6409
17.999
17.3633
16.7359
16.1184
15.5125
14.9195
14.3405
13.7764
13.2282
12.6964
12.1817
11.6846
11.2055
10.7472
17.5048
17.5277
17.5489
17.5682
17.5858
17.6019
17.6168
17.6311
17.6451
17.659
17.6729
17.6872
17.7018
17.717
17.7328
17.7493
17.7665
17.7843
17.8026
17.8214
17.8404
17.8595
17.8786
17.8973
17.9156
17.9332
17.9499
17.9655
17.9798
17.9926
18.0038
18.0131
18.0204
18.0256
18.0286
18.0292
18.0274
18.0232
18.0165
18.0072
17.9954
17.9811
17.9644
17.9452
17.9236
17.8997
17.8736
17.8454
17.8152
17.7831
17.7493
17.7138
17.6769
17.6387
17.5993
17.5588
17.5176
17.4756
17.4331
17.3903
17.3473
17.3043
17.2615
17.219
17.177
17.1357
17.0952
17.0557
17.0175
16.9805
16.9451
16.9114
16.8795
16.8495
16.8217
16.7961
16.773
16.7523
16.7343
16.7191
16.7068
16.6975
16.6913
16.6882
16.6884
16.6919
16.6989
16.7093
16.7232
16.7406
16.7616
16.7861
16.8142
16.8458
16.881
16.9195
16.9614
17.0065
17.0548
17.106
17.1599
17.2164
17.2752
17.3361
17.3987
17.4626
17.5277
17.5934
17.6593
17.7251
17.7902
17.8543
17.9167
17.9772
18.035
18.0899
18.1412
18.1886
18.2316
18.2697
18.3027
18.3301
18.3516
18.3669
18.3758
18.3781
18.3737
18.3623
18.344
18.3187
18.2863
18.2469
18.2004
18.1469
18.0865
18.0191
17.9447
17.8635
17.7752
17.68
17.5776
17.468
17.3511
17.2266
17.0944
16.9541
16.8056
16.6487
16.483
16.3084
16.1248
15.9319
15.7298
15.5184
15.298
15.0686
14.8306
14.5844
14.3305
14.0696
13.8022
13.5291
13.251
12.9689
12.6835
12.3957
12.1062
11.816
11.5256
11.2359
10.9475
10.661
10.3768
10.0955
9.81758
9.54332
9.27314
9.00744
8.74655
8.49275
16.1349
16.1461
16.1557
16.1634
16.1694
16.1735
16.1759
16.1768
16.1764
16.1748
16.1722
16.1688
16.1648
16.1604
16.1556
16.1506
16.1456
16.1405
16.1354
16.1302
16.125
16.1197
16.1142
16.1085
16.1025
16.0962
16.0893
16.0819
16.0738
16.0649
16.0551
16.0443
16.0325
16.0194
16.0052
15.9896
15.9725
15.9541
15.9341
15.9125
15.8894
15.8646
15.8382
15.8103
15.7807
15.7495
15.7167
15.6824
15.6465
15.6092
15.5705
15.5304
15.489
15.4464
15.4026
15.3578
15.3119
15.2651
15.2174
15.169
15.1199
15.0702
15.02
14.9694
14.9185
14.8673
14.816
14.7646
14.7133
14.6621
14.6111
14.5604
14.51
14.4601
14.4107
14.362
14.3139
14.2665
14.2199
14.1742
14.1294
14.0856
14.0428
14.0011
13.9605
13.921
13.8827
13.8456
13.8098
13.7752
13.7418
13.7098
13.679
13.6495
13.6213
13.5943
13.5686
13.5441
13.5207
13.4985
13.4773
13.4571
13.4378
13.4193
13.4014
13.3842
13.3675
13.3511
13.3349
13.3187
13.3024
13.2859
13.2689
13.2512
13.2328
13.2135
13.1929
13.1711
13.1478
13.1229
13.0963
13.0677
13.0372
13.0045
12.9696
12.9324
12.8928
12.8509
12.8065
12.7597
12.7104
12.6587
12.6045
12.5478
12.4888
12.4274
12.3636
12.2974
12.2289
12.1581
12.0849
12.0094
11.9314
11.851
11.768
11.6825
11.5943
11.5033
11.4094
11.3125
11.2125
11.1093
11.0029
10.8931
10.7799
10.6632
10.5432
10.4198
10.2931
10.1631
10.0301
9.89414
9.75546
9.61424
9.47072
9.32513
9.17772
9.02874
8.87844
8.72706
8.57486
8.42205
8.26886
8.1155
7.96219
7.80914
7.6566
7.50485
7.35421
7.20624
15.0383
15.0397
15.04
15.0392
15.0371
15.0337
15.029
15.0229
15.0155
15.0068
14.9968
14.9856
14.9733
14.9601
14.9458
14.9308
14.9151
14.8986
14.8816
14.8641
14.846
14.8275
14.8086
14.7893
14.7697
14.7496
14.7292
14.7083
14.687
14.6653
14.643
14.6202
14.5968
14.5727
14.548
14.5224
14.4961
14.4689
14.4408
14.4118
14.3818
14.3509
14.3189
14.2859
14.252
14.2169
14.1808
14.1437
14.1055
14.0663
14.0261
13.9849
13.9426
13.8995
13.8554
13.8104
13.7645
13.7178
13.6703
13.622
13.5731
13.5234
13.4732
13.4223
13.371
13.3191
13.2668
13.2142
13.1612
13.1079
13.0543
13.0006
12.9467
12.8927
12.8387
12.7846
12.7306
12.6766
12.6228
12.5691
12.5155
12.4622
12.4092
12.3564
12.304
12.2519
12.2002
12.1489
12.098
12.0476
11.9976
11.9482
11.8993
11.851
11.8032
11.756
11.7093
11.6633
11.6178
11.5729
11.5285
11.4846
11.4413
11.3983
11.3558
11.3136
11.2717
11.2301
11.1886
11.1473
11.106
11.0647
11.0233
10.9817
10.9399
10.8977
10.8551
10.8121
10.7684
10.7242
10.6793
10.6337
10.5873
10.5401
10.492
10.4431
10.3933
10.3425
10.2909
10.2383
10.1848
10.1304
10.0752
10.0191
9.96218
9.90444
9.84592
9.78665
9.72664
9.66591
9.60448
9.54235
9.47954
9.41603
9.35181
9.28687
9.22118
9.1547
9.0874
9.01923
8.95014
8.88009
8.80902
8.73687
8.6636
8.58917
8.51354
8.43667
8.35855
8.27917
8.19852
8.11661
8.03348
7.94914
7.86364
7.77705
7.68941
7.60079
7.51129
7.42097
7.32994
7.2383
7.14616
7.05364
6.96091
6.86812
6.7755
6.68334
6.59202
6.50246
14.208
14.199
14.1895
14.1793
14.1684
14.1568
14.1445
14.1313
14.1173
14.1025
14.0867
14.0701
14.0526
14.0342
14.015
13.9949
13.974
13.9523
13.9299
13.9067
13.8828
13.8582
13.8329
13.8071
13.7807
13.7537
13.7262
13.6982
13.6696
13.6406
13.6111
13.5811
13.5508
13.5199
13.4886
13.4568
13.4244
13.3915
13.3582
13.3243
13.2898
13.2548
13.2192
13.1829
13.1461
13.1085
13.0703
13.0315
12.9919
12.9517
12.9108
12.8692
12.8269
12.784
12.7404
12.6961
12.6512
12.6056
12.5594
12.5126
12.4652
12.4173
12.3688
12.3197
12.2702
12.2202
12.1697
12.1188
12.0675
12.0158
11.9637
11.9113
11.8586
11.8056
11.7524
11.699
11.6453
11.5915
11.5375
11.4834
11.4292
11.3749
11.3205
11.2662
11.2118
11.1575
11.1032
11.049
10.9949
10.941
10.8872
10.8337
10.7805
10.7275
10.6749
10.6225
10.5705
10.5188
10.4674
10.4163
10.3656
10.3151
10.2649
10.215
10.1653
10.1159
10.0667
10.0177
9.96876
9.92
9.87134
9.82273
9.77416
9.72559
9.67697
9.6283
9.57952
9.53061
9.48155
9.43231
9.38286
9.33319
9.28329
9.23312
9.1827
9.132
9.08104
9.0298
8.9783
8.92653
8.87452
8.82227
8.7698
8.71712
8.66426
8.61122
8.55804
8.50473
8.4513
8.39777
8.34417
8.29049
8.23675
8.18296
8.12912
8.07522
8.02126
7.96724
7.91313
7.85893
7.80461
7.75016
7.69554
7.64073
7.58571
7.53045
7.47491
7.41908
7.36293
7.30645
7.24961
7.19241
7.13483
7.07688
7.01857
6.9599
6.9009
6.84161
6.78206
6.72231
6.66244
6.60253
6.54272
6.48313
6.42396
6.36545
6.30788
6.25166
6.19731
6.14541
13.6291
13.6096
13.5899
13.5699
13.5496
13.529
13.508
13.4866
13.4649
13.4427
13.42
13.3968
13.3732
13.349
13.3243
13.299
13.2732
13.2469
13.22
13.1925
13.1646
13.136
13.107
13.0774
13.0473
13.0167
12.9856
12.9539
12.9217
12.8891
12.8559
12.8222
12.7881
12.7535
12.7185
12.6831
12.6472
12.611
12.5743
12.5372
12.4998
12.4619
12.4237
12.385
12.3459
12.3065
12.2666
12.2262
12.1855
12.1443
12.1027
12.0607
12.0182
11.9753
11.9319
11.8881
11.8439
11.7992
11.7541
11.7085
11.6625
11.6161
11.5693
11.5221
11.4745
11.4265
11.3781
11.3294
11.2803
11.2308
11.181
11.1309
11.0805
11.0299
10.9789
10.9277
10.8762
10.8245
10.7726
10.7205
10.6682
10.6157
10.5631
10.5103
10.4574
10.4045
10.3514
10.2984
10.2454
10.1925
10.1397
10.087
10.0344
9.98199
9.92969
9.87754
9.82554
9.7737
9.72202
9.67051
9.61917
9.568
9.51701
9.46618
9.41552
9.36503
9.31469
9.26451
9.21447
9.16457
9.11481
9.06516
9.01562
8.96619
8.91685
8.86759
8.81841
8.76929
8.72023
8.67123
8.62227
8.57336
8.52448
8.47565
8.42686
8.37811
8.3294
8.28075
8.23215
8.18361
8.13514
8.08676
8.03846
7.99027
7.94219
7.89423
7.84641
7.79873
7.75121
7.70386
7.65669
7.6097
7.56291
7.51631
7.46992
7.42373
7.37775
7.33197
7.2864
7.24103
7.19585
7.15086
7.10604
7.0614
7.01692
6.97259
6.9284
6.88434
6.84041
6.7966
6.75291
6.70934
6.66589
6.62258
6.57942
6.53645
6.4937
6.45122
6.40909
6.3674
6.32626
6.28583
6.2463
6.20791
6.17096
6.13586
6.10311
6.07334
6.04743
6.02588
13.2668
13.2378
13.2088
13.1797
13.1505
13.1212
13.0918
13.0623
13.0326
13.0027
12.9727
12.9424
12.9119
12.8812
12.8502
12.819
12.7874
12.7556
12.7235
12.6911
12.6583
12.6253
12.5919
12.5582
12.5241
12.4898
12.455
12.42
12.3846
12.3489
12.3128
12.2764
12.2397
12.2026
12.1652
12.1275
12.0894
12.051
12.0122
11.9731
11.9337
11.894
11.8539
11.8135
11.7728
11.7319
11.6906
11.6491
11.6073
11.5652
11.5228
11.4801
11.4372
11.394
11.3505
11.3067
11.2627
11.2184
11.1738
11.1289
11.0837
11.0383
10.9925
10.9466
10.9003
10.8538
10.807
10.7599
10.7126
10.665
10.6172
10.5692
10.5209
10.4724
10.4237
10.3748
10.3256
10.2763
10.2268
10.1771
10.1272
10.0772
10.0271
9.97685
9.92649
9.87604
9.82552
9.77495
9.72435
9.67374
9.62315
9.57259
9.52208
9.47162
9.42123
9.37091
9.32068
9.27055
9.22052
9.17061
9.12082
9.07115
9.02163
8.97224
8.92301
8.87393
8.82501
8.77625
8.72766
8.67924
8.63099
8.58292
8.53503
8.48732
8.4398
8.39246
8.3453
8.29834
8.25157
8.20499
8.15861
8.11243
8.06646
8.02069
7.97514
7.9298
7.88468
7.83979
7.79514
7.75072
7.70654
7.66261
7.61894
7.57554
7.5324
7.48953
7.44694
7.40464
7.36263
7.32091
7.2795
7.23839
7.19758
7.15709
7.11691
7.07705
7.03751
6.9983
6.9594
6.92083
6.88259
6.84468
6.8071
6.76985
6.73295
6.69638
6.66017
6.62431
6.58882
6.55372
6.51902
6.48475
6.45094
6.41764
6.38489
6.35276
6.32134
6.29074
6.26108
6.23254
6.20533
6.17971
6.15601
6.13468
6.11624
6.10138
6.09101
6.08627
6.08872
6.09912
13.0677
13.0315
12.9952
12.959
12.9227
12.8864
12.8501
12.8138
12.7773
12.7409
12.7043
12.6677
12.6309
12.5941
12.5572
12.5202
12.483
12.4457
12.4083
12.3707
12.333
12.2952
12.2571
12.2189
12.1806
12.1421
12.1033
12.0645
12.0254
11.9861
11.9467
11.907
11.8672
11.8272
11.787
11.7466
11.706
11.6652
11.6242
11.583
11.5416
11.5001
11.4583
11.4163
11.3742
11.3318
11.2893
11.2466
11.2037
11.1606
11.1174
11.074
11.0304
10.9866
10.9427
10.8986
10.8544
10.81
10.7654
10.7207
10.6758
10.6307
10.5855
10.5401
10.4946
10.4489
10.4031
10.3571
10.3109
10.2646
10.2182
10.1716
10.1249
10.078
10.031
9.98385
9.93659
9.88921
9.84172
9.79411
9.74641
9.69862
9.65074
9.60279
9.55478
9.50671
9.4586
9.41046
9.3623
9.31414
9.26598
9.21785
9.16976
9.12171
9.07372
9.02581
8.97798
8.93025
8.88262
8.83511
8.78773
8.74048
8.69339
8.64645
8.59969
8.5531
8.5067
8.4605
8.4145
8.36872
8.32316
8.27784
8.23275
8.18791
8.14333
8.09901
8.05496
8.01119
7.96771
7.92451
7.88162
7.83903
7.79674
7.75478
7.71314
7.67182
7.63084
7.59019
7.54989
7.50993
7.47033
7.43108
7.39219
7.35366
7.31549
7.27769
7.24026
7.20319
7.1665
7.13018
7.09424
7.05867
7.02347
6.98866
6.95423
6.92018
6.88651
6.85324
6.82036
6.78788
6.75581
6.72416
6.69294
6.66215
6.63182
6.60197
6.57261
6.54378
6.51551
6.48783
6.4608
6.43448
6.40892
6.38423
6.3605
6.33786
6.31647
6.29652
6.27825
6.26196
6.248
6.23685
6.22908
6.22544
6.22687
6.2346
6.25025
6.27594
6.31451
6.36769
12.9723
12.9316
12.8908
12.8499
12.8091
12.7681
12.7271
12.6861
12.645
12.6039
12.5626
12.5214
12.48
12.4386
12.3971
12.3556
12.314
12.2723
12.2306
12.1887
12.1468
12.1048
12.0628
12.0206
11.9784
11.9361
11.8937
11.8512
11.8086
11.766
11.7233
11.6804
11.6375
11.5946
11.5515
11.5083
11.4651
11.4217
11.3783
11.3348
11.2912
11.2476
11.2038
11.16
11.1161
11.0721
11.0281
10.9839
10.9397
10.8954
10.8511
10.8067
10.7622
10.7176
10.673
10.6283
10.5835
10.5387
10.4938
10.4489
10.4038
10.3588
10.3136
10.2684
10.2232
10.1778
10.1325
10.087
10.0415
9.99598
9.95038
9.90472
9.85901
9.81325
9.76745
9.7216
9.67572
9.62979
9.58384
9.53785
9.49185
9.44583
9.3998
9.35377
9.30774
9.26172
9.21573
9.16976
9.12384
9.07796
9.03214
8.98639
8.94073
8.89515
8.84967
8.80431
8.75907
8.71397
8.66901
8.62421
8.57958
8.53513
8.49088
8.44682
8.40298
8.35937
8.31599
8.27286
8.22999
8.18739
8.14507
8.10305
8.06133
8.01992
7.97884
7.93809
7.89769
7.85764
7.81795
7.77863
7.7397
7.70115
7.66299
7.62523
7.58789
7.55095
7.51444
7.47835
7.44269
7.40745
7.37266
7.3383
7.30437
7.27089
7.23785
7.20524
7.17308
7.14136
7.11008
7.07923
7.04883
7.01887
6.98934
6.96026
6.93163
6.90344
6.8757
6.84843
6.82162
6.79529
6.76946
6.74413
6.71935
6.69511
6.67147
6.64845
6.62611
6.60448
6.58364
6.56366
6.54462
6.52664
6.50984
6.49437
6.48042
6.46822
6.45803
6.45019
6.44511
6.44328
6.44536
6.45213
6.4646
6.48407
6.51222
6.55127
6.60417
6.67485
6.7687
6.88969
12.9309
12.8879
12.8448
12.8016
12.7583
12.7149
12.6714
12.6278
12.5842
12.5404
12.4965
12.4526
12.4085
12.3644
12.3202
12.2759
12.2315
12.1871
12.1426
12.098
12.0534
12.0087
11.9639
11.9191
11.8742
11.8292
11.7843
11.7392
11.6942
11.649
11.6039
11.5587
11.5135
11.4683
11.423
11.3777
11.3324
11.2871
11.2418
11.1964
11.1511
11.1057
11.0604
11.015
10.9696
10.9243
10.8789
10.8336
10.7882
10.7429
10.6976
10.6523
10.607
10.5617
10.5164
10.4712
10.4259
10.3807
10.3355
10.2903
10.2452
10.2
10.1549
10.1098
10.0647
10.0197
9.97464
9.92963
9.88465
9.83969
9.79476
9.74986
9.705
9.66017
9.61537
9.57062
9.52591
9.48124
9.43663
9.39208
9.34758
9.30316
9.2588
9.21453
9.17035
9.12625
9.08226
9.03838
8.99461
8.95097
8.90747
8.86411
8.8209
8.77785
8.73497
8.69228
8.64978
8.60748
8.56539
8.52352
8.4819
8.44051
8.39939
8.35853
8.31796
8.27767
8.23769
8.19803
8.15869
8.1197
8.08106
8.04278
8.00487
7.96736
7.93024
7.89353
7.85724
7.82138
7.78596
7.751
7.71649
7.68245
7.64888
7.6158
7.58321
7.55112
7.51952
7.48844
7.45786
7.4278
7.39825
7.36922
7.34071
7.31272
7.28525
7.2583
7.23187
7.20596
7.18056
7.15569
7.13133
7.1075
7.08418
7.0614
7.03915
7.01744
6.99628
6.97568
6.95567
6.93626
6.91748
6.89936
6.88194
6.86527
6.84941
6.83441
6.82036
6.80736
6.79551
6.78495
6.77582
6.76833
6.76269
6.75918
6.7581
6.75986
6.76493
6.77388
6.78743
6.80646
6.83208
6.86569
6.90909
6.96459
7.03525
7.12513
7.23971
7.38644
7.57568
7.81629
12.913
12.8692
12.8251
12.781
12.7368
12.6924
12.6479
12.6033
12.5586
12.5138
12.4688
12.4238
12.3787
12.3334
12.2881
12.2427
12.1972
12.1516
12.106
12.0603
12.0145
11.9687
11.9228
11.8769
11.8309
11.7849
11.7389
11.6929
11.6468
11.6007
11.5546
11.5086
11.4625
11.4164
11.3703
11.3243
11.2783
11.2323
11.1863
11.1404
11.0945
11.0486
11.0028
10.9571
10.9114
10.8657
10.8201
10.7746
10.7291
10.6837
10.6383
10.593
10.5478
10.5026
10.4575
10.4125
10.3676
10.3227
10.2779
10.2332
10.1886
10.144
10.0995
10.0551
10.0108
9.96657
9.92242
9.87836
9.83439
9.79051
9.74673
9.70305
9.65948
9.616
9.57264
9.5294
9.48627
9.44327
9.4004
9.35767
9.31508
9.27264
9.23036
9.18823
9.14628
9.10451
9.06292
9.02153
8.98034
8.93935
8.89859
8.85806
8.81776
8.77771
8.73791
8.69838
8.65912
8.62015
8.58147
8.5431
8.50504
8.46731
8.42992
8.39288
8.3562
8.31989
8.28397
8.24844
8.21332
8.17862
8.14435
8.11053
8.07717
8.04428
8.01186
7.97994
7.94853
7.91763
7.88725
7.85741
7.82812
7.79939
7.77122
7.74362
7.7166
7.69017
7.66433
7.63909
7.61446
7.59043
7.56701
7.54421
7.52203
7.50046
7.47952
7.4592
7.4395
7.42043
7.40199
7.38419
7.36702
7.3505
7.33464
7.31944
7.30493
7.29112
7.27803
7.26571
7.25417
7.24347
7.23365
7.22479
7.21694
7.21021
7.2047
7.20052
7.19783
7.19679
7.19762
7.20054
7.20585
7.21387
7.22503
7.23979
7.25874
7.28258
7.31216
7.34853
7.39298
7.4471
7.51292
7.59298
7.69056
7.80996
7.95682
8.13873
8.36607
8.65305
9.01965
9.48515
12.9077
12.8638
12.8198
12.7756
12.7314
12.6871
12.6427
12.5982
12.5537
12.5091
12.4644
12.4196
12.3748
12.3299
12.285
12.24
12.195
12.15
12.1049
12.0598
12.0147
11.9696
11.9245
11.8793
11.8342
11.7891
11.744
11.699
11.654
11.609
11.564
11.5191
11.4742
11.4294
11.3846
11.3399
11.2952
11.2506
11.2061
11.1616
11.1172
11.0729
11.0287
10.9845
10.9404
10.8964
10.8525
10.8086
10.7648
10.7212
10.6776
10.6341
10.5907
10.5474
10.5041
10.461
10.418
10.3751
10.3322
10.2895
10.2469
10.2044
10.162
10.1198
10.0776
10.0356
9.99375
9.952
9.9104
9.86894
9.82764
9.78649
9.7455
9.70469
9.66405
9.6236
9.58334
9.54328
9.50343
9.46378
9.42436
9.38517
9.34622
9.30752
9.26906
9.23088
9.19296
9.15532
9.11798
9.08093
9.04419
9.00776
8.97166
8.93589
8.90047
8.8654
8.8307
8.79636
8.76241
8.72886
8.69571
8.66297
8.63066
8.59878
8.56736
8.53639
8.5059
8.47589
8.44638
8.41738
8.38891
8.36096
8.33357
8.30674
8.28048
8.25481
8.22975
8.20529
8.18147
8.15828
8.13574
8.11387
8.09267
8.07216
8.05235
8.03324
8.01484
7.99718
7.98025
7.96406
7.94862
7.93395
7.92004
7.90692
7.89458
7.88304
7.8723
7.86239
7.85332
7.8451
7.83775
7.83131
7.82579
7.82123
7.81768
7.81518
7.8138
7.81359
7.81464
7.81704
7.82092
7.82639
7.83361
7.84276
7.85406
7.86774
7.88409
7.90347
7.92625
7.95292
7.98402
8.02022
8.06228
8.11115
8.16794
8.234
8.31097
8.40085
8.5061
8.62979
8.77574
8.94881
9.15524
9.4031
9.7031
10.0696
10.5222
11.0879
11.8051
12.7134
12.9186
12.8759
12.8331
12.7904
12.7476
12.7049
12.6622
12.6194
12.5768
12.5341
12.4915
12.4489
12.4063
12.3638
12.3213
12.2789
12.2365
12.1942
12.152
12.1098
12.0677
12.0256
11.9836
11.9417
11.8999
11.8581
11.8164
11.7748
11.7333
11.6918
11.6504
11.6091
11.5679
11.5268
11.4857
11.4447
11.4038
11.363
11.3222
11.2816
11.241
11.2004
11.16
11.1196
11.0793
11.0391
10.999
10.959
10.919
10.8791
10.8393
10.7997
10.7601
10.7206
10.6812
10.6419
10.6027
10.5637
10.5248
10.486
10.4474
10.4089
10.3706
10.3324
10.2945
10.2567
10.2191
10.1817
10.1445
10.1075
10.0708
10.0343
9.99803
9.96204
9.92631
9.89086
9.8557
9.82083
9.78626
9.752
9.71806
9.68446
9.65119
9.61827
9.5857
9.5535
9.52167
9.49022
9.45916
9.4285
9.39824
9.3684
9.33899
9.31
9.28146
9.25337
9.22574
9.19858
9.1719
9.14571
9.12002
9.09484
9.07019
9.04607
9.02249
8.99948
8.97704
8.95519
8.93394
8.91331
8.89332
8.87397
8.85529
8.8373
8.82001
8.80345
8.78762
8.77256
8.75827
8.74479
8.73213
8.7203
8.70934
8.69926
8.69009
8.68185
8.67455
8.66823
8.66291
8.65861
8.65536
8.65319
8.65212
8.65219
8.65344
8.65589
8.6596
8.6646
8.67096
8.67873
8.68797
8.69877
8.71121
8.72539
8.74142
8.75945
8.77962
8.8021
8.82711
8.85486
8.88564
8.91974
8.95753
8.99943
9.04592
9.09754
9.15496
9.21893
9.29033
9.3702
9.45976
9.56043
9.67394
9.80229
9.9479
10.1137
10.3031
10.5204
10.7708
11.0605
11.3976
11.7917
12.2554
12.8046
13.46
14.2494
15.21
16.3935
17.8731
19.727
12.9682
12.9292
12.8903
12.8516
12.8131
12.7747
12.7365
12.6984
12.6605
12.6227
12.585
12.5476
12.5102
12.473
12.4359
12.3989
12.3621
12.3254
12.2888
12.2523
12.2159
12.1796
12.1434
12.1073
12.0713
12.0354
11.9995
11.9637
11.928
11.8923
11.8567
11.8211
11.7856
11.7502
11.7148
11.6794
11.6441
11.6088
11.5735
11.5383
11.5032
11.4681
11.433
11.398
11.3631
11.3282
11.2934
11.2587
11.2241
11.1896
11.1552
11.1209
11.0868
11.0528
11.019
10.9853
10.9519
10.9186
10.8856
10.8527
10.8202
10.7878
10.7558
10.724
10.6925
10.6613
10.6305
10.6
10.5698
10.54
10.5105
10.4814
10.4527
10.4244
10.3965
10.3691
10.342
10.3154
10.2892
10.2635
10.2383
10.2135
10.1892
10.1653
10.1419
10.1191
10.0967
10.0748
10.0535
10.0326
10.0123
9.99249
9.97322
9.95449
9.9363
9.91867
9.9016
9.8851
9.86918
9.85385
9.83913
9.82502
9.81154
9.7987
9.78653
9.77503
9.76423
9.75415
9.7448
9.73622
9.72843
9.72145
9.71532
9.71006
9.70571
9.70229
9.69985
9.69841
9.69803
9.69874
9.70058
9.70359
9.70783
9.71334
9.72017
9.72838
9.73803
9.74916
9.76186
9.77619
9.79221
9.81002
9.82969
9.85131
9.87499
9.90083
9.92896
9.95951
9.99263
10.0285
10.0673
10.1091
10.1544
10.2032
10.256
10.313
10.3747
10.4413
10.5135
10.5918
10.6768
10.7693
10.87
10.9799
11.1001
11.2319
11.3767
11.5362
11.7123
11.9073
12.1239
12.365
12.6344
12.9363
13.2757
13.6584
14.0916
14.5835
15.144
15.7852
16.5213
17.3699
18.3524
19.4955
20.8333
22.4096
24.2837
26.5379
29.2918
32.677
13.113
13.0822
13.0516
13.0213
12.9912
12.9614
12.9318
12.9024
12.8732
12.8441
12.8152
12.7864
12.7578
12.7292
12.7007
12.6724
12.644
12.6157
12.5875
12.5593
12.5311
12.5028
12.4746
12.4464
12.4182
12.3899
12.3616
12.3332
12.3048
12.2764
12.248
12.2195
12.1909
12.1624
12.1338
12.1053
12.0767
12.0482
12.0196
11.9912
11.9628
11.9344
11.9062
11.8781
11.8501
11.8222
11.7945
11.7671
11.7398
11.7128
11.686
11.6595
11.6333
11.6074
11.5819
11.5567
11.5319
11.5075
11.4836
11.4601
11.437
11.4145
11.3924
11.3709
11.3498
11.3294
11.3094
11.2901
11.2713
11.2532
11.2356
11.2187
11.2024
11.1867
11.1717
11.1573
11.1435
11.1304
11.118
11.1062
11.095
11.0845
11.0747
11.0655
11.057
11.0492
11.042
11.0354
11.0295
11.0243
11.0197
11.0158
11.0126
11.01
11.008
11.0068
11.0063
11.0064
11.0073
11.0089
11.0112
11.0143
11.0182
11.0229
11.0284
11.0349
11.0422
11.0505
11.0597
11.0701
11.0815
11.094
11.1077
11.1228
11.1391
11.1568
11.1761
11.1969
11.2193
11.2435
11.2695
11.2975
11.3275
11.3597
11.3943
11.4312
11.4707
11.513
11.5582
11.6064
11.6579
11.7129
11.7716
11.8342
11.901
11.9723
12.0484
12.1296
12.2164
12.309
12.4081
12.5141
12.6275
12.749
12.8793
13.0193
13.1697
13.3315
13.506
13.6943
13.8979
14.1183
14.3575
14.6175
14.9006
15.2095
15.5474
15.9177
16.3244
16.7722
17.2662
17.8125
18.4179
19.0904
19.8388
20.6736
21.6065
22.6508
23.8221
25.1379
26.6185
28.2876
30.1726
32.3068
34.7312
37.4982
40.6791
44.384
48.779
54.0898
13.4553
13.4378
13.4204
13.4031
13.3859
13.3687
13.3516
13.3344
13.3172
13.2999
13.2825
13.265
13.2474
13.2296
13.2117
13.1936
13.1753
13.1568
13.1381
13.1192
13.1002
13.0809
13.0615
13.0419
13.0221
13.0022
12.9821
12.9619
12.9417
12.9214
12.901
12.8806
12.8603
12.8399
12.8197
12.7995
12.7795
12.7596
12.74
12.7206
12.7014
12.6826
12.6641
12.6459
12.6282
12.611
12.5942
12.5779
12.5622
12.5471
12.5326
12.5187
12.5056
12.4931
12.4814
12.4705
12.4604
12.4511
12.4427
12.4351
12.4285
12.4228
12.418
12.4142
12.4114
12.4095
12.4086
12.4088
12.41
12.4121
12.4153
12.4195
12.4248
12.431
12.4383
12.4465
12.4558
12.466
12.4772
12.4894
12.5025
12.5166
12.5316
12.5475
12.5643
12.582
12.6007
12.6201
12.6405
12.6617
12.6838
12.7068
12.7306
12.7553
12.7809
12.8074
12.8349
12.8632
12.8926
12.9229
12.9544
12.9869
13.0205
13.0554
13.0915
13.129
13.1679
13.2083
13.2504
13.2941
13.3397
13.3873
13.437
13.4889
13.5433
13.6002
13.6599
13.7225
13.7883
13.8575
13.9303
14.007
14.0878
14.173
14.263
14.3581
14.4585
14.5648
14.6773
14.7963
14.9225
15.0563
15.1982
15.3489
15.5089
15.6789
15.8597
16.052
16.2568
16.4751
16.7078
16.9562
17.2214
17.505
17.8084
18.1334
18.4819
18.8559
19.2579
19.6904
20.1563
20.6588
21.2016
21.7886
22.4244
23.1139
23.8626
24.6767
25.5629
26.5288
27.5826
28.7332
29.9905
31.3652
32.8686
34.513
36.3114
38.2776
40.4261
42.7728
45.3349
48.1303
51.1793
54.5105
58.1565
62.1606
66.5928
71.6204
77.4385
84.4339
14.1368
14.1355
14.1338
14.1315
14.1289
14.1257
14.1221
14.1179
14.1133
14.1081
14.1024
14.0963
14.0897
14.0826
14.0751
14.0671
14.0588
14.0502
14.0412
14.0319
14.0224
14.0126
14.0028
13.9928
13.9827
13.9726
13.9626
13.9527
13.9429
13.9333
13.924
13.915
13.9063
13.8981
13.8904
13.8832
13.8766
13.8707
13.8656
13.8612
13.8576
13.855
13.8533
13.8526
13.8531
13.8546
13.8574
13.8614
13.8667
13.8734
13.8815
13.891
13.9021
13.9147
13.9288
13.9447
13.9621
13.9813
14.0021
14.0248
14.0491
14.0753
14.1032
14.133
14.1645
14.1979
14.233
14.27
14.3087
14.3492
14.3915
14.4354
14.4811
14.5285
14.5775
14.6281
14.6804
14.7342
14.7895
14.8464
14.9047
14.9644
15.0256
15.0882
15.1521
15.2174
15.284
15.3519
15.4212
15.4917
15.5636
15.6369
15.7115
15.7875
15.8649
15.9438
16.0242
16.1063
16.1901
16.2756
16.3631
16.4526
16.5442
16.6382
16.7346
16.8337
16.9357
17.0407
17.1491
17.2611
17.3769
17.497
17.6215
17.7509
17.8855
18.0258
18.1721
18.3249
18.4847
18.6521
18.8275
19.0116
19.2051
19.4084
19.6225
19.8479
20.0856
20.3364
20.6011
20.8808
21.1765
21.4893
21.8203
22.1708
22.5421
22.9357
23.3531
23.796
24.2662
24.7655
25.2961
25.8601
26.46
27.0985
27.7782
28.5024
29.2744
30.0977
30.9763
31.9144
32.9166
33.9877
35.133
36.3582
37.6691
39.072
40.5735
42.1803
43.8994
45.7378
47.7024
49.8001
52.0373
54.42
56.9535
59.6424
62.4903
65.5004
68.675
72.0208
75.5418
79.2408
83.1209
87.2324
91.5809
96.1914
101.125
106.534
112.687
120.304
15.319
15.3325
15.3449
15.3563
15.3667
15.3762
15.3848
15.3926
15.3997
15.406
15.4117
15.4168
15.4214
15.4255
15.4293
15.4329
15.4362
15.4395
15.4428
15.4461
15.4496
15.4534
15.4575
15.462
15.4671
15.4728
15.4793
15.4865
15.4947
15.504
15.5143
15.5259
15.5388
15.5532
15.5691
15.5867
15.6061
15.6273
15.6506
15.6759
15.7034
15.7332
15.7654
15.8001
15.8375
15.8775
15.9203
15.966
16.0147
16.0664
16.1213
16.1794
16.2407
16.3053
16.3733
16.4447
16.5196
16.598
16.6799
16.7653
16.8543
16.9467
17.0428
17.1423
17.2453
17.3518
17.4617
17.575
17.6917
17.8116
17.9348
18.0612
18.1906
18.3232
18.4587
18.5971
18.7383
18.8823
19.0291
19.1785
19.3305
19.4851
19.6421
19.8017
19.9637
20.1281
20.295
20.4643
20.6361
20.8104
20.9873
21.1668
21.349
21.5341
21.7221
21.9133
22.1078
22.3058
22.5076
22.7134
22.9235
23.1382
23.3579
23.5829
23.8137
24.0507
24.2944
24.5454
24.8041
25.0713
25.3476
25.6336
25.9301
26.2379
26.5579
26.8908
27.2377
27.5995
27.9773
28.3721
28.7852
29.2178
29.671
30.1463
30.6451
31.1688
31.719
32.2972
32.9052
33.5447
34.2176
34.9257
35.6712
36.456
37.2824
38.1526
39.0692
40.0345
41.0511
42.1219
43.2497
44.4374
45.6882
47.0051
48.3916
49.851
51.3868
53.0025
54.7017
56.4878
58.3643
60.3345
62.4015
64.568
66.8365
69.2089
71.6864
74.2695
76.9582
79.751
82.6458
85.6392
88.7268
91.9029
95.1609
98.4931
101.891
105.35
108.865
112.47
116.148
119.885
123.672
127.512
131.423
135.441
139.651
144.259
149.626
157.035
17.2141
17.2411
17.2669
17.2917
17.3156
17.3386
17.361
17.3829
17.4044
17.4256
17.4466
17.4677
17.489
17.5105
17.5326
17.5553
17.5788
17.6032
17.6288
17.6557
17.684
17.714
17.7458
17.7797
17.8157
17.8541
17.8951
17.9389
17.9857
18.0356
18.0889
18.1458
18.2065
18.2711
18.34
18.4134
18.4913
18.5741
18.662
18.7551
18.8537
18.958
19.0682
19.1844
19.3069
19.4358
19.5713
19.7135
19.8627
20.0189
20.1824
20.3531
20.5313
20.7169
20.9102
21.111
21.3195
21.5358
21.7597
21.9914
22.2307
22.4777
22.7323
22.9944
23.2639
23.5407
23.8248
24.1159
24.414
24.719
25.0305
25.3486
25.6731
26.0037
26.3404
26.683
27.0313
27.3851
27.7444
28.1091
28.479
28.854
29.2341
29.6192
30.0093
30.4045
30.8046
31.2099
31.6205
32.0363
32.4578
32.8849
33.3181
33.7576
34.2038
34.657
35.1178
35.5866
36.0639
36.5504
37.0467
37.5536
38.0718
38.6021
39.1455
39.703
40.2754
40.864
41.4698
42.0941
42.738
43.403
44.0905
44.8018
45.5385
46.3021
47.0943
47.9167
48.7711
49.6591
50.5826
51.5435
52.5436
53.5849
54.6692
55.7985
56.9749
58.2001
59.4763
60.8054
62.1893
63.63
65.1293
66.689
68.311
69.9969
71.7483
73.5668
75.4536
77.4101
79.4372
81.5358
83.7065
85.9496
88.2653
90.6531
93.1124
95.6421
98.2404
100.905
103.634
106.424
109.27
112.168
115.112
118.097
121.116
124.161
127.225
130.299
133.373
136.439
139.487
142.508
145.492
148.431
151.317
154.171
156.99
159.764
162.487
165.157
167.777
170.36
172.93
175.539
178.286
181.436
185.442
192.468
20.2445
20.2903
20.336
20.3816
20.4275
20.4738
20.5209
20.569
20.6183
20.6692
20.722
20.7769
20.8344
20.8946
20.9579
21.0247
21.0952
21.1699
21.249
21.333
21.4222
21.517
21.6178
21.7249
21.8388
21.9599
22.0886
22.2254
22.3707
22.525
22.6887
22.8622
23.0462
23.2409
23.447
23.665
23.8952
24.1382
24.3945
24.6646
24.9489
25.2478
25.562
25.8917
26.2374
26.5996
26.9785
27.3745
27.788
28.2192
28.6684
29.1358
29.6216
30.1258
30.6486
31.1901
31.7501
32.3287
32.9257
33.541
34.1744
34.8256
35.4943
36.1803
36.883
37.6021
38.3372
39.0877
39.8531
40.6329
41.4267
42.2337
43.0534
43.8854
44.729
45.5837
46.449
47.3244
48.2095
49.1037
50.0069
50.9185
51.8384
52.7664
53.7023
54.646
55.5975
56.557
57.5245
58.5003
59.4847
60.478
61.4809
62.4938
63.5175
64.5525
65.5999
66.6604
67.7352
68.8252
69.9316
71.0557
72.1987
73.3621
74.5472
75.7556
76.9888
78.2484
79.5361
80.8535
82.2023
83.5843
85.0011
86.4546
87.9463
89.478
91.0514
92.668
94.3295
96.0372
97.7925
99.5968
101.451
103.357
105.314
107.324
109.387
111.504
113.674
115.897
118.174
120.503
122.884
125.315
127.794
130.32
132.891
135.504
138.157
140.845
143.566
146.315
149.089
151.882
154.689
157.506
160.325
163.142
165.95
168.741
171.51
174.249
176.951
179.608
182.213
184.758
187.236
189.639
191.961
194.195
196.335
198.374
200.308
202.133
203.845
205.442
206.924
208.295
209.56
210.725
211.796
212.783
213.697
214.556
215.387
216.239
217.225
218.648
221.007
227.856
25.4502
25.5414
25.6365
25.7357
25.8396
25.9487
26.0636
26.1849
26.3132
26.4492
26.5936
26.747
26.9102
27.0838
27.2688
27.4657
27.6755
27.899
28.137
28.3904
28.6603
28.9475
29.253
29.5779
29.9233
30.2901
30.6796
31.0929
31.5312
31.9957
32.4877
33.0083
33.5589
34.1408
34.7553
35.4035
36.0869
36.8067
37.5641
38.3603
39.1966
40.0739
40.9934
41.9559
42.9625
44.0138
45.1106
46.2533
47.4424
48.6781
49.9606
51.2899
52.6656
54.0874
55.5548
57.0669
58.6229
60.2217
61.8619
63.5422
65.2609
67.0163
68.8065
70.6295
72.4831
74.3652
76.2735
78.2056
80.1593
82.132
84.1216
86.1257
88.1419
90.1682
92.2024
94.2425
96.2867
98.3332
100.381
102.427
104.472
106.514
108.552
110.585
112.614
114.637
116.655
118.668
120.676
122.679
124.679
126.675
128.668
130.661
132.654
134.648
136.644
138.645
140.651
142.665
144.687
146.721
148.766
150.826
152.902
154.995
157.107
159.239
161.394
163.572
165.775
168.004
170.26
172.544
174.855
177.196
179.566
181.965
184.393
186.85
189.335
191.846
194.383
196.945
199.529
202.132
204.754
207.391
210.039
212.696
215.358
218.021
220.68
223.331
225.969
228.589
231.185
233.753
236.285
238.777
241.222
243.614
245.946
248.213
250.407
252.524
254.556
256.497
258.342
260.084
261.718
263.24
264.643
265.924
267.079
268.104
268.996
269.752
270.372
270.854
271.197
271.403
271.471
271.406
271.209
270.884
270.436
269.872
269.2
268.427
267.564
266.619
265.605
264.536
263.432
262.33
261.297
260.594
260.664
267.295
36.2651
36.5264
36.8054
37.103
37.4206
37.76
38.1228
38.5107
38.9253
39.3685
39.8421
40.3481
40.8883
41.465
42.0801
42.736
43.435
44.1795
44.9719
45.815
46.7113
47.6637
48.6751
49.7484
50.8865
52.0928
53.3702
54.722
56.1514
57.6616
59.256
60.9375
62.7094
64.5747
66.5363
68.5969
70.7592
73.0253
75.3975
77.8774
80.4665
83.1657
85.9757
88.8967
91.9282
95.0695
98.3191
101.675
105.135
108.695
112.353
116.103
119.941
123.862
127.859
131.927
136.058
140.246
144.483
148.762
153.075
157.413
161.769
166.135
170.503
174.866
179.215
183.545
187.848
192.118
196.349
200.536
204.673
208.757
212.783
216.749
220.651
224.488
228.258
231.96
235.593
239.158
242.654
246.083
249.446
252.744
255.98
259.156
262.273
265.335
268.345
271.305
274.219
277.089
279.919
282.712
285.471
288.199
290.899
293.574
296.226
298.858
301.472
304.07
306.655
309.227
311.789
314.342
316.885
319.421
321.949
324.469
326.981
329.484
331.978
334.46
336.93
339.385
341.824
344.242
346.638
349.008
351.349
353.656
355.925
358.152
360.331
362.458
364.527
366.533
368.47
370.331
372.112
373.804
375.403
376.902
378.295
379.575
380.736
381.773
382.679
383.45
384.08
384.564
384.898
385.079
385.102
384.965
384.665
384.202
383.574
382.78
381.822
380.699
379.414
377.969
376.366
374.61
372.705
370.655
368.465
366.142
363.691
361.118
358.43
355.632
352.732
349.735
346.647
343.472
340.212
336.869
333.44
329.921
326.306
322.594
318.787
315.078
311.562
317.111
68.4743
69.4662
70.5357
71.6862
72.9236
74.2524
75.6769
77.2015
78.831
80.5702
82.4241
84.398
86.4975
88.7282
91.096
93.607
96.2674
99.0835
102.062
105.209
108.531
112.035
115.728
119.616
123.705
128
132.509
137.236
142.186
147.363
152.771
158.412
164.29
170.404
176.754
183.341
190.16
197.209
204.483
211.975
219.678
227.581
235.675
243.947
252.384
260.97
269.69
278.525
287.459
296.471
305.541
314.649
323.774
332.896
341.992
351.042
360.027
368.925
377.718
386.389
394.92
403.295
411.5
419.522
427.35
434.974
442.386
449.579
456.547
463.288
469.8
476.08
482.132
487.955
493.553
498.931
504.094
509.047
513.796
518.35
522.716
526.902
530.916
534.767
538.464
542.015
545.428
548.713
551.876
554.927
557.873
560.721
563.478
566.15
568.743
571.263
573.714
576.101
578.427
580.697
582.911
585.074
587.186
589.248
591.261
593.226
595.141
597.006
598.819
600.578
602.282
603.926
605.509
607.026
608.474
609.848
611.143
612.354
613.477
614.505
615.433
616.254
616.962
617.551
618.014
618.344
618.535
618.579
618.47
618.202
617.766
617.158
616.37
615.397
614.234
612.874
611.313
609.548
607.574
605.388
602.988
600.373
597.542
594.496
591.234
587.759
584.075
580.183
576.09
571.801
567.321
562.657
557.817
552.81
547.643
542.326
536.867
531.276
525.561
519.732
513.797
507.763
501.636
495.421
489.122
482.739
476.271
469.713
463.056
456.286
449.382
442.314
435.04
427.504
419.634
411.336
402.465
392.973
382.326
378.635
82.2649
80.9415
79.7159
78.5859
77.5491
76.6037
75.7482
74.9812
74.3017
73.7089
73.2021
72.781
72.4452
72.1946
72.0294
71.9497
71.9561
72.0491
72.2294
72.4978
72.8552
73.3028
73.8417
74.4732
75.1984
76.0188
76.9356
77.9503
79.064
80.2781
81.5937
83.0118
84.5331
86.1585
87.8881
89.7223
91.6608
93.7031
95.8482
98.0948
100.441
102.885
105.423
108.052
110.769
113.569
116.447
119.397
122.414
125.491
128.621
131.798
135.012
138.258
141.525
144.807
148.095
151.38
154.655
157.911
161.14
164.336
167.491
170.598
173.651
176.645
179.575
182.436
185.225
187.938
190.573
193.128
195.602
197.995
200.306
202.536
204.687
206.759
208.755
210.677
212.529
214.312
216.031
217.69
219.291
220.839
222.337
223.791
225.203
226.578
227.92
229.233
230.52
231.786
233.034
234.267
235.489
236.703
237.911
239.116
240.322
241.529
242.74
243.958
245.183
246.417
247.662
248.917
250.185
251.465
252.759
254.065
255.385
256.718
258.063
259.421
260.789
262.169
263.558
264.954
266.358
267.767
269.179
270.593
272.006
273.416
274.822
276.219
277.606
278.98
280.337
281.674
282.988
284.275
285.53
286.751
287.932
289.07
290.158
291.192
292.167
293.078
293.917
294.68
295.36
295.95
296.445
296.835
297.115
297.278
297.315
297.219
296.982
296.598
296.058
295.357
294.487
293.443
292.22
290.814
289.223
287.445
285.48
283.331
281.002
278.499
275.832
273.01
270.047
266.958
263.755
260.452
257.059
253.579
250.01
246.34
242.574
238.559
235.225
230.246
586.779
607.162
618.022
632.127
647.165
661.492
675.365
689.072
702.904
717.147
732.104
748.1
765.498
784.673
806.097
830.152
857.579
888.466
924.589
964.192
1013.89
1062.44
1140.19
1190.24
1381.43
303.151
309.452
314.748
320.543
326.302
331.59
336.424
340.89
345.085
349.11
353.073
357.085
361.271
365.755
370.685
376.19
382.462
389.584
397.897
407.233
418.566
430.622
446.987
462.349
490.773
240.676
244.356
248.166
252.113
255.926
259.398
262.508
265.29
267.799
270.095
272.242
274.308
276.365
278.487
280.752
283.23
286.01
289.139
292.739
296.782
301.546
306.75
313.15
320.034
328.228
216.633
219.12
222
224.982
227.858
230.488
232.839
234.923
236.771
238.424
239.927
241.325
242.667
243.999
245.367
246.812
248.375
250.079
251.967
254.034
256.354
258.891
261.67
264.987
266.875
205.922
207.709
209.928
212.276
214.569
216.696
218.616
220.326
221.846
223.201
224.422
225.54
226.585
227.584
228.558
229.524
230.49
231.456
232.419
233.371
234.298
235.244
235.961
237.069
235.799
201.7
203.015
204.736
206.615
208.492
210.271
211.908
213.392
214.731
215.94
217.038
218.042
218.966
219.818
220.597
221.297
221.898
222.376
222.693
222.833
222.728
222.46
221.65
221.055
217.705
201.342
202.299
203.618
205.12
206.667
208.178
209.607
210.937
212.169
213.306
214.357
215.325
216.208
216.995
217.663
218.181
218.504
218.583
218.352
217.783
216.775
215.432
213.3
211.226
206.251
203.611
204.262
205.234
206.407
207.67
208.95
210.207
211.418
212.576
213.675
214.712
215.677
216.549
217.298
217.877
218.232
218.292
217.983
217.215
215.952
214.069
211.69
208.315
204.87
198.499
207.83
208.188
208.838
209.703
210.698
211.764
212.859
213.96
215.053
216.123
217.152
218.115
218.976
219.679
220.155
220.325
220.094
219.365
218.026
216.037
213.259
209.841
205.247
200.5
192.873
213.569
213.626
213.953
214.513
215.241
216.087
217.016
218.001
219.021
220.051
221.059
222.004
222.829
223.455
223.787
223.724
223.146
221.935
219.966
217.196
213.482
209.005
203.199
197.211
188.438
220.517
220.245
220.237
220.479
220.926
221.539
222.286
223.137
224.064
225.032
225.991
226.883
227.632
228.131
228.258
227.893
226.894
225.126
222.452
218.837
214.137
208.587
201.575
194.422
184.599
228.414
227.781
227.412
227.316
227.461
227.819
228.361
229.052
229.858
230.732
231.604
232.397
233.016
233.323
233.17
232.417
230.911
228.499
225.039
220.515
214.786
208.139
199.956
191.719
180.959
237.028
235.996
235.24
234.78
234.6
234.677
234.987
235.488
236.14
236.88
237.617
238.253
238.676
238.712
238.189
236.942
234.801
231.623
227.275
221.768
214.98
207.249
197.986
188.77
177.249
246.142
244.675
243.503
242.654
242.123
241.894
241.944
242.222
242.68
243.241
243.786
244.188
244.299
243.934
242.901
241.019
238.113
234.058
228.742
222.209
214.37
205.611
195.396
185.353
173.289
255.542
253.609
251.996
250.736
249.833
249.271
249.035
249.052
249.253
249.539
249.778
249.817
249.481
248.569
246.878
244.222
240.435
235.413
229.08
221.518
212.683
203.004
192.004
181.327
168.968
265.012
262.591
260.516
258.828
257.533
256.602
256.004
255.668
255.506
255.401
255.202
254.733
253.798
252.186
249.69
246.132
241.366
235.324
227.97
219.432
209.712
199.27
187.698
176.614
164.225
274.31
271.388
268.837
266.677
264.917
263.532
262.478
261.679
261.03
260.395
259.606
258.468
256.773
254.308
250.875
246.316
240.518
233.454
225.138
215.739
205.306
194.316
182.422
171.182
159.016
283.128
279.647
276.551
273.843
271.534
269.594
267.972
266.58
265.3
263.978
262.434
260.463
257.855
254.407
249.942
244.334
237.515
229.504
220.361
210.291
199.382
188.107
176.173
165.043
153.336
290.888
286.796
283.089
279.756
276.804
274.199
271.88
269.751
267.679
265.502
263.03
260.062
256.396
251.851
246.283
239.609
231.809
222.947
213.129
202.583
191.426
180.11
168.391
157.605
146.568
296.675
291.907
287.503
283.442
279.726
276.315
273.14
270.097
267.047
263.827
260.25
256.127
251.28
245.564
238.879
231.19
222.528
213
202.745
192.006
180.912
169.878
158.701
148.556
138.452
299.14
293.609
288.404
283.496
278.883
274.523
270.343
266.24
262.08
257.708
252.956
247.662
241.684
234.92
227.317
218.888
209.704
199.901
189.634
179.138
168.537
158.189
147.915
138.715
129.774
296.496
290.117
284.01
278.152
272.536
267.127
261.86
256.642
251.357
245.872
240.049
233.761
226.907
219.427
211.31
202.602
193.397
183.838
174.075
164.311
154.65
145.378
136.332
128.332
120.725
286.641
279.369
272.312
265.467
258.833
252.391
246.095
239.879
233.653
227.316
220.765
213.906
206.673
199.035
191.003
182.636
174.028
165.304
156.59
148.042
139.73
131.866
124.298
117.676
111.5
267.688
259.589
251.663
243.938
236.434
229.159
222.099
215.222
208.475
201.788
195.088
188.304
181.384
174.305
167.077
159.744
152.376
145.065
137.893
130.966
124.318
118.093
112.156
107.002
102.281
238.869
230.207
221.706
213.43
205.424
197.73
190.373
183.361
176.677
170.284
164.128
158.145
152.278
146.486
140.75
135.08
129.502
124.059
118.791
113.752
108.95
104.471
100.209
96.5265
93.2142
201.488
192.778
184.247
175.979
168.041
160.503
153.426
146.856
140.813
135.293
130.259
125.651
121.395
117.416
113.65
110.052
106.594
103.267
100.068
97.0106
94.0845
91.3367
88.6943
86.4111
84.4098
159.27
151.216
143.358
135.778
128.55
121.759
115.494
109.825
104.804
100.461
96.7929
93.7558
91.2726
89.2407
87.5487
86.0922
84.7847
83.5625
82.3822
81.2226
80.0635
78.924
77.7669
76.7589
75.9345
117.711
110.989
104.429
98.1037
92.0877
86.4866
81.4014
76.8918
73.0215
69.8573
67.4352
65.7527
64.7634
64.3714
64.4439
64.8313
65.3909
66.0042
66.585
67.079
67.455
67.7102
67.8362
67.9319
68.1174
81.3416
76.3625
71.5174
66.8582
62.4382
58.3168
54.5592
51.2316
48.41
46.201
44.6562
43.8212
43.716
44.3014
45.4775
47.0922
48.9699
50.9428
52.8765
54.6755
56.287
57.6833
58.87
59.893
60.9226
52.936
49.6634
46.4823
43.4254
40.5263
37.8206
35.3464
33.1459
31.2686
29.7783
28.7482
28.2674
28.4287
29.2707
30.7838
32.8782
35.3971
38.1496
40.9555
43.6681
46.1963
48.4763
50.511
52.2963
54.0249
33.2962
31.3816
29.5134
27.7105
25.9926
24.3794
22.892
21.5534
20.3911
19.4419
18.7566
18.4072
18.4899
19.1098
20.3666
22.2789
24.7783
27.709
30.8757
34.0846
37.1951
40.0934
42.7621
45.1451
47.4359
21.1478
20.1306
19.1268
18.1465
17.2006
16.2999
15.4555
14.6796
13.9865
13.3955
12.935
12.649
12.6062
12.9054
13.6727
15.0242
17.0232
19.6178
22.6624
25.9527
29.3064
32.5542
35.6428
38.4593
41.1812
14.25
13.7359
13.2176
12.7004
12.1903
11.6936
11.2166
10.7663
10.3504
9.97887
9.666
9.43447
9.32227
9.39272
9.74512
10.5117
11.8288
13.7718
16.3158
19.3128
22.5801
25.9067
29.1986
32.2815
35.3055
10.493
10.2292
9.95397
9.6709
9.38396
9.09719
8.81472
8.5408
8.28
8.03769
7.82107
7.64102
7.5159
7.47841
7.58678
7.93704
8.66439
9.90997
11.7624
14.1922
17.0846
20.2284
23.5055
26.6813
29.8769
8.35807
8.21509
8.06114
7.89814
7.72844
7.55463
7.37942
7.20555
7.03585
6.87342
6.72201
6.58683
6.4762
6.40501
6.40149
6.51882
6.84956
7.52737
8.6978
10.4452
12.7646
15.5089
18.5755
21.6869
24.9377
7.13053
7.04796
6.95619
6.85608
6.74892
6.63654
6.52119
6.40493
6.28976
6.17771
6.07085
5.97178
5.88433
5.815
5.77625
5.79316
5.91561
6.2332
6.87935
7.99192
9.66767
11.8649
14.5434
17.4255
20.5915
6.45377
6.40039
6.34062
6.27468
6.20309
6.12664
6.04643
5.96386
5.88153
5.8012
5.72393
5.65125
5.58505
5.52833
5.48666
5.47118
5.50548
5.63837
5.96085
6.60281
7.70772
9.32821
11.511
14.0269
16.9617
6.10873
6.06913
6.02564
5.97835
5.92753
5.87357
5.81706
5.75877
5.69982
5.64157
5.58551
5.53302
5.48538
5.44436
5.41273
5.39543
5.40268
5.45726
5.60944
5.9529
6.62808
7.74402
9.41947
11.5004
14.1051
5.99459
5.96164
5.92673
5.88999
5.85165
5.81203
5.77154
5.7307
5.6902
5.65091
5.61394
5.58065
5.5525
5.53103
5.518
5.51574
5.52833
5.56462
5.64641
5.82568
6.20858
6.92934
8.15034
9.79952
12.0313
6.07051
6.04149
6.01232
5.98318
5.95436
5.9262
5.89913
5.87372
5.8507
5.83099
5.81571
5.80622
5.80399
5.81051
5.82719
5.85541
5.89668
5.95354
6.03231
6.15184
6.36542
6.78762
7.60267
8.85858
10.7124
6.34048
6.31471
6.29115
6.27002
6.25173
6.23676
6.22574
6.21953
6.21923
6.22614
6.24178
6.26777
6.30578
6.35737
6.4238
6.50591
6.604
6.71794
6.84761
6.99515
7.17212
7.42707
7.88574
8.73375
10.152
6.86211
6.8395
6.82301
6.81288
6.8098
6.8146
6.82838
6.85263
6.88923
6.94029
7.0081
7.09495
7.20295
7.33376
7.48836
7.66681
7.8681
8.09016
8.32985
8.58346
8.84616
9.12184
9.42501
9.90262
10.6934
7.78402
7.76357
7.75663
7.76364
7.78602
7.82539
7.88384
7.96406
8.06928
8.20298
8.36864
8.56944
8.80783
9.08511
9.40106
9.75365
10.139
10.5518
10.9849
11.431
11.8798
12.3245
12.7313
13.1458
13.397
9.44606
9.41746
9.42136
9.45776
9.52869
9.63666
9.78506
9.97837
10.2217
10.5202
10.8783
11.2992
11.7839
12.331
12.9354
13.5893
14.2817
14.9992
15.7272
16.4503
17.1512
17.8184
18.4079
18.9395
19.0931
12.6868
12.673
12.7042
12.8077
12.9874
13.2471
13.5919
14.0284
14.5625
15.1989
15.9393
16.7811
17.717
18.734
19.8136
20.9329
22.0652
23.1822
24.2547
25.2553
26.1588
26.9454
27.5739
28.0472
28.1542
19.7089
19.7828
19.9078
20.1889
20.6422
21.2669
22.063
23.0297
24.1617
25.4469
26.8653
28.3882
29.9789
31.5943
33.1875
34.7107
36.1184
37.3705
38.4351
39.2917
39.9289
40.3414
40.5197
40.4773
40.0948
32.6986
32.9454
33.406
34.0032
34.9005
36.0677
37.4714
39.073
40.8249
42.6714
44.5509
46.3995
48.155
49.761
51.17
52.3468
53.2686
53.927
54.3271
54.483
54.4113
54.1366
53.6696
53.0243
52.0788
54.165
54.5922
55.3309
56.3543
57.5603
59.0249
60.6538
62.3546
64.0375
65.6252
67.055
68.2776
69.2592
69.9814
70.4398
70.6423
70.6068
70.3577
69.9221
69.3263
68.5988
67.7703
66.8445
65.8235
64.5215
84.355
84.6421
85.2124
86.0763
87.0084
87.9264
88.808
89.5571
90.1058
90.4401
90.5578
90.4545
90.141
89.6392
88.9772
88.1846
87.2908
86.3231
85.3049
84.2603
83.214
82.1916
81.1805
80.1679
78.8611
119.662
119.203
118.845
118.657
118.478
118.007
117.314
116.393
115.27
114.01
112.64
111.198
109.722
108.248
106.806
105.42
104.108
102.884
101.76
100.754
99.8854
99.1799
98.6118
98.1621
97.3042
155.713
154.102
152.248
150.349
148.286
146.014
143.425
140.783
138.135
135.554
133.102
130.831
128.774
126.95
125.37
124.035
122.944
122.098
121.504
121.183
121.16
121.483
122.125
123.099
123.398
190.578
187.528
183.719
179.678
175.452
171.251
167.1
163.16
159.566
156.393
153.684
151.453
149.694
148.389
147.516
147.056
146.996
147.338
148.103
149.337
151.1
153.507
156.544
160.375
163.018
225.313
220.199
213.798
207.419
201.237
195.492
190.421
186.12
182.692
180.12
178.359
177.349
177.026
177.333
178.225
179.678
181.69
184.292
187.552
191.584
196.532
202.655
209.972
219.088
226.068
263.423
254.871
245.36
236.597
229.081
223.038
218.582
215.699
214.227
213.991
214.829
216.604
219.204
222.553
226.609
231.374
236.893
243.273
250.68
259.367
269.628
282.004
296.568
314.949
329.611
311.059
297.359
284.183
274.283
267.819
264.423
263.693
265.199
268.448
273.124
278.973
285.805
293.493
301.977
311.258
321.414
332.595
345.051
359.132
375.33
394.211
416.787
443.317
477.248
505.692
375.488
357.369
343.357
337.803
338.794
344.538
353.465
364.435
377.013
390.817
405.561
421.067
437.257
454.159
471.905
490.743
511.055
533.351
558.3
586.788
619.892
659.22
706.168
765.47
821.684
294.266
289.384
280.732
273.198
268.171
266.07
266.671
269.829
274.531
280.431
287.401
295.409
304.486
314.706
326.185
339.124
353.993
370.703
389.482
410.669
434.766
462.26
494.386
531.504
581.553
)
;

boundaryField
{
    inlet
    {
        type            fixedValue;
        value           uniform 14.855;
    }
    outlet
    {
        type            zeroGradient;
    }
    upperWall
    {
        type            zeroGradient;
    }
    lowerWall
    {
        type            zeroGradient;
    }
    frontAndBack
    {
        type            empty;
    }
}


// ************************************************************************* //
