/*--------------------------------*- C++ -*----------------------------------*\
| =========                 |                                                 |
| \\      /  F ield         | OpenFOAM: The Open Source CFD Toolbox           |
|  \\    /   O peration     | Version:  1.4.2                                 |
|   \\  /    A nd           | Web:      http://www.openfoam.org               |
|    \\/     M anipulation  |                                                 |
\*---------------------------------------------------------------------------*/
FoamFile
{
    version     2.0;
    format      ascii;
    class       volScalarField;
    object      epsilon;
    location    "250";
}
// * * * * * * * * * * * * * * * * * * * * * * * * * * * * * * * * * * * * * //

dimensions      [0 2 -3 0 0 0 0];

internalField   nonuniform List<scalar> 
12225
(
443.025
353.45
290.58
245.334
212.171
187.569
169.211
155.53
145.434
138.15
133.114
129.908
128.216
127.79
128.434
129.985
132.311
135.562
60.1677
73.6181
79.5763
83.7114
87.7404
92.3924
98.0228
104.815
112.868
122.237
132.944
144.984
158.327
172.914
188.658
205.436
223.04
241.577
26.2976
33.7103
37.8442
40.6853
42.9362
44.9658
46.9869
49.1286
51.4719
54.0694
56.9557
60.1523
63.6702
67.5103
71.6621
76.0989
80.7598
85.5241
18.7368
22.7267
25.4826
27.3738
28.8145
30.011
31.0738
32.077
33.0708
34.0884
35.1524
36.2777
37.4736
38.7447
40.0912
41.5091
42.9878
44.4926
16.1694
18.167
19.9374
21.2959
22.3461
23.1828
23.8819
24.4989
25.0673
25.6084
26.1373
26.6648
27.1987
27.7437
28.3028
28.8772
29.4667
30.0548
15.2357
16.0887
17.0528
17.9435
18.6961
19.3171
19.834
20.2725
20.6546
20.9977
21.3151
21.616
21.9066
22.1911
22.4724
22.753
23.0344
23.3073
14.8944
15.1711
15.589
16.0569
16.5131
16.9305
17.2998
17.6197
17.8968
18.1396
18.3552
18.5497
18.7282
18.8947
19.0525
19.2044
19.3524
19.4918
14.7876
14.8384
14.9928
15.2119
15.4582
15.7075
15.9456
16.1648
16.363
16.5404
16.6987
16.8401
16.9674
17.0832
17.1893
17.2869
17.3769
17.4582
14.7441
14.6885
14.7006
14.7673
14.8698
14.992
15.1221
15.2517
15.376
15.4925
15.6
15.6983
15.7881
15.8699
15.9444
16.0115
16.0708
16.1205
14.7239
14.6132
14.5423
14.509
14.5066
14.5273
14.5637
14.6096
14.6605
14.7132
14.7654
14.8158
14.8638
14.9089
14.951
14.9899
15.025
15.053
14.715
14.5788
14.4652
14.3749
14.3067
14.2576
14.2242
14.2033
14.1918
14.1871
14.1873
14.1908
14.1964
14.2034
14.2112
14.2194
14.2273
14.2333
14.7111
14.5641
14.4313
14.3131
14.2094
14.1196
14.0423
13.9762
13.9198
13.8715
13.83
13.7943
13.7632
13.736
13.7121
13.6909
13.672
13.6547
14.7091
14.5577
14.4172
14.2872
14.1674
14.0575
13.9572
13.8657
13.7823
13.7064
13.6372
13.5741
13.5163
13.4634
13.4147
13.37
13.3288
13.2912
14.7079
14.5546
14.411
14.2765
14.1504
14.0323
13.9219
13.8186
13.7221
13.632
13.5478
13.4691
13.3956
13.3268
13.2624
13.2021
13.1459
13.0941
14.707
14.5526
14.4077
14.2715
14.1431
14.0221
13.908
13.8003
13.6987
13.6027
13.512
13.4264
13.3454
13.269
13.1967
13.1285
13.0642
13.0047
14.7062
14.5511
14.4055
14.2685
14.1393
14.0174
13.9021
13.793
13.6897
13.5919
13.4991
13.4111
13.3276
13.2484
13.1733
13.1021
13.0347
12.9721
14.7057
14.55
14.404
14.2666
14.1371
14.0149
13.8993
13.7899
13.6863
13.588
13.4948
13.4064
13.3225
13.2427
13.167
13.0952
13.0272
12.9638
14.7054
14.5496
14.4035
14.266
14.1365
14.0143
13.8988
13.7895
13.686
13.588
13.495
13.4069
13.3232
13.2438
13.1685
13.097
13.0294
12.9664
14.7055
14.5499
14.404
14.2668
14.1376
14.0158
13.9008
13.7921
13.6894
13.5922
13.5002
13.4132
13.3307
13.2526
13.1787
13.1086
13.0424
12.9809
14.7059
14.5508
14.4056
14.2694
14.1413
14.021
13.9079
13.8015
13.7013
13.6071
13.5185
13.435
13.3564
13.2823
13.2124
13.1466
13.0847
13.0274
14.7067
14.553
14.4099
14.2767
14.1529
14.038
13.9315
13.8328
13.7414
13.6566
13.578
13.5049
13.4369
13.3735
13.3142
13.2588
13.2071
13.1596
14.7085
14.5591
14.4234
14.3013
14.1922
14.0954
14.0096
13.9335
13.8658
13.8053
13.7509
13.7017
13.6568
13.6157
13.5776
13.5423
13.5094
13.4793
14.7142
14.5804
14.4713
14.386
14.3217
14.2746
14.241
14.2172
14.2006
14.1887
14.1798
14.1727
14.1665
14.1605
14.1544
14.148
14.1412
14.1344
14.7358
14.6588
14.6348
14.6528
14.6991
14.7617
14.8315
14.9022
14.9697
15.0317
15.087
15.1353
15.1768
15.2118
15.241
15.2651
15.2847
15.3006
14.8205
14.9293
15.1365
15.3919
15.6559
15.9065
16.1328
16.3305
16.4995
16.6421
16.7616
16.8612
16.9441
17.013
17.0703
17.118
17.1578
17.1912
15.141
15.7838
16.5135
17.2014
17.7902
18.2756
18.6693
18.9861
19.2406
19.4455
19.6113
19.7465
19.8577
19.9503
20.0282
20.0948
20.1525
20.2031
16.3183
18.2963
19.9579
21.2306
22.1782
22.8812
23.4057
23.8024
24.1079
24.3478
24.5406
24.6996
24.8346
24.9529
25.0598
25.1592
25.254
25.3458
20.7533
25.6337
28.6901
30.5984
31.839
32.6609
33.2178
33.6117
33.9078
34.1482
34.3602
34.5618
34.7644
34.9753
35.1989
35.4373
35.6914
35.96
43.9594
54.4825
58.7049
60.4144
60.9657
60.9765
60.8279
60.7331
60.7591
60.9351
61.2702
61.7625
62.4047
63.1866
64.0964
65.1218
66.248
67.4672
332.627
280.254
240.734
210.197
186.161
166.953
151.403
138.675
128.157
119.395
112.046
105.846
100.589
96.1142
92.293
89.0218
86.2174
83.8103
2.60695
3.3776
5.38155
9.38186
14.8706
22.0152
31.1559
40.6987
51.1311
62.5274
74.8888
88.2094
102.486
117.718
133.909
151.066
169.197
188.314
208.431
229.564
251.733
274.96
299.267
324.681
351.23
378.945
407.858
438.004
469.419
502.141
536.21
571.665
608.549
646.904
686.772
728.195
771.217
815.876
862.211
910.258
960.049
1011.61
1064.96
1120.12
1177.1
1235.87
1296.44
1358.76
1422.79
1488.48
1555.74
1624.5
1694.66
1766.14
1838.87
1912.83
1988.1
2064.88
2141.56
2216.77
2289.87
2360.18
2426.98
2489.58
2547.25
2599.31
2645.14
2684.15
2715.84
2739.82
2755.8
2763.58
2763.11
2754.44
2737.73
2713.26
2681.39
2642.55
2597.25
2546.05
2489.54
2428.34
2363.07
2294.36
2222.8
2149
2073.5
1996.85
1919.56
1842.16
1765.13
1688.98
1615.14
1544.38
1480.14
1424.38
1371.61
1320.42
1270.43
1221.59
1173.91
1127.46
1082.28
1038.42
995.918
954.809
915.112
876.839
839.994
804.573
770.567
737.96
706.732
676.856
648.303
621.042
595.037
570.249
546.641
524.171
502.798
482.48
463.175
444.841
427.437
410.923
395.257
380.4
366.316
352.965
340.314
328.327
316.97
306.212
296.022
286.371
277.23
268.573
260.374
252.61
245.256
238.291
231.694
225.446
219.527
213.92
208.608
203.574
198.805
194.284
189.998
185.935
182.087
178.44
174.98
171.696
168.577
165.615
162.799
160.121
157.573
155.148
152.838
150.635
148.533
146.525
144.604
142.763
140.996
139.293
137.647
136.045
134.475
132.919
131.348
129.722
127.971
125.951
123.462
119.196
12.095
12.2987
15.6883
20.6399
27.0238
34.5865
43.0057
51.9396
61.3134
71.0826
81.2161
91.6944
102.507
113.65
125.123
136.933
149.085
161.588
174.453
187.692
201.315
215.335
229.764
244.613
259.896
275.623
291.804
308.451
325.573
343.179
361.277
379.873
398.974
418.584
438.706
459.341
480.491
502.152
524.321
546.992
570.156
593.805
617.925
642.502
667.52
692.964
718.814
745.054
771.669
798.644
825.972
853.648
881.677
910.072
938.855
968.06
997.734
1027.94
1058.38
1088.33
1117.46
1145.47
1172.07
1196.98
1219.9
1240.58
1258.76
1274.22
1286.78
1296.3
1302.65
1305.79
1305.67
1302.31
1295.77
1286.13
1273.52
1258.08
1239.99
1219.44
1196.64
1171.82
1145.2
1117.01
1087.47
1056.82
1025.25
992.989
960.212
927.091
893.753
860.199
826.546
793.39
761.836
732.107
703.609
676.055
649.317
623.346
598.128
573.663
549.958
527.018
504.847
483.449
462.824
442.969
423.878
405.545
387.957
371.104
354.971
339.542
324.799
310.724
297.296
284.497
272.303
260.695
249.65
239.146
229.162
219.676
210.666
202.113
193.994
186.291
178.983
172.053
165.481
159.25
153.343
147.744
142.437
137.407
132.64
128.123
123.842
119.785
115.94
112.296
108.842
105.569
102.466
99.5248
96.7361
94.0919
91.5844
89.2061
86.9499
84.8094
82.7807
80.8583
79.0342
77.3019
75.655
74.0888
72.5986
71.18
69.8288
68.541
67.3129
66.1409
65.0216
63.9518
62.9288
61.9496
61.0118
60.113
59.2515
58.4258
57.6356
56.8821
56.1694
55.5093
54.9304
54.5081
54.4655
55.5198
26.2742
20.8361
24.1481
29.6089
36.3615
44.0565
52.4136
61.223
70.3733
79.8039
89.4821
99.391
109.524
119.882
130.467
141.287
152.347
163.655
175.219
187.044
199.137
211.503
224.146
237.069
250.275
263.765
277.539
291.597
305.939
320.56
335.46
350.634
366.077
381.785
397.753
413.972
430.438
447.143
464.079
481.239
498.616
516.204
533.995
551.986
570.174
588.557
607.137
625.919
644.912
664.127
683.581
703.292
723.281
743.569
764.171
785.093
806.326
827.853
849.415
870.73
891.577
911.735
930.979
949.077
965.798
980.925
994.254
1005.61
1014.83
1021.79
1026.4
1028.59
1028.34
1025.66
1020.56
1013.1
1003.38
991.51
977.611
961.832
944.329
925.267
904.814
883.142
860.418
836.808
812.469
787.546
762.161
736.423
710.422
684.142
658.296
633.105
608.793
585.377
562.739
540.781
519.447
498.715
478.579
459.039
440.102
421.772
404.053
386.948
370.456
354.575
339.3
324.626
310.544
297.044
284.114
271.743
259.916
248.619
237.836
227.55
217.746
208.407
199.515
191.053
183.005
175.352
168.08
161.17
154.607
148.376
142.46
136.845
131.517
126.461
121.665
117.115
112.799
108.705
104.822
101.139
97.6463
94.3332
91.1906
88.2097
85.3818
82.699
80.1535
77.7381
75.4458
73.27
71.2044
69.243
67.3803
65.6109
63.9302
62.3334
60.8159
59.3728
58.0004
56.694
55.4495
54.263
53.1312
52.0508
51.0188
50.0323
49.0885
48.1849
47.3192
46.4893
45.6931
44.929
44.1959
43.4929
42.8204
42.1801
41.5768
41.0213
40.5371
40.1769
40.069
40.4887
38.2755
27.9012
30.871
36.4934
43.3565
51.0257
59.2602
67.9026
76.8594
86.0775
95.5285
105.199
115.083
125.181
135.495
146.03
156.787
167.771
178.982
190.422
202.089
213.981
226.096
238.428
250.973
263.723
276.67
289.808
303.127
316.618
330.272
344.078
358.028
372.111
386.318
400.641
415.071
429.601
444.226
458.941
473.743
488.632
503.61
518.682
533.856
549.145
564.564
580.133
595.875
611.82
627.996
644.438
661.177
678.243
695.656
713.426
731.545
749.993
768.576
787.121
805.444
823.347
840.611
857.006
872.302
886.272
898.705
909.41
918.22
924.998
929.637
932.062
932.233
930.14
925.803
919.265
910.603
899.922
887.348
873.022
857.095
839.725
821.076
801.309
780.582
759.053
736.865
714.16
691.021
667.582
643.97
620.601
597.628
575.155
553.278
532.028
511.388
491.334
471.848
452.924
434.559
416.756
399.518
382.846
366.743
351.208
336.239
321.831
307.98
294.676
281.913
269.68
257.964
246.755
236.039
225.801
216.028
206.705
197.816
189.346
181.279
173.6
166.293
159.344
152.736
146.455
140.487
134.817
129.432
124.318
119.463
114.853
110.477
106.323
102.381
98.6394
95.0882
91.7178
88.5188
85.4825
82.6005
79.8646
77.2673
74.8013
72.4597
70.2359
68.1236
66.1169
64.2102
62.398
60.6753
59.0371
57.4792
55.997
54.5865
53.2436
51.9645
50.7454
49.5829
48.4737
47.4144
46.402
45.4339
44.5072
43.6196
42.7687
41.9523
41.1687
40.4159
39.6927
38.9977
38.3305
37.6913
37.0817
36.5054
35.9709
35.4949
35.111
34.8892
34.9339
48.6358
33.552
35.9123
41.4336
48.2346
55.7782
63.8292
72.2579
80.9917
89.991
99.2353
108.715
118.426
128.369
138.544
148.951
159.59
170.461
181.559
192.879
204.416
216.161
228.105
240.238
252.546
265.019
277.642
290.402
303.284
316.275
329.36
342.525
355.757
369.045
382.376
395.741
409.132
422.543
435.97
449.411
462.868
476.346
489.855
503.406
517.017
530.71
544.512
558.454
572.574
586.912
601.512
616.422
631.687
647.35
663.448
680.004
697.023
714.481
732.249
750.185
768.116
785.839
803.124
819.719
835.369
849.818
862.824
874.168
883.655
891.122
896.443
899.524
900.308
898.783
894.962
888.867
880.573
870.193
857.868
843.752
828.01
810.813
792.34
772.758
752.237
730.95
709.038
686.702
663.931
641.196
618.573
596.203
574.192
552.62
531.554
511.028
491.057
471.644
452.789
434.493
416.759
399.588
382.982
366.941
351.463
336.545
322.183
308.37
295.1
282.363
270.149
258.447
247.244
236.529
226.287
216.504
207.166
198.258
189.765
181.671
173.963
166.623
159.638
152.993
146.674
140.665
134.953
129.526
124.368
119.469
114.815
110.395
106.197
102.21
98.4243
94.8293
91.4155
88.1735
85.0948
82.1707
79.3935
76.7554
74.2493
71.8682
69.6056
67.4552
65.4111
63.4677
61.6195
59.8615
58.1889
56.5969
55.0814
53.638
52.263
50.9524
49.7026
48.5103
47.372
46.2846
45.2452
44.2508
43.2988
42.3867
41.5122
40.6729
39.8669
39.0923
38.3476
37.6313
36.9423
36.2801
35.645
35.0381
34.4627
33.9252
33.4381
33.0237
32.7223
32.578
56.9041
37.8216
39.4134
44.6158
51.1902
58.4995
66.2929
74.4515
82.9164
91.6585
100.665
109.929
119.451
129.229
139.263
149.552
160.092
170.879
181.907
193.165
204.645
216.333
228.215
240.277
252.502
264.872
277.37
289.977
302.676
315.448
328.276
341.142
354.031
366.929
379.823
392.702
405.557
418.383
431.178
443.942
456.679
469.398
482.113
494.842
507.61
520.447
533.388
546.475
559.758
573.289
587.129
601.34
615.986
631.128
646.821
663.107
680.01
697.516
715.536
733.944
752.563
771.173
789.514
807.298
824.228
840.004
854.344
866.986
877.703
886.303
892.635
896.592
898.082
897.108
893.714
887.851
879.592
869.073
856.46
841.937
825.692
807.918
788.823
768.591
747.398
725.479
702.91
680.185
657.359
634.601
612.037
589.761
567.855
546.387
525.41
504.96
485.059
465.721
446.953
428.762
411.15
394.118
377.666
361.791
346.49
331.758
317.587
303.97
290.897
278.357
266.338
254.829
243.816
233.286
223.223
213.614
204.443
195.695
187.355
179.407
171.837
164.629
157.768
151.24
145.03
139.125
133.51
128.173
123.099
118.278
113.697
109.344
105.208
101.278
97.5448
93.9979
90.6279
87.4259
84.3834
81.4922
78.7444
76.1327
73.65
71.2895
69.045
66.9103
64.8796
62.9474
61.1085
59.3579
57.6909
56.1029
54.5897
53.1473
51.7718
50.4594
49.2067
48.0103
46.867
45.7737
44.7276
43.7258
42.7658
41.8451
40.9614
40.1126
39.2967
38.512
37.7568
37.0298
36.33
35.6569
35.0106
34.3921
33.8042
33.2521
32.7449
32.2982
31.9363
31.6794
62.7998
40.7723
41.5521
46.2722
52.4683
59.4276
66.8779
74.7001
82.8402
91.2747
99.9943
108.996
118.279
127.844
137.69
147.815
158.213
168.879
179.803
190.975
202.38
214.005
225.832
237.842
250.016
262.333
274.773
287.313
299.933
312.611
325.326
338.06
350.794
363.512
376.199
388.843
401.436
413.97
426.444
438.859
451.22
463.538
475.83
488.117
500.43
512.803
525.281
537.914
550.764
563.899
577.392
591.327
605.788
620.861
636.625
653.146
670.469
688.604
707.496
727.023
746.996
767.164
787.221
806.827
825.627
843.264
859.403
873.74
886.01
895.994
903.517
908.506
910.724
910.127
906.755
900.682
892.034
880.978
867.713
852.456
835.413
816.776
796.811
775.708
753.573
730.897
707.792
684.491
661.144
637.909
614.964
592.353
570.145
548.406
527.179
506.498
486.386
466.861
447.931
429.602
411.877
394.754
378.232
362.306
346.97
332.217
318.037
304.42
291.355
278.83
266.832
255.346
244.36
233.858
223.824
214.244
205.102
196.383
188.07
180.147
172.601
165.414
158.573
152.063
145.868
139.976
134.371
129.042
123.975
119.158
114.579
110.226
106.089
102.156
98.4176
94.8641
91.4861
88.2748
85.2216
82.3185
79.5578
76.9322
74.4345
72.0583
69.7972
67.6452
65.5964
63.6456
61.7875
60.0172
58.3299
56.7214
55.1872
53.7234
52.3262
50.9918
49.7169
48.4981
47.3322
46.2163
45.1474
44.1228
43.14
42.1967
41.2904
40.4192
39.581
38.7742
37.9972
37.2487
36.5277
35.8337
35.1668
34.5279
33.9192
33.3449
32.812
32.3314
31.9179
31.5815
66.3042
42.4951
42.5079
46.641
52.3351
58.8373
65.8589
73.275
81.0302
89.1007
97.4774
106.158
115.141
124.429
134.019
143.909
154.094
164.568
175.32
186.338
197.608
209.113
220.834
232.75
244.841
257.084
269.454
281.928
294.483
307.094
319.738
332.395
345.044
357.666
370.245
382.767
395.221
407.601
419.902
432.126
444.278
456.369
468.416
480.443
492.483
504.574
516.768
529.123
541.712
554.615
567.929
581.756
596.21
611.407
627.46
644.47
662.511
681.627
701.798
722.903
744.726
766.965
789.249
811.164
832.275
852.16
870.42
886.711
900.729
912.239
920.857
926.417
928.842
928.155
924.445
917.853
908.555
896.747
882.649
866.539
848.637
829.05
808.239
786.434
763.803
740.609
717.038
693.273
669.469
645.769
622.306
599.18
576.504
554.348
532.741
511.717
491.295
471.491
452.312
433.761
415.839
398.543
381.868
365.807
350.352
335.494
321.221
307.522
294.383
281.792
269.734
258.194
247.158
236.609
226.532
216.911
207.729
198.971
190.621
182.662
175.079
167.857
160.98
154.434
148.203
142.274
136.634
131.268
126.164
121.31
116.693
112.303
108.128
104.157
100.381
96.7889
93.3727
90.1231
87.0317
84.0904
81.2915
78.6278
76.0922
73.6782
71.3794
69.1899
67.1039
65.116
63.2211
61.4142
59.6906
58.046
56.4761
54.9768
53.5443
52.1751
50.8656
49.6125
48.4126
47.2631
46.1609
45.1035
44.0883
43.1129
42.1751
41.2728
40.4041
39.5672
38.7608
37.9835
37.2343
36.5127
35.8188
35.1533
34.5181
33.9165
33.3537
32.8374
32.3765
31.9767
67.5843
43.1146
42.4624
45.9597
51.0653
57.0258
63.5451
70.4913
77.8029
85.4518
93.426
101.721
110.337
119.273
128.529
138.103
147.99
158.183
168.672
179.447
190.491
201.787
213.317
225.058
236.989
249.085
261.321
273.672
286.111
298.613
311.154
323.708
336.255
348.772
361.243
373.65
385.981
398.228
410.384
422.449
434.426
446.327
458.167
469.971
481.77
493.608
505.538
517.627
529.956
542.624
555.745
569.45
583.89
599.222
615.609
633.205
652.131
672.483
694.273
717.369
741.506
766.302
791.288
815.943
839.738
862.17
882.757
901.165
916.795
929.273
938.376
944.022
946.228
945.084
940.735
933.395
923.296
910.646
895.64
878.73
860.14
840.078
818.834
796.642
773.705
750.229
726.394
702.366
678.292
654.306
630.528
607.064
584.01
561.452
539.474
518.123
497.414
477.354
457.948
439.196
421.095
403.638
386.818
370.626
355.052
340.083
325.709
311.915
298.688
286.014
273.877
262.262
251.153
240.535
230.39
220.702
211.456
202.634
194.221
186.2
178.556
171.273
164.335
157.729
151.438
145.45
139.75
134.325
129.163
124.251
119.576
115.128
110.896
106.869
103.036
99.3893
95.9181
92.614
89.4687
86.4741
83.6225
80.9067
78.3196
75.8548
73.5058
71.2667
69.1317
67.0955
65.1529
63.299
61.529
59.8386
58.2236
56.6798
55.2035
53.791
52.4389
51.1437
49.9025
48.7121
47.5697
46.4727
45.4185
44.4048
43.4293
42.4901
41.5851
40.7129
39.8718
39.0606
38.2784
37.5246
36.7992
36.1029
35.4371
34.8044
34.2087
33.6552
33.1492
32.6945
66.8941
42.7843
41.606
44.4705
48.9454
54.312
60.2774
66.703
73.5194
80.6919
88.204
96.0493
104.226
112.734
121.572
130.74
140.234
150.047
160.172
170.596
181.306
192.285
203.514
214.971
226.635
238.479
250.479
262.606
274.835
287.137
299.486
311.856
324.221
336.56
348.85
361.074
373.218
385.268
397.218
409.065
420.81
432.461
444.034
455.549
467.041
478.55
490.134
501.865
513.833
526.152
538.958
552.419
566.726
582.099
598.773
616.987
636.937
658.802
682.608
708.185
735.181
763.074
791.25
819.052
845.816
871.012
893.858
913.774
930.324
943.148
952.157
957.389
958.961
957.017
951.754
943.502
932.554
919.181
903.651
886.279
867.325
847.027
825.623
803.329
780.341
756.844
733.005
708.976
684.895
660.888
637.067
613.532
590.376
567.68
545.517
523.955
503.072
482.865
463.336
444.48
426.288
408.751
391.859
375.601
359.964
344.936
330.504
316.654
303.371
290.641
278.448
266.777
255.611
244.935
234.732
224.985
215.679
206.797
198.322
190.239
182.532
175.185
168.184
161.513
155.158
149.105
143.34
137.85
132.622
127.645
122.906
118.393
114.097
110.006
106.11
102.4
98.8667
95.501
92.2946
89.2396
86.3284
83.5536
80.9083
78.3859
75.9802
73.6851
71.4949
69.4043
67.4081
65.5013
63.6793
61.9376
60.272
58.6785
57.1532
55.6925
54.2929
52.9511
51.6638
50.4281
49.2412
48.1003
47.0031
45.947
44.93
43.95
43.0052
42.0938
41.2146
40.3662
39.5478
38.7587
37.9989
37.2688
36.5696
35.9033
35.2727
34.6811
34.1315
33.627
64.4589
41.6735
40.1413
42.4287
46.2812
51.042
56.4294
62.3012
68.5809
75.228
82.2218
89.5535
97.2201
105.221
113.557
122.227
131.228
140.557
150.206
160.166
170.423
180.963
191.767
202.816
214.085
225.552
237.189
248.968
260.862
272.842
284.878
296.942
309.008
321.051
333.046
344.974
356.816
368.558
380.192
391.71
403.113
414.406
425.603
436.724
447.8
458.875
470.006
481.269
492.766
504.624
517.005
530.115
544.201
559.559
576.53
595.483
616.732
640.571
666.987
695.724
726.283
757.876
789.702
820.963
850.726
878.084
902.322
922.945
939.677
952.109
960.366
964.631
965.137
962.138
955.927
946.826
935.148
921.195
905.251
887.594
868.478
848.138
826.788
804.627
781.836
758.582
735.015
711.274
687.484
663.759
640.203
616.908
593.959
571.43
549.393
527.91
507.045
486.862
467.372
448.564
430.423
412.937
396.092
379.875
364.275
349.276
334.867
321.033
307.76
295.034
282.839
271.159
259.979
249.284
239.057
229.282
219.943
211.023
202.508
194.382
186.628
179.233
172.18
165.455
159.045
152.935
147.112
141.563
136.275
131.237
126.436
121.861
117.503
113.349
109.391
105.618
102.023
98.595
95.3271
92.2108
89.2388
86.4037
83.6987
81.1172
78.6529
76.3
74.0527
71.9056
69.8536
67.8918
66.0156
64.2204
62.5021
60.8566
59.2802
57.769
56.3197
54.9289
53.5935
52.3103
51.0766
49.8897
48.7472
47.6467
46.586
45.5632
44.5764
43.6241
42.7048
41.8174
40.9609
40.1348
39.3387
38.5731
37.8389
37.1374
36.4707
35.8408
35.2489
34.6984
60.3979
39.9674
38.2906
40.1086
43.4
47.5831
52.3956
57.6979
63.4114
69.4925
75.9182
82.678
89.7679
97.1879
104.939
113.021
121.434
130.175
139.239
148.618
158.302
168.277
178.528
189.035
199.776
210.728
221.864
233.156
244.576
256.092
267.676
279.298
290.927
302.536
314.101
325.598
337.008
348.314
359.506
370.575
381.522
392.351
403.075
413.715
424.305
434.889
445.53
456.313
467.35
478.788
490.82
503.696
517.731
533.317
550.934
571.133
594.384
621.055
650.992
683.766
718.756
754.555
790.219
824.485
856.276
884.733
909.25
929.464
945.211
956.488
963.437
966.311
965.423
961.114
953.731
943.616
931.102
916.505
900.113
882.19
862.978
842.695
821.538
799.684
777.293
754.51
731.467
708.283
685.068
661.92
638.93
616.18
593.744
571.692
550.085
528.983
508.441
488.516
469.268
450.698
432.783
415.509
398.859
382.82
367.38
352.526
338.245
324.524
311.349
298.707
286.583
274.962
263.831
253.173
242.973
233.216
223.887
214.971
206.451
198.314
190.544
183.126
176.046
169.29
162.845
156.696
150.832
145.238
139.904
134.817
129.966
125.339
120.927
116.72
112.706
108.878
105.226
101.742
98.4166
95.2433
92.2142
89.3221
86.5602
83.9221
81.4015
78.9926
76.6897
74.4875
72.3809
70.3651
68.4353
66.5873
64.8168
63.1197
61.4923
59.9309
58.4319
56.9919
55.6079
54.2769
52.9961
51.7628
50.5747
49.4294
48.3247
47.2587
46.2295
45.2357
44.2758
43.3487
42.4536
41.5897
40.7568
39.955
39.1851
38.4479
37.7448
37.077
36.4446
35.8512
55.8182
38.0865
36.3713
37.8245
40.6394
44.2949
48.5549
53.29
58.4253
63.9173
69.7422
75.8886
82.3522
89.133
96.2325
103.652
111.394
119.456
127.836
136.529
145.527
154.818
164.389
174.223
184.299
194.596
205.087
215.746
226.544
237.449
248.432
259.462
270.507
281.54
292.534
303.465
314.313
325.062
335.702
346.225
356.635
366.939
377.155
387.311
397.447
407.619
417.903
428.402
439.253
450.635
462.789
476.027
490.756
507.494
526.901
549.698
576.589
607.63
642.367
679.951
719.264
758.928
797.437
833.462
865.951
894.167
917.676
936.307
950.093
959.211
963.936
964.624
961.67
955.479
946.441
934.927
921.281
905.817
888.817
870.533
851.185
830.969
810.058
788.602
766.737
744.582
722.245
699.824
677.406
655.074
632.9
610.954
589.299
567.992
547.088
526.639
506.694
487.304
468.527
450.401
432.902
416.012
399.716
384.003
368.86
354.276
340.239
326.739
313.762
301.297
289.33
277.848
266.838
256.285
246.176
236.496
227.231
218.366
209.888
201.782
194.034
186.63
179.556
172.8
166.348
160.187
154.305
148.689
143.329
138.212
133.328
128.666
124.215
119.967
115.911
112.038
108.341
104.809
101.437
98.2145
95.1359
92.1938
89.3815
86.6927
84.1213
81.6615
79.3077
77.0547
74.8974
72.8312
70.8513
68.9535
67.1335
65.3875
63.7114
62.1015
60.5544
59.0669
57.6359
56.2586
54.9321
53.6538
52.4214
51.2325
50.0849
48.9768
47.9063
46.8719
45.8722
44.9062
43.9729
43.0717
42.2024
41.3648
40.5595
39.7871
39.0482
38.3436
37.6726
37.0391
50.453
36.0139
34.4552
35.6603
38.0836
41.2681
45.0089
49.1934
53.7541
58.6505
63.8596
69.3698
75.1765
81.2799
87.682
94.3857
101.394
108.707
116.326
124.248
132.466
140.974
149.761
158.81
168.107
177.628
187.353
197.253
207.301
217.468
227.723
238.035
248.374
258.712
269.022
279.283
289.477
299.591
309.618
319.561
329.429
339.241
349.027
358.833
368.718
378.763
389.074
399.789
411.091
423.219
436.487
451.307
468.21
487.889
511.228
539.089
571.89
609.185
650.002
692.976
736.519
778.906
818.602
854.399
885.467
911.335
931.841
947.062
957.25
962.762
964.017
961.471
955.582
946.796
935.528
922.152
907.009
890.398
872.58
853.78
834.192
813.982
793.293
772.245
750.945
729.485
707.945
686.399
664.912
643.545
622.355
601.392
580.707
560.346
540.354
520.773
501.645
483.017
464.936
447.453
430.548
414.207
398.418
383.171
368.458
354.268
340.592
327.422
314.745
302.552
290.832
279.572
268.761
258.387
248.436
238.896
229.754
220.997
212.612
204.585
196.904
189.555
182.527
175.807
169.382
163.24
157.369
151.759
146.398
141.275
136.38
131.703
127.233
122.962
118.88
114.979
111.25
107.685
104.277
101.018
97.901
94.9191
92.066
89.3354
86.7215
84.2185
81.821
79.524
77.3225
75.2118
73.1874
71.245
69.3804
67.5893
65.8683
64.2137
62.6222
61.0907
59.6161
58.1955
56.8264
55.506
54.232
53.0021
51.8142
50.6664
49.5569
48.4841
47.4467
46.4436
45.4739
44.5371
43.6327
42.7607
41.9213
41.1148
40.3417
39.602
38.8948
38.2242
44.6178
33.7549
32.5473
33.6133
35.7202
38.4895
41.7523
45.4151
49.4206
53.7333
58.3319
63.205
68.348
73.7606
79.4453
85.4056
91.6454
98.1679
104.975
112.067
119.442
127.094
135.016
143.196
151.621
160.273
169.13
178.17
187.367
196.692
206.118
215.615
225.156
234.716
244.274
253.812
263.319
272.794
282.242
291.68
301.136
310.653
320.288
330.119
340.244
350.79
361.915
373.825
386.779
401.115
417.268
435.801
457.444
483.163
514.052
550.598
592.208
637.671
685.251
732.952
778.857
821.327
859.129
891.475
917.98
938.592
953.502
963.074
967.773
968.112
964.62
957.812
948.178
936.164
922.171
906.555
889.621
871.636
852.822
833.368
813.432
793.143
772.611
751.925
731.16
710.381
689.642
668.991
648.472
628.124
607.985
588.091
568.477
549.175
530.219
511.643
493.482
475.774
458.562
441.878
425.711
410.053
394.898
380.24
366.071
352.385
339.175
326.433
314.151
302.32
290.931
279.974
269.439
259.315
249.59
240.255
231.296
222.704
214.465
206.568
199.001
191.753
184.812
178.167
171.806
165.718
159.892
154.318
148.985
143.883
139.003
134.334
129.867
125.594
121.507
117.595
113.853
110.271
106.843
103.562
100.42
97.4109
94.529
91.768
89.1222
86.5861
84.1545
81.8224
79.585
77.4378
75.3762
73.3957
71.4924
69.6625
67.9024
66.2088
64.5783
63.0079
61.4947
60.0357
58.6283
57.2701
55.9586
54.6917
53.4671
52.2832
51.138
50.0301
48.9582
47.921
46.9178
45.9479
45.0109
44.1067
43.2353
42.3969
41.5916
40.8193
40.0787
39.3741
38.7247
31.3235
30.6221
31.652
33.5156
35.9279
38.7602
41.9404
45.4231
49.1787
53.189
57.4432
61.9366
66.6684
71.6408
76.8576
82.3233
88.0427
94.0194
100.256
106.753
113.51
120.521
127.779
135.274
142.992
150.916
159.027
167.301
175.716
184.249
192.875
201.575
210.331
219.134
227.979
236.873
245.835
254.896
264.103
273.523
283.241
293.364
304.027
315.397
327.677
341.118
356.031
372.806
391.936
414.055
439.978
470.763
507.675
551.309
600.18
652.438
705.791
757.886
806.637
850.435
888.224
919.471
944.072
962.239
974.393
981.073
982.881
980.435
974.334
965.144
953.379
939.5
923.909
906.955
888.934
870.099
850.66
830.789
810.628
790.291
769.87
749.438
729.054
708.764
688.606
668.611
648.806
629.213
609.854
590.75
571.921
553.387
535.169
517.291
499.776
482.653
465.95
449.698
433.901
418.562
403.677
389.246
375.263
361.726
348.629
335.968
323.737
311.929
300.537
289.553
278.97
268.779
258.971
249.536
240.465
231.748
223.374
215.334
207.616
200.211
193.109
186.298
179.768
173.509
167.511
161.764
156.259
150.985
145.933
141.094
136.46
132.022
127.77
123.699
119.798
116.062
112.482
109.052
105.764
102.613
99.5926
96.6961
93.9181
91.2532
88.696
86.2416
83.8852
81.622
79.4474
77.357
75.3469
73.4132
71.5524
69.761
68.0356
66.3731
64.7705
63.2249
61.7335
60.2938
58.9032
57.5596
56.2606
55.0043
53.7889
52.6125
51.4738
50.3713
49.304
48.271
47.2715
46.3052
45.3719
44.4715
43.604
42.7694
41.9674
41.1965
40.4612
33.0873
28.7427
28.6455
29.7352
31.4342
33.5573
36.0195
38.7708
41.7787
45.021
48.4828
52.1552
56.0336
60.1169
64.4068
68.9072
73.6227
78.559
83.7212
89.1139
94.7403
100.602
106.698
113.025
119.576
126.342
133.312
140.471
147.805
155.297
162.934
170.705
178.604
186.634
194.809
203.153
211.71
220.541
229.727
239.375
249.617
260.618
272.573
285.717
300.33
316.749
335.374
356.697
381.324
409.989
443.648
483.614
531.086
586.053
645.361
706.215
765.69
821.179
870.696
912.983
947.467
974.135
993.374
1005.81
1012.19
1013.28
1009.83
1002.53
992.039
978.939
963.745
946.898
928.769
909.673
889.869
869.574
848.967
828.19
807.357
786.558
765.862
745.322
724.978
704.861
684.992
665.387
646.058
627.014
608.262
589.808
571.661
553.827
536.315
519.136
502.304
485.833
469.75
454.056
438.762
423.873
409.392
395.32
381.657
368.4
355.548
343.096
331.042
319.379
308.103
297.209
286.689
276.538
266.748
257.311
248.22
239.466
231.041
222.936
215.142
207.651
200.452
193.537
186.897
180.522
174.403
168.532
162.898
157.494
152.311
147.339
142.571
137.999
133.615
129.41
125.377
121.51
117.801
114.243
110.83
107.556
104.413
101.397
98.5022
95.7223
93.0525
90.4878
88.0235
85.6548
83.3769
81.1857
79.0773
77.0479
75.0938
73.2116
71.3979
69.6495
67.9633
66.3364
64.7661
63.2496
61.7845
60.3683
58.9989
57.6741
56.3919
55.1505
53.9484
52.7839
51.6558
50.5629
49.5045
48.4797
47.4882
46.5296
45.6038
44.7107
43.8501
43.0217
42.2241
41.4618
27.857
25.9836
26.5325
27.7772
29.4088
31.3355
33.5144
35.9181
38.5274
41.328
44.3099
47.4666
50.7947
54.2937
57.9655
61.814
65.8443
70.0625
74.475
79.088
83.9068
88.9357
94.1769
99.6308
105.296
111.168
117.243
123.516
129.982
136.643
143.503
150.578
157.894
165.496
173.446
181.832
190.769
200.403
210.914
222.522
235.488
250.121
266.782
285.892
307.936
333.485
363.193
397.848
438.437
485.912
541.445
605.993
676.567
747.911
816.382
878.908
933.278
978.25
1013.45
1039.21
1056.26
1065.62
1068.4
1065.63
1058.32
1047.27
1033.18
1016.69
998.349
978.621
957.907
936.506
914.658
892.561
870.372
848.217
826.198
804.388
782.842
761.599
740.687
720.124
699.923
680.09
660.628
641.535
622.81
604.449
586.448
568.804
551.516
534.581
517.999
501.774
485.917
470.424
455.298
440.541
426.156
412.145
398.509
385.249
372.362
359.847
347.701
335.921
324.504
313.445
302.739
292.382
282.368
272.691
263.345
254.323
245.62
237.227
229.138
221.345
213.84
206.616
199.664
192.977
186.546
180.363
174.421
168.71
163.224
157.954
152.892
148.031
143.363
138.881
134.577
130.444
126.476
122.665
119.006
115.492
112.117
108.875
105.76
102.767
99.89
97.1247
94.4658
91.9086
89.4482
87.0804
84.8011
82.6063
80.4923
78.4555
76.4924
74.5997
72.7741
71.0125
69.3122
67.6702
66.0838
64.5506
63.0681
61.6339
60.2461
58.9024
57.601
56.3402
55.1183
53.9339
52.7857
51.6727
50.5939
49.5486
48.5363
47.5567
46.6096
45.6948
44.8121
43.9613
43.1408
42.3551
24.3373
23.8478
24.8654
26.2773
27.9265
29.7774
31.8134
34.022
36.3927
38.9176
41.5906
44.4081
47.3686
50.4731
53.7242
57.1265
60.6857
64.4086
68.3024
72.3745
76.6317
81.08
85.7242
90.5681
95.6146
100.867
106.329
112.01
117.926
124.104
130.588
137.44
144.751
152.643
161.275
170.847
181.61
193.867
207.984
224.389
243.584
266.143
292.715
324.011
360.795
403.983
454.394
512.806
579.956
655.779
739.739
823.668
901.815
970.795
1028.48
1073.97
1107.36
1129.5
1141.71
1145.49
1142.33
1133.58
1120.52
1104.05
1084.94
1063.87
1041.38
1017.93
993.859
969.462
944.962
920.529
896.289
872.337
848.743
825.559
802.832
780.576
758.795
737.49
716.659
696.295
676.393
656.943
637.936
619.359
601.204
583.46
566.117
549.168
532.611
516.435
500.633
485.2
470.136
455.437
441.1
427.123
413.506
400.246
387.342
374.792
362.592
350.74
339.233
328.066
317.235
306.735
296.563
286.713
277.18
267.959
259.043
250.428
242.107
234.074
226.322
218.844
211.635
204.687
197.992
191.545
185.337
179.362
173.611
168.079
162.757
157.639
152.717
147.985
143.435
139.061
134.857
130.815
126.93
123.195
119.604
116.152
112.832
109.64
106.57
103.617
100.775
98.0408
95.4087
92.8743
90.4334
88.082
85.8163
83.6325
81.5271
79.4966
77.5377
75.6473
73.8224
72.0599
70.3571
68.7113
67.12
65.5807
64.091
62.6489
61.2522
59.899
58.5874
57.3157
56.0824
54.8861
53.7255
52.5996
51.5074
50.4483
49.4216
48.4272
47.4646
46.5339
45.6346
44.7667
43.9286
43.1248
21.3749
21.8034
23.2345
24.8557
26.6007
28.4703
30.4665
32.5883
34.8337
37.2007
39.6882
42.2962
45.026
47.8805
50.8639
53.9817
57.2404
60.6475
64.2109
67.9388
71.8391
75.919
80.1856
84.6457
89.3074
94.1818
99.2869
104.652
110.325
116.376
122.912
130.076
138.062
147.12
157.565
169.789
184.268
201.572
222.376
247.449
277.652
313.895
357.128
408.268
467.97
536.733
614.673
701.482
795.713
892.39
981.27
1058.15
1120.73
1168.33
1201.46
1221.46
1230.11
1229.39
1221.22
1207.36
1189.22
1167.78
1143.95
1118.47
1091.93
1064.77
1037.37
1009.97
982.777
955.929
929.527
903.641
878.316
853.579
829.443
805.913
782.989
760.661
738.915
717.734
697.099
676.992
657.397
638.296
619.672
601.512
583.8
566.523
549.671
533.231
517.197
501.56
486.31
471.44
456.946
442.821
429.061
415.66
402.615
389.921
377.574
365.57
353.905
342.574
331.572
320.894
310.535
300.491
290.756
281.325
272.192
263.353
254.802
246.533
238.54
230.817
223.359
216.159
209.211
202.508
196.045
189.814
183.809
178.024
172.451
167.084
161.917
156.942
152.154
147.546
143.112
138.845
134.739
130.788
126.987
123.329
119.809
116.422
113.163
110.025
107.004
104.096
101.296
98.5986
96
93.4958
91.0819
88.7544
86.5098
84.3444
82.2551
80.2383
78.2912
76.4105
74.5935
72.8372
71.1392
69.4967
67.9074
66.3689
64.879
63.4355
62.0365
60.68
59.3644
58.0879
56.849
55.6463
54.4787
53.3451
52.2445
51.1763
50.1398
49.1348
48.1611
47.2184
46.3067
45.4256
44.5738
43.7555
18.8783
19.7624
21.564
23.4592
25.4021
27.4067
29.4859
31.6487
33.9011
36.248
38.6938
41.2424
43.8981
46.6659
49.5512
52.5606
55.7014
58.9817
62.41
65.9953
69.7461
73.6711
77.7791
82.0808
86.5911
91.334
96.3494
101.703
107.499
113.892
121.101
129.424
139.254
151.089
165.561
183.448
205.695
233.397
267.793
310.141
361.709
423.467
495.884
578.939
671.82
773.198
879.815
988.278
1087.61
1170.66
1235.58
1282.52
1312.77
1328.33
1331.56
1324.82
1310.43
1290.36
1266.33
1239.34
1210.32
1180.02
1149.03
1117.82
1086.74
1056.03
1025.87
996.365
967.585
939.569
912.335
885.884
860.204
835.279
811.087
787.602
764.801
742.654
721.136
700.218
679.876
660.085
640.822
622.068
603.803
586.013
568.68
551.793
535.339
519.308
503.69
488.477
473.661
459.233
445.187
431.516
418.213
405.272
392.686
380.451
368.559
357.004
345.782
334.886
324.309
314.046
304.092
294.439
285.083
276.018
267.238
258.737
250.51
242.551
234.854
227.413
220.223
213.277
206.571
200.096
193.848
187.821
182.007
176.402
170.999
165.791
160.773
155.938
151.28
146.794
142.473
138.312
134.304
130.445
126.729
123.15
119.703
116.384
113.186
110.106
107.139
104.279
101.523
98.8669
96.3058
93.8359
91.4534
89.1545
86.9357
84.7936
82.7251
80.7269
78.7961
76.9299
75.1255
73.3802
71.6915
70.0569
68.474
66.9407
65.4548
64.0142
62.617
61.2613
59.9455
58.6678
57.427
56.2215
55.0501
53.9118
52.8057
51.7312
50.6876
49.6747
48.6922
47.74
46.8179
45.9258
45.0623
44.2318
16.7764
17.7857
19.9969
22.3009
24.6104
26.9352
29.296
31.7104
34.1924
36.7527
39.3994
42.1395
44.9789
47.9238
50.9805
54.1562
57.4591
60.8981
64.4829
68.2231
72.1284
76.2083
80.4737
84.9395
89.631
94.593
99.9051
105.702
112.196
119.71
128.697
139.779
153.777
171.75
195.046
225.289
264.352
314.127
376.475
452.465
542.223
644.721
757.641
877.816
999.92
1119.74
1226.96
1312.25
1375.29
1417.36
1440.93
1448.91
1444.25
1429.7
1407.78
1380.56
1349.98
1317
1282.5
1247.18
1211.6
1176.2
1141.29
1107.11
1073.8
1041.46
1010.13
979.821
950.522
922.211
894.854
868.413
842.845
818.109
794.162
770.963
748.475
726.659
705.481
684.91
664.914
645.469
626.55
608.136
590.207
572.749
555.748
539.19
523.065
507.364
492.079
477.202
462.724
448.639
434.941
421.621
408.673
396.089
383.863
371.988
360.455
349.259
338.393
327.848
317.618
307.696
298.075
288.749
279.711
270.955
262.474
254.263
246.315
238.625
231.187
223.993
217.04
210.321
203.83
197.56
191.507
185.665
180.027
174.587
169.34
164.28
159.401
154.697
150.163
145.792
141.579
137.52
133.608
129.837
126.204
122.703
119.328
116.076
112.941
109.919
107.005
104.195
101.486
98.8719
96.3502
93.9167
91.5679
89.3001
87.1099
84.9941
82.9496
80.9732
79.0623
77.214
75.4257
73.6948
72.0189
70.3956
68.8227
67.2981
65.8195
64.3851
62.993
61.6414
60.3285
59.0529
57.813
56.6075
55.4353
54.2954
53.1867
52.1087
51.0607
50.0424
49.0534
48.0937
47.1631
46.2615
45.3879
44.5465
15.0004
16.058
18.9498
21.9775
24.995
28.0111
31.0531
34.1432
37.2966
40.5238
43.8326
47.2289
50.7187
54.3081
58.004
61.815
65.7509
69.8229
74.043
78.4231
82.9738
87.7053
92.6295
97.7667
103.159
108.892
115.126
122.146
130.417
140.647
153.857
171.47
195.369
227.983
272.253
331.194
407.687
503.043
616.647
745.394
884.563
1027.43
1166.07
1295.06
1403.99
1484.86
1539.3
1570.55
1582.57
1579.22
1563.98
1539.84
1509.33
1474.45
1437.01
1397.99
1358.09
1317.9
1277.89
1238.44
1199.83
1162.24
1125.81
1090.62
1056.68
1023.99
992.535
962.263
933.125
905.064
878.024
851.945
826.771
802.448
778.924
756.15
734.083
712.68
691.903
671.719
652.098
633.01
614.434
596.348
578.735
561.579
544.87
528.595
512.747
497.317
482.298
467.686
453.472
439.652
426.219
413.166
400.487
388.175
376.223
364.622
353.365
342.445
331.854
321.583
311.625
301.973
292.618
283.553
274.772
266.268
258.033
250.061
242.346
234.88
227.659
220.676
213.925
207.4
201.095
195.004
189.122
183.442
177.959
172.666
167.559
162.632
157.878
153.293
148.871
144.607
140.494
136.529
132.705
129.019
125.464
122.036
118.73
115.542
112.467
109.501
106.64
103.879
101.215
98.6441
96.162
93.7653
91.4507
89.2146
87.054
84.9656
82.9464
80.9935
79.1042
77.2758
75.5057
73.7915
72.1308
70.5212
68.9607
67.4471
65.9785
64.5528
63.1684
61.8233
60.5161
59.2451
58.0089
56.8062
55.6359
54.4967
53.388
52.3088
51.2585
50.2368
49.2433
48.2778
47.3402
46.4305
45.5479
44.697
13.7373
15.2581
19.6629
24.2657
28.8815
33.5467
38.2848
43.1016
47.9944
52.9601
57.9978
63.1088
68.2964
73.5656
78.9242
84.383
89.9556
95.6582
101.508
107.52
113.705
120.069
126.622
133.393
140.466
148.032
156.477
166.498
179.282
196.64
221.18
256.529
307.124
378.006
473.923
596.247
742.356
906.015
1076.9
1243.02
1395.02
1524.13
1622.7
1686.92
1722.63
1735.36
1730.33
1711.99
1683.95
1649.04
1609.52
1567.1
1523.21
1478.7
1434
1389.55
1345.69
1302.7
1260.81
1220.16
1180.87
1143
1106.57
1071.57
1037.96
1005.71
974.739
944.997
916.413
888.917
862.442
836.923
812.299
788.51
765.502
743.225
721.632
700.68
680.331
660.55
641.307
622.576
604.334
586.561
569.241
552.362
535.912
519.883
504.268
489.062
474.26
459.856
445.847
432.229
418.995
406.141
393.661
381.549
369.797
358.397
347.344
336.627
326.24
316.173
306.42
296.971
287.818
278.955
270.372
262.063
254.021
246.238
238.708
231.423
224.378
217.566
210.981
204.616
198.465
192.523
186.784
181.242
175.89
170.724
165.737
160.924
156.28
151.799
147.476
143.305
139.281
135.4
131.656
128.044
124.56
121.199
117.957
114.828
111.809
108.896
106.084
103.369
100.749
98.218
95.7738
93.4127
91.1313
88.9263
86.7947
84.7334
82.7395
80.8102
78.9429
77.1349
75.3838
73.6871
72.0426
70.448
68.9013
67.4003
65.9432
64.528
63.1529
61.8164
60.5166
59.2522
58.0217
56.8237
55.657
54.5206
53.4134
52.3347
51.2838
50.2601
49.2634
48.2934
47.3499
46.4332
45.5427
44.6831
13.2813
18.0437
26.791
36.2263
45.7872
55.7234
65.9909
76.4834
87.0911
97.7333
108.36
118.938
129.441
139.853
150.172
160.401
170.558
180.666
190.752
200.834
210.915
220.976
231.02
241.125
251.566
262.976
276.578
294.576
320.714
360.207
419.723
507.599
629.991
789.068
977.899
1180.81
1379.23
1558.2
1704.5
1810.66
1875.89
1906.13
1910.94
1897.29
1870.7
1835.24
1793.84
1748.6
1701.09
1652.4
1603.49
1554.84
1506.62
1459.08
1412.41
1366.8
1322.41
1279.36
1237.74
1197.61
1158.99
1121.9
1086.29
1052.14
1019.38
987.965
957.813
928.858
901.029
874.255
848.47
823.607
799.604
776.404
753.953
732.199
711.097
690.605
670.685
651.305
632.434
614.047
596.123
578.644
561.596
544.967
528.749
512.934
497.519
482.498
467.87
453.631
439.779
426.311
413.224
400.513
388.174
376.201
364.588
353.329
342.415
331.839
321.594
311.67
302.06
292.755
283.747
275.028
266.59
258.425
250.525
242.883
235.491
228.344
221.433
214.752
208.296
202.056
196.027
190.204
184.579
179.147
173.902
168.838
163.95
159.232
154.679
150.285
146.044
141.952
138.004
134.195
130.519
126.972
123.55
120.247
117.059
113.983
111.013
108.147
105.379
102.706
100.125
97.6309
95.2216
92.8932
90.6425
88.4665
86.362
84.3262
82.3563
80.4496
78.6033
76.8151
75.0825
73.4032
71.7749
70.1954
68.6627
67.1748
65.7298
64.3257
62.9609
61.6337
60.3424
59.0856
57.8617
56.6694
55.5075
54.3748
53.2703
52.1931
51.1425
50.1178
49.1187
48.1449
47.1963
46.2731
45.3751
44.5075
12.0686
44.562
78.9349
115.128
152.773
192.56
233.467
274.274
313.893
351.525
386.651
418.969
448.344
474.786
498.422
519.466
538.182
554.859
569.774
583.149
595.112
605.752
615.312
624.464
634.692
648.775
671.288
710.048
777.218
882.837
1032.76
1223.47
1439.36
1658
1848.94
1991.38
2080.67
2120.73
2124.02
2104.19
2070.26
2027.8
1980.44
1930.38
1878.9
1826.81
1774.7
1722.83
1671.75
1621.41
1571.79
1522.99
1475.11
1428.24
1382.52
1338.05
1294.92
1253.19
1212.93
1174.16
1136.87
1101.05
1066.66
1033.66
1001.99
971.59
942.395
914.336
887.345
861.357
836.306
812.13
788.771
766.171
744.28
723.048
702.432
682.391
662.888
643.893
625.377
607.316
589.691
572.485
555.686
539.283
523.27
507.642
492.395
477.528
463.039
448.928
435.194
421.836
408.851
396.237
383.991
372.108
360.584
349.411
338.585
328.096
317.939
308.104
298.584
289.371
280.455
271.829
263.485
255.415
247.61
240.064
232.768
225.715
218.899
212.312
205.947
199.798
193.859
188.122
182.583
177.234
172.069
167.084
162.272
157.627
153.144
148.818
144.643
140.614
136.726
132.974
129.353
125.859
122.486
119.232
116.09
113.057
110.129
107.301
104.57
101.933
99.385
96.923
94.5437
92.2438
90.02
87.8693
85.7889
83.7758
81.8273
79.9407
78.1136
76.3434
74.6278
72.9644
71.3511
69.7858
68.2664
66.791
65.3576
63.9644
62.6097
61.2917
60.0089
58.7597
57.5427
56.3564
55.1995
54.0709
52.9694
51.894
50.844
49.8186
48.8174
47.8401
46.8865
45.9571
45.0519
44.1764
16.6838
449.3
765.968
1059.72
1333.89
1579.31
1787.59
1953.54
2075.41
2155.84
2200.3
2215.02
2206.24
2179.8
2140.82
2093.57
2041.52
1987.3
1932.87
1879.52
1828.08
1779.62
1735.91
1700.12
1677.51
1675.74
1704.49
1773.12
1886.37
2030.5
2177.53
2296.85
2368.31
2384.55
2359.21
2311.15
2253.7
2194.13
2135.42
2078.68
2024.04
1971.11
1919.44
1868.78
1818.81
1769.37
1720.75
1672.5
1624.64
1577.24
1530.35
1484.12
1438.66
1394.11
1350.6
1308.23
1267.11
1227.29
1188.82
1151.72
1116
1081.64
1048.61
1016.86
986.351
957.025
928.823
901.684
875.546
850.349
826.032
802.538
779.811
757.798
736.451
715.723
695.572
675.961
656.855
638.223
620.04
602.283
584.935
567.979
551.406
535.206
519.374
503.907
488.803
474.062
459.684
445.67
432.021
418.737
405.818
393.264
381.071
369.237
357.758
346.628
335.844
325.397
315.281
305.489
296.012
286.843
277.974
269.396
261.101
253.082
245.33
237.837
230.596
223.599
216.84
210.309
204.002
197.91
192.028
186.348
180.864
175.57
170.46
165.528
160.768
156.174
151.74
147.462
143.334
139.35
135.506
131.796
128.216
124.761
121.426
118.207
115.1
112.1
109.203
106.406
103.704
101.095
98.5729
96.1361
93.7807
91.5034
89.3013
87.1712
85.1103
83.1158
81.185
79.3152
77.504
75.7489
74.0476
72.3978
70.7974
69.2443
67.7364
66.2718
64.8486
63.465
62.1192
60.8095
59.5343
58.2921
57.0813
55.9004
54.7481
53.6232
52.5243
51.4506
50.4009
49.3746
48.3712
47.3901
46.4314
45.4955
44.5829
43.6994
263.146
437.032
640.322
859.971
1084.95
1306.15
1517.47
1715.17
1896.57
2059.71
2203.24
2326.18
2427.86
2508.01
2566.81
2604.97
2623.78
2625.15
2611.48
2585.58
2550.92
2510.1
2466.23
2424.02
2388.39
2364.02
2353.24
2350.98
2341.32
2315.01
2272.9
2223.58
2175.9
2133.96
2097.09
2063.4
2031.2
1999.23
1966.64
1932.98
1898.1
1861.75
1823.9
1784.96
1744.86
1703.63
1661.6
1618.92
1575.81
1532.52
1489.27
1446.29
1403.79
1361.95
1320.93
1280.87
1241.87
1204.03
1167.38
1131.96
1097.79
1064.86
1033.13
1002.59
973.194
944.891
917.631
891.361
866.026
841.57
817.938
795.077
772.935
751.464
730.616
710.35
690.624
671.404
652.656
634.352
616.469
598.984
581.881
565.146
548.77
532.745
517.067
501.734
486.746
472.103
457.808
443.862
430.269
417.029
404.144
391.614
379.44
367.618
356.147
345.023
334.24
323.795
313.679
303.888
294.413
285.247
276.382
267.81
259.523
251.514
243.774
236.296
229.071
222.092
215.352
208.843
202.558
196.49
190.632
184.978
179.52
174.253
169.17
164.265
159.532
154.965
150.559
146.307
142.205
138.247
134.428
130.743
127.187
123.756
120.444
117.247
114.162
111.183
108.306
105.528
102.845
100.253
97.749
95.3288
92.9894
90.7274
88.54
86.424
84.3766
82.3949
80.4764
78.6184
76.8184
75.0741
73.383
71.7431
70.152
68.6078
67.1083
65.6518
64.2361
62.8597
61.5206
60.2171
58.9477
57.7106
56.5044
55.3274
54.1784
53.0559
51.9587
50.8855
49.8353
48.8073
47.8007
46.8153
45.8508
44.9078
43.9872
43.0953
255.846
273.226
294.397
319.934
350.204
385.842
426.826
472.937
523.789
578.817
637.274
698.275
760.829
823.87
886.292
947.003
1004.98
1059.34
1109.37
1154.41
1192.29
1220.4
1238.87
1250.68
1262.21
1279.44
1305.78
1343.29
1392.89
1452.32
1516.6
1580.16
1638.66
1689.26
1730.25
1760.81
1780.92
1791.14
1792.41
1785.93
1773.1
1754.57
1731.15
1703.76
1673.07
1639.68
1604.19
1567.07
1528.77
1489.69
1450.19
1410.57
1371.1
1332.03
1293.55
1255.82
1218.97
1183.08
1148.24
1114.49
1081.84
1050.3
1019.85
990.487
962.165
934.85
908.499
883.065
858.498
834.75
811.771
789.511
767.923
746.961
726.583
706.748
687.418
668.561
650.145
632.144
614.535
597.298
580.418
563.882
547.682
531.811
516.265
501.045
486.15
471.584
457.348
443.446
429.882
416.66
403.781
391.248
379.061
367.22
355.724
344.571
333.756
323.276
313.124
303.297
293.786
284.585
275.686
267.083
258.767
250.731
242.967
235.467
228.222
221.227
214.473
207.952
201.657
195.582
189.718
184.06
178.601
173.333
168.251
163.348
158.618
154.055
149.653
145.407
141.311
137.36
133.548
129.87
126.322
122.898
119.594
116.405
113.327
110.356
107.488
104.718
102.042
99.4582
96.9614
94.5485
92.2162
89.9613
87.7807
85.6714
83.6305
81.6552
79.7427
77.8907
76.0965
74.3577
72.672
71.0372
69.4512
67.9118
66.417
64.9648
63.5534
62.1809
60.8455
59.5455
58.2791
57.0448
55.841
54.6659
53.5183
52.3965
51.2992
50.2251
49.173
48.1421
47.1314
46.1405
45.1694
44.2185
43.2893
42.3884
88.1335
91.1309
94.631
98.7271
103.512
109.088
115.798
123.77
133.06
143.663
155.58
168.761
183.105
198.446
214.556
231.128
247.765
263.913
278.593
290.476
300.1
312.014
333.883
373.52
435.582
519.658
621.325
734.582
853.829
974.422
1092.31
1203.83
1305.9
1396.28
1473.28
1536.15
1584.95
1620.37
1643.52
1655.79
1658.7
1653.53
1641.51
1623.79
1601.37
1575.13
1545.83
1514.16
1480.68
1445.91
1410.29
1374.2
1337.95
1301.83
1266.05
1230.8
1196.23
1162.44
1129.52
1097.52
1066.48
1036.42
1007.33
979.203
952.018
925.746
900.351
875.793
852.032
829.023
806.723
785.087
764.072
743.637
723.741
704.348
685.424
666.937
648.858
631.163
613.83
596.843
580.185
563.846
547.818
532.097
516.679
501.564
486.755
472.254
458.066
444.195
430.646
417.423
404.531
391.974
379.752
367.868
356.321
345.111
334.235
323.69
313.473
303.577
293.999
284.73
275.766
267.099
258.721
250.626
242.805
235.251
227.957
220.914
214.116
207.554
201.221
195.111
189.216
183.528
178.042
172.749
167.645
162.722
157.974
153.395
148.978
144.719
140.611
136.65
132.829
129.143
125.587
122.157
118.848
115.655
112.573
109.599
106.727
103.955
101.278
98.6926
96.1948
93.7813
91.4486
89.1936
87.0132
84.9042
82.8638
80.8891
78.9776
77.1265
75.3334
73.5958
71.9114
70.278
68.6933
67.1553
65.662
64.2113
62.8013
61.4302
60.0962
58.7975
57.5323
56.2989
55.0957
53.921
52.7733
51.651
50.5527
49.4768
48.4221
47.3876
46.3722
45.3756
44.3975
43.4387
42.5008
41.591
45.2567
46.0667
46.9583
47.949
49.057
50.3
51.7069
53.3049
55.1333
57.246
59.6481
62.3343
65.2849
68.4623
71.8044
75.2171
78.5731
81.8057
85.5281
92.2272
106.747
134.407
177.9
237.039
310.575
397.089
494.712
600.849
712.372
825.998
938.517
1046.91
1148.47
1240.92
1322.49
1392.03
1449.04
1493.61
1526.32
1548.09
1560.05
1563.37
1559.2
1548.67
1532.79
1512.5
1488.62
1461.87
1432.91
1402.28
1370.47
1337.88
1304.87
1271.74
1238.72
1206.01
1173.78
1142.15
1111.21
1081.04
1051.67
1023.14
995.458
968.622
942.619
917.43
893.028
869.382
846.456
824.213
802.616
781.623
761.199
741.304
721.903
702.963
684.451
666.34
648.604
631.219
614.166
597.428
580.994
564.852
548.996
533.423
518.129
503.117
488.388
473.947
459.799
445.95
432.406
419.171
406.253
393.656
381.383
369.437
357.82
346.532
335.572
324.94
314.631
304.643
294.97
285.608
276.551
267.792
259.324
251.142
243.237
235.602
228.23
221.113
214.244
207.615
201.22
195.05
189.098
183.358
177.822
172.484
167.336
162.373
157.587
152.973
148.524
144.235
140.099
136.111
132.266
128.558
124.982
121.533
118.206
114.997
111.901
108.912
106.029
103.245
100.557
97.962
95.4553
93.0336
90.6936
88.4319
86.2453
84.1308
82.0854
80.1063
78.1907
76.336
74.5397
72.7992
71.1124
69.4767
67.8902
66.3506
64.8558
63.404
61.993
60.6211
59.2863
57.9869
56.721
55.487
54.2831
53.1076
51.9588
50.835
49.7348
48.6565
47.5988
46.5603
45.5402
44.5378
43.5529
42.5864
41.6403
40.7222
30.3438
30.6332
30.9405
31.2701
31.6263
32.0139
32.4374
32.902
33.4136
33.9794
34.6046
35.2914
36.0397
36.848
37.7207
38.7038
40.0315
42.5791
48.6026
61.7024
85.3375
121.573
170.909
232.653
305.502
387.967
478.404
574.904
675.274
777.154
878.149
975.951
1068.43
1153.74
1230.35
1297.17
1353.55
1399.31
1434.65
1460.1
1476.42
1484.49
1485.27
1479.7
1468.69
1453.11
1433.73
1411.27
1386.36
1359.56
1331.33
1302.11
1272.25
1242.05
1211.77
1181.6
1151.72
1122.27
1093.34
1065.02
1037.36
1010.4
984.16
958.648
933.862
909.789
886.41
863.703
841.637
820.183
799.307
778.976
759.156
739.814
720.919
702.439
684.348
666.619
649.228
632.156
615.384
598.899
582.688
566.743
551.059
535.631
520.461
505.548
490.897
476.512
462.4
448.567
435.02
421.766
408.813
396.165
383.829
371.809
360.107
348.726
337.666
326.927
316.508
306.407
296.619
287.141
277.967
269.094
260.513
252.22
244.207
236.467
228.994
221.78
214.817
208.099
201.618
195.367
189.338
183.524
177.919
172.514
167.305
162.283
157.442
152.776
148.279
143.944
139.765
135.737
131.854
128.111
124.503
121.023
117.667
114.431
111.31
108.299
105.393
102.589
99.8833
97.2707
94.748
92.3115
89.9577
87.6833
85.485
83.3597
81.3043
79.316
77.392
75.5296
73.7262
71.9794
70.2866
68.6457
67.0543
65.5104
64.0117
62.5563
61.1422
59.7675
58.4302
57.1285
55.8606
54.6246
53.4189
52.2415
51.0909
49.9651
48.8626
47.7816
46.7207
45.6785
44.6538
43.6459
42.6549
41.6814
40.7281
39.8028
23.4345
23.5554
23.681
23.8128
23.9521
24.1004
24.2592
24.4301
24.6144
24.8136
25.0295
25.2644
25.5236
25.8253
26.2359
26.992
28.8238
33.4558
43.7266
62.762
92.7702
134.512
187.576
250.877
323.027
402.527
487.809
577.207
668.95
761.195
852.103
939.907
1022.98
1099.9
1169.47
1230.84
1283.41
1326.97
1361.57
1387.54
1405.37
1415.74
1419.38
1417.05
1409.52
1397.54
1381.82
1362.98
1341.61
1318.24
1293.32
1267.25
1240.38
1213.01
1185.38
1157.7
1130.15
1102.85
1075.93
1049.47
1023.53
998.157
973.381
949.217
925.671
902.738
880.406
858.659
837.474
816.826
796.689
777.033
757.83
739.052
720.67
702.658
684.992
667.648
650.606
633.848
617.358
601.125
585.137
569.387
553.872
538.589
523.538
508.723
494.146
479.814
465.734
451.912
438.359
425.08
412.085
399.38
386.973
374.868
363.071
351.585
340.412
329.554
319.01
308.779
298.859
289.248
279.941
270.933
262.221
253.797
245.656
237.792
230.198
222.866
215.79
208.963
202.377
196.025
189.9
183.995
178.302
172.815
167.526
162.43
157.518
152.786
148.225
143.831
139.596
135.516
131.583
127.794
124.141
120.62
117.226
113.954
110.799
107.756
104.821
101.99
99.2582
96.6217
94.0766
91.6194
89.2463
86.954
84.739
82.5983
80.5286
78.5271
76.5909
74.7173
72.9036
71.1472
69.4458
67.7969
66.1983
64.6478
63.1432
61.6824
60.2634
58.8843
57.5431
56.2379
54.9669
53.7281
52.5198
51.34
50.1871
49.059
47.9541
46.8706
45.8068
44.7612
43.7326
42.7202
41.724
40.7448
39.7857
38.8552
19.5531
19.6071
19.6616
19.7176
19.7756
19.8365
19.901
19.9698
20.0435
20.1232
20.2107
20.3111
20.4404
20.6521
21.1205
22.3591
25.6119
33.1632
47.9816
72.5946
108.168
154.516
210.652
275.249
346.872
424.048
505.293
589.101
673.957
758.351
840.822
919.998
994.634
1063.66
1126.19
1181.58
1229.4
1269.47
1301.82
1326.68
1344.43
1355.57
1360.66
1360.34
1355.24
1345.97
1333.14
1317.3
1298.98
1278.65
1256.71
1233.54
1209.47
1184.77
1159.68
1134.4
1109.11
1083.94
1059
1034.39
1010.17
986.389
963.087
940.286
917.997
896.221
874.954
854.184
833.896
814.069
794.683
775.715
757.139
738.931
721.069
703.53
686.292
669.335
652.642
636.197
619.987
604.003
588.234
572.677
557.327
542.184
527.249
512.526
498.019
483.736
469.683
455.869
442.303
428.995
415.953
403.185
390.7
378.504
366.604
355.005
343.709
332.721
322.04
311.668
301.604
291.846
282.39
273.235
264.375
255.805
247.52
239.515
231.783
224.317
217.111
210.158
203.451
196.982
190.745
184.733
178.938
173.353
167.972
162.787
157.792
152.979
148.344
143.878
139.576
135.432
131.439
127.593
123.888
120.317
116.876
113.56
110.363
107.282
104.311
101.446
98.6821
96.016
93.4433
90.9604
88.5634
86.2487
84.0131
81.8531
79.7657
77.7477
75.7963
73.9086
72.0819
70.3137
68.6014
66.9425
65.3348
63.776
62.2639
60.7964
59.3714
57.9869
56.6409
55.3314
54.0566
52.8145
51.6033
50.421
49.2658
48.1356
47.0287
45.9432
44.8772
43.8292
42.7979
41.7822
40.7823
39.7992
38.8365
37.9034
17.4854
17.5079
17.5307
17.554
17.5783
17.6037
17.6308
17.6601
17.6922
17.7284
17.772
17.8334
17.9446
18.2069
18.9202
20.8654
25.6995
36.0523
54.7641
83.6937
123.224
172.637
230.691
295.963
366.992
442.327
520.538
600.23
680.046
758.684
834.925
907.651
975.878
1038.77
1095.67
1146.1
1189.75
1226.51
1256.44
1279.74
1296.72
1307.8
1313.46
1314.22
1310.6
1303.15
1292.37
1278.75
1262.75
1244.78
1225.23
1204.42
1182.66
1160.2
1137.27
1114.06
1090.73
1067.41
1044.23
1021.26
998.576
976.232
954.267
932.706
911.565
890.851
870.563
850.695
831.236
812.17
793.481
775.149
757.155
739.478
722.098
704.995
688.152
671.553
655.181
639.023
623.07
607.313
591.744
576.36
561.159
546.141
531.31
516.668
502.222
487.979
473.947
460.136
446.556
433.215
420.125
407.294
394.732
382.446
370.444
358.732
347.315
336.197
325.38
314.866
304.656
294.749
285.143
275.836
266.824
258.103
249.669
241.517
233.64
226.033
218.69
211.603
204.766
198.172
191.815
185.686
179.78
174.088
168.605
163.322
158.234
153.333
148.613
144.067
139.689
135.473
131.413
127.503
123.736
120.108
116.613
113.246
110.001
106.875
103.861
100.956
98.1549
95.4537
92.8481
90.3343
87.9084
85.5667
83.3058
81.1223
79.0128
76.9744
75.0039
73.0985
71.2553
69.4718
67.7454
66.0735
64.4538
62.884
61.3618
59.885
58.4516
57.0594
55.7065
54.3909
53.1105
51.8635
50.6479
49.4618
48.3031
47.17
46.0603
44.9722
43.9038
42.8533
41.8192
40.8008
39.7979
38.8119
37.8471
36.9134
16.1316
16.1379
16.1437
16.1494
16.1552
16.1615
16.1685
16.1767
16.1869
16.2008
16.2233
16.2695
16.3859
16.7122
17.6422
20.1429
26.1258
38.3411
59.3937
90.6549
132.075
182.699
241.179
306.049
375.836
449.102
524.467
600.614
676.305
750.387
821.809
889.633
953.054
1011.41
1064.17
1110.99
1151.65
1186.09
1214.37
1236.68
1253.29
1264.57
1270.91
1272.76
1270.57
1264.81
1255.93
1244.35
1230.48
1214.68
1197.31
1178.67
1159.03
1138.63
1117.68
1096.38
1074.86
1053.26
1031.7
1010.25
988.991
967.979
947.253
926.842
906.767
887.037
867.656
848.623
829.929
811.566
793.518
775.771
758.31
741.116
724.174
707.468
690.982
674.702
658.616
642.713
626.984
611.424
596.026
580.789
565.711
550.795
536.044
521.462
507.058
492.837
478.81
464.987
451.377
437.991
424.84
411.935
399.284
386.898
374.784
362.95
351.402
340.144
329.182
318.517
308.151
298.085
288.318
278.848
269.673
260.79
252.195
243.883
235.849
228.088
220.594
213.361
206.382
199.65
193.159
186.902
180.871
175.06
169.462
164.07
158.877
153.876
149.061
144.424
139.96
135.662
131.523
127.539
123.702
120.008
116.45
113.024
109.724
106.544
103.481
100.529
97.6835
94.9408
92.2962
89.7456
87.2853
84.9113
82.6201
80.4082
78.2722
76.2089
74.2152
72.2882
70.4249
68.6226
66.8787
65.1907
63.556
61.9723
60.4373
58.9488
57.5047
56.1028
54.741
53.4174
52.1299
50.8765
49.6553
48.4642
47.3013
46.1645
45.0518
43.9611
42.8904
41.8379
40.802
39.7819
38.7777
37.791
36.8269
35.8961
15.0543
15.0513
15.047
15.042
15.0366
15.031
15.0255
15.0207
15.0174
15.0178
15.0285
15.069
15.1978
15.5872
16.7056
19.6597
26.5115
39.9933
62.4223
94.786
136.783
187.364
245.163
308.713
376.549
447.259
519.51
592.061
663.776
733.625
800.696
864.197
923.462
977.959
1027.28
1071.17
1109.46
1142.13
1169.25
1190.99
1207.59
1219.36
1226.64
1229.8
1229.25
1225.36
1218.53
1209.14
1197.53
1184.05
1168.99
1152.63
1135.23
1117.01
1098.17
1078.87
1059.26
1039.48
1019.62
999.781
980.026
960.413
940.989
921.784
902.823
884.12
865.684
847.516
829.615
811.973
794.583
777.433
760.511
743.805
727.302
710.988
694.853
678.884
663.074
647.412
631.895
616.515
601.271
586.163
571.19
556.356
541.665
527.124
512.74
498.521
484.479
470.622
456.962
443.511
430.28
417.28
404.522
392.016
379.77
367.795
356.096
344.68
333.552
322.716
312.175
301.93
291.982
282.33
272.973
263.908
255.132
246.642
238.432
230.499
222.837
215.439
208.3
201.413
194.772
188.37
182.2
176.255
170.528
165.013
159.702
154.589
149.666
144.927
140.366
135.976
131.75
127.683
123.768
119.999
116.372
112.879
109.517
106.279
103.16
100.156
97.2622
94.4736
91.7861
89.1954
86.6974
84.2882
81.9641
79.7215
77.5568
75.4669
73.4484
71.4983
69.6136
67.7916
66.0295
64.3247
62.6746
61.0768
59.529
58.0288
56.5742
55.1629
53.7928
52.4618
51.168
49.9093
48.6836
47.4891
46.3235
45.1849
44.0712
42.9802
41.9099
40.8585
39.8243
38.8065
37.8052
36.8229
35.8653
34.9445
14.2259
14.2155
14.204
14.1916
14.1785
14.1649
14.1511
14.1375
14.1253
14.1171
14.1206
14.1589
14.3
14.7397
15.9997
19.274
26.6841
40.8602
63.8313
96.2963
137.824
187.368
243.603
305.099
370.425
438.205
507.158
576.114
644.023
709.956
773.113
832.815
888.506
939.752
986.237
1027.75
1064.2
1095.57
1121.94
1143.46
1160.33
1172.83
1181.24
1185.87
1187.07
1185.16
1180.49
1173.37
1164.12
1153.03
1140.37
1126.39
1111.32
1095.37
1078.7
1061.5
1043.89
1025.99
1007.92
989.748
971.559
953.406
935.336
917.386
899.582
881.945
864.485
847.21
830.123
813.222
796.502
779.958
763.582
747.365
731.298
715.373
699.582
683.915
668.368
652.935
637.613
622.398
607.291
592.293
577.406
562.635
547.985
533.464
519.081
504.846
490.768
476.86
463.133
449.599
436.271
423.16
410.278
397.636
385.244
373.111
361.247
349.658
338.35
327.329
316.597
306.159
296.015
286.167
276.612
267.351
258.38
249.697
241.297
233.177
225.332
217.756
210.444
203.389
196.585
190.026
183.705
177.614
171.748
166.099
160.661
155.425
150.387
145.538
140.871
136.382
132.062
127.905
123.906
120.058
116.356
112.793
109.364
106.063
102.886
99.8274
96.882
94.0453
91.3128
88.6801
86.1429
83.6972
81.3392
79.065
76.8711
74.7541
72.7105
70.7374
68.8315
66.99
65.2101
63.489
61.8242
60.2131
58.6534
57.1427
55.6787
54.2593
52.8823
51.5457
50.2472
48.985
47.7569
46.561
45.3952
44.2574
43.1455
42.0574
40.9911
39.9446
38.9165
37.9058
36.913
35.9412
34.9979
34.0957
13.6361
13.6168
13.5971
13.5768
13.5562
13.5353
13.5143
13.4935
13.4742
13.4591
13.457
13.4928
13.6403
14.1079
15.4425
18.8683
26.4913
40.8046
63.5974
95.3712
135.641
183.41
237.428
296.33
358.737
423.328
488.877
554.28
618.561
680.879
740.518
796.885
849.507
898.024
942.178
981.812
1016.85
1047.31
1073.25
1094.82
1112.19
1125.58
1135.25
1141.46
1144.49
1144.63
1142.17
1137.38
1130.53
1121.88
1111.66
1100.11
1087.42
1073.78
1059.36
1044.3
1028.74
1012.79
996.555
980.113
963.539
946.891
930.219
913.562
896.951
880.407
863.95
847.589
831.333
815.184
799.144
783.21
767.38
751.65
736.015
720.47
705.01
689.633
674.335
659.113
643.967
628.898
613.907
598.998
584.175
569.445
554.816
540.295
525.892
511.62
497.488
483.51
469.698
456.065
442.624
429.387
416.368
403.577
391.026
378.726
366.685
354.912
343.414
332.197
321.266
310.624
300.275
290.22
280.459
270.991
261.816
252.93
244.331
236.015
227.978
220.215
212.72
205.489
198.514
191.79
185.309
179.066
173.054
167.265
161.692
156.33
151.17
146.205
141.43
136.837
132.419
128.17
124.084
120.154
116.375
112.74
109.243
105.879
102.642
99.5279
96.5307
93.6458
90.8684
88.1939
85.6181
83.1365
80.7454
78.4406
76.2186
74.0757
72.0085
70.0137
68.0882
66.2288
64.4329
62.6974
61.0198
59.3975
57.828
56.3088
54.8378
53.4127
52.0312
50.6913
49.3908
48.1278
46.9001
45.7058
44.5428
43.4091
42.3027
41.2214
40.1633
39.1266
38.1097
37.112
36.1343
35.1807
34.261
33.3881
13.2617
13.233
13.2043
13.1756
13.147
13.1184
13.0899
13.062
13.0357
13.014
13.0058
13.0365
13.1803
13.6458
14.9737
18.3607
25.8355
39.7526
61.7485
92.2266
130.69
176.198
227.579
283.547
342.792
404.056
466.177
528.114
588.957
647.933
704.394
757.815
807.784
853.996
896.236
934.377
968.367
998.219
1024
1045.83
1063.86
1078.28
1089.3
1097.15
1102.06
1104.27
1104.03
1101.58
1097.14
1090.94
1083.18
1074.07
1063.78
1052.48
1040.32
1027.45
1013.97
999.997
985.629
970.946
956.019
940.906
925.659
910.318
894.919
879.488
864.046
848.61
833.19
817.797
802.434
787.106
771.815
756.56
741.342
726.161
711.015
695.906
680.833
665.798
650.804
635.854
620.953
606.106
591.321
576.606
561.97
547.423
532.977
518.644
504.437
490.368
476.452
462.702
449.132
435.756
422.585
409.634
396.914
384.436
372.211
360.246
348.552
337.133
325.997
315.148
304.589
294.323
284.351
274.673
265.289
256.197
247.395
238.879
230.647
222.693
215.013
207.602
200.453
193.561
186.919
180.522
174.361
168.43
162.723
157.232
151.95
146.87
141.986
137.289
132.774
128.434
124.262
120.252
116.396
112.69
109.128
105.702
102.408
99.2409
96.1944
93.2638
90.4442
87.7307
85.119
82.6045
80.1832
77.8509
75.6038
73.4381
71.3504
69.3372
67.3952
65.5212
63.7124
61.9658
60.2787
58.6484
57.0723
55.5481
54.0734
52.6458
51.2632
49.9234
48.6244
47.364
46.1403
44.9513
43.7951
42.6695
41.5728
40.5029
39.4581
38.4366
37.4371
36.4593
35.5045
34.578
33.6934
32.8621
13.0562
13.02
12.984
12.9482
12.9125
12.8771
12.842
12.8076
12.775
12.7469
12.7318
12.754
12.8835
13.3159
14.5569
17.7245
24.7195
37.7681
58.4486
87.1724
123.468
166.434
214.961
267.835
323.821
381.73
440.467
499.055
556.647
612.526
666.103
716.906
764.57
808.828
849.497
886.469
919.7
949.204
975.04
997.307
1016.14
1031.68
1044.12
1053.65
1060.45
1064.74
1066.72
1066.58
1064.54
1060.77
1055.45
1048.76
1040.86
1031.9
1022
1011.3
999.901
987.912
975.418
962.498
949.221
935.647
921.827
907.805
893.617
879.295
864.862
850.34
835.746
821.092
806.389
791.646
776.869
762.063
747.234
732.385
717.52
702.644
687.761
672.877
657.997
643.129
628.279
613.458
598.673
583.936
569.259
554.653
540.132
525.708
511.397
497.212
483.169
469.281
455.563
442.03
428.695
415.572
402.673
390.009
377.593
365.432
353.538
341.916
330.574
319.517
308.749
298.273
288.092
278.206
268.615
259.32
250.317
241.606
233.181
225.04
217.179
209.591
202.273
195.217
188.419
181.871
175.567
169.5
163.662
158.048
152.65
147.46
142.472
137.678
133.072
128.646
124.394
120.309
116.384
112.613
108.991
105.51
102.165
98.95
95.86
92.8895
90.0334
87.2868
84.6448
82.1029
79.6569
77.3024
75.0355
72.8523
70.7492
68.7225
66.769
64.8853
63.0685
61.3154
59.6234
57.9896
56.4115
54.8866
53.4125
51.9868
50.6073
49.2719
47.9785
46.7251
45.5096
44.3303
43.1851
42.0723
40.99
39.9367
38.9105
37.9104
36.9354
35.9856
35.0632
34.1747
33.3394
32.5582
12.9619
12.9213
12.8808
12.8405
12.8003
12.7603
12.7206
12.6817
12.6443
12.6112
12.5897
12.6016
12.7088
13.0845
14.178
16.9911
23.2595
35.0861
54.0572
80.6813
114.564
154.84
200.436
250.191
302.937
357.554
413.013
468.404
522.939
575.958
626.922
675.402
721.071
763.686
803.086
839.172
871.905
901.29
927.375
950.24
969.991
986.756
1000.68
1011.92
1020.63
1026.99
1031.16
1033.32
1033.62
1032.24
1029.32
1025.01
1019.46
1012.78
1005.1
996.538
987.187
977.143
966.489
955.299
943.641
931.573
919.147
906.408
893.396
880.144
866.681
853.033
839.219
825.259
811.169
796.96
782.645
768.235
753.739
739.166
724.525
709.824
695.074
680.282
665.458
650.614
635.761
620.909
606.072
591.262
576.495
561.783
547.142
532.587
518.134
503.799
489.596
475.543
461.653
447.942
434.425
421.115
408.025
395.168
382.555
370.196
358.101
346.277
334.732
323.471
312.5
301.822
291.44
281.355
271.568
262.08
252.888
243.991
235.387
227.072
219.041
211.291
203.815
196.61
189.668
182.983
176.549
170.359
164.405
158.681
153.179
147.893
142.814
137.936
133.251
128.752
124.432
120.284
116.302
112.478
108.807
105.281
101.896
98.6439
95.5205
92.5199
89.6368
86.866
84.2026
81.642
79.1795
76.8109
74.5319
72.3387
70.2274
68.1943
66.236
64.3492
62.5306
60.7773
59.0863
57.4548
55.8803
54.3601
52.8918
51.473
50.1017
48.7755
47.4925
46.2507
45.0481
43.883
42.7536
41.6583
40.5956
39.564
38.5624
37.5902
36.6474
35.7355
34.8591
34.0245
33.2393
32.5062
12.9273
12.8848
12.8424
12.8
12.7577
12.7156
12.6738
12.6325
12.5926
12.5562
12.5297
12.5313
12.613
12.9207
13.8358
16.2239
21.6324
32.0352
49.0562
73.3562
104.671
142.193
184.873
231.585
281.21
332.685
385.048
437.448
489.161
539.578
588.207
634.658
678.631
719.906
758.332
793.814
826.307
855.808
882.347
905.983
926.797
944.889
960.372
973.372
984.019
992.449
998.802
1003.22
1005.83
1006.78
1006.19
1004.19
1000.9
996.428
990.888
984.376
976.985
968.8
959.897
950.349
940.22
929.568
918.446
906.899
894.969
882.695
870.107
857.236
844.107
830.743
817.165
803.392
789.44
775.325
761.063
746.667
732.151
717.529
702.815
688.021
673.163
658.254
643.31
628.345
613.375
598.418
583.488
568.603
553.779
539.035
524.387
509.852
495.448
481.19
467.095
453.179
439.456
425.94
412.646
399.586
386.77
374.21
361.915
349.893
338.152
326.698
315.536
304.669
294.102
283.835
273.871
264.21
254.85
245.791
237.029
228.563
220.388
212.499
204.892
197.561
190.501
183.705
177.166
170.878
164.832
159.023
153.442
148.082
142.936
137.995
133.253
128.702
124.335
120.144
116.123
112.265
108.562
105.009
101.599
98.326
95.1842
92.1678
89.2713
86.4894
83.8171
81.2496
78.782
76.4101
74.1294
71.936
69.8259
67.7954
65.8408
63.9589
62.1464
60.4002
58.7172
57.0947
55.5301
54.0206
52.564
51.1578
49.7998
48.488
47.2202
45.9947
44.8096
43.6633
42.5542
41.4809
40.4423
39.4374
38.4657
37.5275
36.6235
35.7557
34.9277
34.1445
33.4119
32.7319
12.9187
12.8758
12.8329
12.7901
12.7474
12.7047
12.6623
12.6203
12.5794
12.5414
12.5114
12.504
12.5612
12.8012
13.5361
15.4914
20.0183
28.9522
43.9569
65.8698
94.5957
129.412
169.301
213.155
259.884
308.474
358.015
407.717
456.912
505.046
551.672
596.433
639.056
679.336
717.125
752.328
784.891
814.792
842.044
866.679
888.753
908.334
925.507
940.365
953.009
963.544
972.08
978.729
983.602
986.81
988.462
988.665
987.521
985.129
981.583
976.972
971.38
964.886
957.563
949.481
940.701
931.281
921.276
910.734
899.698
888.211
876.309
864.025
851.392
838.436
825.185
811.662
797.891
783.893
769.688
755.297
740.738
726.031
711.193
696.244
681.203
666.087
650.917
635.71
620.486
605.264
590.064
574.905
559.807
544.788
529.867
515.064
500.395
485.879
471.533
457.371
443.411
429.665
416.147
402.87
389.845
377.081
364.589
352.377
340.451
328.817
317.482
306.448
295.72
285.3
275.188
265.386
255.893
246.707
237.826
229.248
220.968
212.982
205.285
197.871
190.735
183.869
177.267
170.921
164.824
158.968
153.346
147.95
142.772
137.804
133.039
128.468
124.084
119.879
115.848
111.981
108.273
104.716
101.305
98.0322
94.8924
91.8795
88.9879
86.2122
83.5472
80.988
78.5298
76.168
73.8983
71.7166
69.6189
67.6014
65.6605
63.7927
61.9948
60.2636
58.5962
56.9897
55.4414
53.9488
52.5094
51.1209
49.7812
48.4881
47.2398
46.0344
44.8705
43.7464
42.6608
41.6128
40.6013
39.6258
38.6861
37.7829
36.9175
36.0926
35.3124
34.5827
33.9106
33.2969
12.9216
12.8791
12.8366
12.7942
12.7518
12.7096
12.6675
12.6259
12.5851
12.5466
12.5146
12.5007
12.5385
12.7226
13.3061
14.8913
18.6503
26.284
39.4854
59.2642
85.7039
118.182
155.711
197.189
241.54
287.777
335.038
382.586
429.809
476.206
521.371
564.981
606.781
646.575
684.218
719.604
752.664
783.356
811.667
837.601
861.183
882.451
901.458
918.265
932.942
945.567
956.223
964.997
971.978
977.256
980.924
983.072
983.789
983.165
981.283
978.228
974.077
968.907
962.789
955.791
947.976
939.405
930.134
920.215
909.697
898.625
887.041
874.986
862.495
849.603
836.343
822.746
808.84
794.653
780.211
765.541
750.667
735.614
720.406
705.066
689.617
674.083
658.487
642.851
627.199
611.552
595.932
580.363
564.864
549.458
534.165
519.004
503.994
489.154
474.5
460.049
445.814
431.811
418.051
404.546
391.306
378.341
365.659
353.269
341.176
329.387
317.907
306.74
295.889
285.356
275.143
265.25
255.677
246.421
237.48
228.851
220.53
212.51
204.788
197.355
190.207
183.335
176.732
170.391
164.302
158.459
152.852
147.474
142.316
137.37
132.628
128.082
123.724
119.547
115.542
111.703
108.023
104.494
101.111
97.8661
94.7539
91.7685
88.904
86.1552
83.5167
80.9837
78.5513
76.215
73.9705
71.8136
69.7404
67.7471
65.8302
63.9861
62.2117
60.5037
58.8594
57.2758
55.7502
54.2802
52.8634
51.4975
50.1803
48.91
47.6846
46.5026
45.3623
44.2626
43.2023
42.1807
41.1972
40.2519
39.3453
38.4787
37.6546
36.877
36.1517
35.4872
34.8937
34.3737
12.9374
12.8962
12.8551
12.8141
12.7732
12.7325
12.6919
12.6518
12.6124
12.575
12.5427
12.5248
12.5475
12.6855
13.1397
14.4013
17.4726
23.916
35.4454
53.2493
77.6154
108.047
143.596
183.162
225.662
270.127
315.729
361.78
407.722
453.097
497.534
540.733
582.45
622.488
660.692
696.94
731.137
763.214
793.123
820.836
846.339
869.636
890.744
909.691
926.519
941.278
954.024
964.825
973.752
980.879
986.287
990.057
992.272
993.014
992.367
990.411
987.226
982.888
977.473
971.051
963.691
955.459
946.414
936.617
926.122
914.982
903.245
890.957
878.164
864.906
851.223
837.152
822.73
807.989
792.964
777.685
762.184
746.491
730.634
714.642
698.543
682.364
666.132
649.873
633.613
617.377
601.189
585.075
569.057
553.157
537.397
521.798
506.379
491.157
476.149
461.37
446.833
432.55
418.533
404.79
391.331
378.164
365.298
352.739
340.494
328.569
316.97
305.7
294.763
284.161
273.894
263.964
254.368
245.103
236.167
227.555
219.261
211.278
203.601
196.221
189.131
182.323
175.787
169.515
163.499
157.729
152.196
146.892
141.808
136.935
132.265
127.79
123.501
119.39
115.451
111.675
108.056
104.586
101.259
98.069
95.0092
92.0741
89.258
86.5556
83.9617
81.4715
79.0802
76.7834
74.5769
72.4567
70.4187
68.4595
66.5754
64.7632
63.0197
61.3418
59.7266
58.1716
56.674
55.2315
53.8416
52.5024
51.2118
49.9678
48.7689
47.6135
46.5004
45.4284
44.3967
43.4051
42.4535
41.5426
40.6738
39.8498
39.0746
38.3547
37.6995
37.1229
36.6432
36.2703
12.9874
12.9497
12.9121
12.8748
12.8377
12.8009
12.7644
12.7282
12.6928
12.6589
12.6289
12.6098
12.621
12.7178
13.0512
14.0005
16.3836
21.5851
31.3024
46.9142
68.9726
97.175
130.661
168.34
209.125
252.051
296.32
341.292
386.45
431.376
475.72
519.192
561.547
602.579
642.109
679.986
716.08
750.28
782.491
812.638
840.662
866.522
890.193
911.666
930.949
948.064
963.046
975.942
986.81
995.716
1002.73
1007.94
1011.41
1013.24
1013.51
1012.3
1009.7
1005.81
1000.68
994.418
987.086
978.762
969.516
959.415
948.524
936.904
924.612
911.704
898.233
884.247
869.794
854.919
839.665
824.072
808.181
792.029
775.652
759.086
742.365
725.521
708.587
691.594
674.57
657.547
640.551
623.611
606.753
590.002
573.382
556.918
540.631
524.542
508.669
493.03
477.638
462.507
447.645
433.063
418.769
404.771
391.075
377.69
364.623
351.883
339.477
327.412
315.694
304.329
293.319
282.666
272.371
262.432
252.847
243.612
234.72
226.166
217.942
210.039
202.451
195.166
188.176
181.47
175.04
168.875
162.966
157.302
151.875
146.674
141.691
136.917
132.343
127.959
123.76
119.735
115.878
112.181
108.637
105.24
101.982
98.8584
95.8621
92.9875
90.2294
87.5825
85.0418
82.6025
80.26
78.0102
75.8488
73.7719
71.7757
69.8568
68.0116
66.2369
64.5297
62.8871
61.3062
59.7844
58.3193
56.9084
55.5496
54.2409
52.9804
51.7662
50.597
49.4714
48.3882
47.3468
46.3467
45.3879
44.4713
43.5982
42.7713
41.995
41.2759
40.624
40.0547
39.5909
39.2662
39.1101
13.1274
13.0973
13.0674
13.0379
13.0087
12.9797
12.9511
12.9228
12.8951
12.8685
12.8447
12.8283
12.8327
12.8957
13.1218
13.7824
15.4981
19.4223
27.155
40.23
59.5138
84.9927
115.975
151.435
190.294
231.599
274.579
318.637
363.294
408.156
452.888
497.204
540.853
583.608
625.26
665.613
704.482
741.695
777.091
810.528
841.882
871.053
897.961
922.552
944.795
964.683
982.226
997.458
1010.42
1021.19
1029.81
1036.39
1041.01
1043.75
1044.72
1044.01
1041.72
1037.95
1032.79
1026.33
1018.66
1009.88
1000.06
989.281
977.623
965.157
951.952
938.073
923.582
908.539
893
877.017
860.642
843.924
826.907
809.636
792.154
774.5
756.714
738.832
720.889
702.922
684.961
667.039
649.186
631.431
613.801
596.323
579.022
561.921
545.043
528.407
512.031
495.929
480.112
464.587
449.358
434.431
419.81
405.502
391.514
377.854
364.533
351.561
338.95
326.707
314.843
303.361
292.266
281.558
271.237
261.299
251.738
242.548
233.72
225.245
217.114
209.314
201.835
194.667
187.797
181.214
174.907
168.866
163.079
157.537
152.228
147.143
142.273
137.608
133.139
128.858
124.756
120.825
117.059
113.449
109.989
106.671
103.49
100.44
97.5138
94.707
92.0139
89.4295
86.9489
84.5676
82.2811
80.0853
77.9761
75.9497
74.0025
72.131
70.3319
68.6021
66.9385
65.3384
63.7991
62.318
60.8927
59.521
58.2008
56.9301
55.7073
54.5306
53.3989
52.3109
51.2658
50.2633
49.3032
48.3863
47.5141
46.6891
45.9155
45.2001
44.5527
43.9891
43.5332
43.2233
43.1193
43.2951
13.4605
13.4432
13.426
13.409
13.3921
13.3753
13.3585
13.342
13.3256
13.3098
13.2956
13.2858
13.2886
13.3276
13.4685
13.8876
15.0157
17.7358
23.4475
33.7396
49.7855
71.9432
99.8
132.483
168.987
208.392
249.955
293.103
337.38
382.413
427.889
473.533
519.091
564.316
608.957
652.754
695.441
736.753
776.43
814.234
849.947
883.386
914.401
942.881
968.749
991.964
1012.52
1030.42
1045.73
1058.5
1068.8
1076.74
1082.42
1085.94
1087.42
1086.97
1084.72
1080.77
1075.24
1068.24
1059.88
1050.27
1039.5
1027.67
1014.87
1001.19
986.706
971.5
955.644
939.209
922.261
904.862
887.071
868.944
850.534
831.893
813.066
794.101
775.04
755.924
736.792
717.681
698.626
679.661
660.816
642.123
623.609
605.301
587.223
569.399
551.85
534.595
517.648
501.019
484.709
468.717
453.038
437.672
422.62
407.892
393.498
379.453
365.773
352.476
339.576
327.087
315.019
303.379
292.168
281.386
271.028
261.086
251.551
242.411
233.655
225.269
217.238
209.551
202.191
195.147
188.405
181.951
175.774
169.861
164.201
158.783
153.597
148.631
143.877
139.324
134.964
130.789
126.788
122.956
119.284
115.766
112.394
109.161
106.063
103.092
100.243
97.5103
94.8895
92.3752
89.9629
87.6479
85.4261
83.2934
81.2459
79.2799
77.3918
75.5783
73.8362
72.1625
70.5541
69.0085
67.523
66.0951
64.7225
63.4032
62.1351
60.9164
59.7456
58.6211
57.542
56.5073
55.5165
54.5697
53.6673
52.8108
52.0026
51.2467
50.5494
49.9202
49.374
48.9339
48.6372
48.5459
48.7641
49.4576
14.133
14.1319
14.1305
14.1287
14.1265
14.1239
14.121
14.1177
14.114
14.1103
14.107
14.1057
14.1109
14.1354
14.2158
14.4539
15.1153
16.8056
20.6332
28.0983
40.5992
58.9038
82.9902
112.258
145.856
182.941
222.796
264.859
308.699
353.98
400.433
447.822
495.912
544.441
593.102
641.544
689.376
736.189
781.575
825.147
866.557
905.505
941.748
975.102
1005.44
1032.68
1056.8
1077.81
1095.75
1110.71
1122.78
1132.07
1138.72
1142.86
1144.63
1144.17
1141.63
1137.16
1130.89
1122.96
1113.5
1102.64
1090.5
1077.2
1062.83
1047.51
1031.34
1014.41
996.794
978.588
959.864
940.696
921.152
901.295
881.186
860.881
840.435
819.896
799.314
778.731
758.191
737.732
717.391
697.202
677.199
657.411
637.866
618.59
599.608
580.94
562.607
544.626
527.006
509.746
492.831
476.237
459.946
443.953
428.27
412.914
397.912
383.292
369.083
355.311
341.999
329.164
316.815
304.958
293.59
282.706
272.293
262.337
252.824
243.734
235.05
226.754
218.828
211.253
204.014
197.094
190.477
184.151
178.101
172.314
166.779
161.483
156.417
151.569
146.929
142.489
138.238
134.168
130.271
126.539
122.965
119.541
116.262
113.121
110.111
107.227
104.463
101.814
99.2756
96.8425
94.5102
92.2743
90.1308
88.0756
86.1051
84.2155
82.4034
80.6656
78.9989
77.4004
75.8673
74.3969
72.9866
71.6343
70.3375
69.0944
67.9031
66.7618
65.6693
64.6243
63.626
62.6738
61.7676
60.908
60.0963
59.3347
58.6271
57.9791
57.3997
56.9023
56.5081
56.2505
56.1851
56.41
57.1009
58.6012
15.3161
15.3306
15.3441
15.3565
15.3681
15.3787
15.3885
15.3975
15.4058
15.4135
15.4208
15.4286
15.4389
15.4576
15.5021
15.6222
15.9569
16.861
19.0981
23.9284
32.8302
46.9529
66.7471
91.9966
122.091
156.307
193.981
234.584
277.728
323.153
370.687
420.194
471.509
524.375
578.417
633.142
687.959
742.229
795.308
846.588
895.524
941.659
984.626
1024.15
1060.05
1092.21
1120.59
1145.22
1166.16
1183.51
1197.41
1208.02
1215.49
1220.01
1221.77
1220.95
1217.72
1212.28
1204.79
1195.43
1184.35
1171.72
1157.68
1142.36
1125.9
1108.43
1090.05
1070.89
1051.03
1030.58
1009.62
988.235
966.509
944.511
922.309
899.965
877.539
855.086
832.656
810.298
788.055
765.969
744.077
722.415
701.016
679.908
659.12
638.675
618.596
598.903
579.613
560.739
542.284
524.225
506.502
489.045
471.819
454.837
438.139
421.782
405.826
390.326
375.328
360.871
346.98
333.671
320.948
308.808
297.239
286.223
275.738
265.76
256.262
247.219
238.606
230.397
222.57
215.103
207.977
201.173
194.675
188.466
182.534
176.865
171.446
166.266
161.314
156.578
152.05
147.718
143.575
139.611
135.819
132.19
128.719
125.397
122.218
119.176
116.266
113.481
110.817
108.268
105.829
103.496
101.265
99.1302
97.0888
95.1366
93.2698
91.4851
89.7791
88.1485
86.5903
85.1016
83.6798
82.3221
81.0262
79.7899
78.611
77.4877
76.4182
75.4011
74.4352
73.5195
72.6535
71.8372
71.0708
70.3558
69.6941
69.0894
68.5469
68.0747
67.6851
67.3963
67.2373
67.2547
67.5283
68.2066
69.5752
72.3063
17.2206
17.2484
17.275
17.3005
17.325
17.3485
17.3713
17.3934
17.4149
17.4359
17.4568
17.4777
17.4995
17.5244
17.5589
17.6224
17.7723
18.1724
19.2436
21.8667
27.3955
37.2539
52.3972
73.0937
99.0694
129.787
164.675
203.268
245.262
290.537
339.125
391.123
446.556
505.231
566.682
630.178
694.792
759.498
823.268
885.144
944.296
1000.04
1051.85
1099.35
1142.3
1180.56
1214.1
1242.99
1267.32
1287.27
1303.02
1314.81
1322.84
1327.38
1328.67
1326.94
1322.43
1315.38
1306
1294.5
1281.09
1265.95
1249.27
1231.21
1211.94
1191.58
1170.3
1148.2
1125.42
1102.06
1078.22
1054
1029.49
1004.77
979.914
954.991
930.066
905.199
880.444
855.852
831.469
807.336
783.493
759.974
736.812
714.034
691.667
669.733
648.251
627.239
606.711
586.674
567.117
547.973
529.058
510.209
491.388
472.686
454.247
436.22
418.73
401.871
385.708
370.279
355.6
341.671
328.477
315.992
304.183
293.014
282.445
272.436
262.949
253.946
245.395
237.263
229.523
222.149
215.119
208.413
202.013
195.904
190.073
184.506
179.191
174.115
169.268
164.638
160.215
155.991
151.955
148.1
144.417
140.9
137.541
134.333
131.271
128.348
125.559
122.898
120.36
117.94
115.634
113.437
111.344
109.352
107.457
105.654
103.941
102.314
100.769
99.3031
97.914
96.5986
95.3541
94.178
93.068
92.0218
91.0376
90.1135
89.2479
88.4395
87.6873
86.9906
86.3493
85.7636
85.2345
84.764
84.3551
84.0127
83.744
83.5594
83.4747
83.514
83.7147
84.1386
84.8935
86.1917
88.4718
92.9973
20.249
20.294
20.3387
20.3832
20.4279
20.4728
20.5182
20.5644
20.6115
20.6599
20.7098
20.7614
20.815
20.8713
20.9322
21.0026
21.0994
21.275
21.6893
22.7772
25.4784
31.2314
41.4793
57.1069
78.3125
104.833
136.236
172.138
212.356
257.005
306.512
361.5
422.477
489.447
561.797
638.371
717.619
797.823
877.291
954.504
1028.19
1097.35
1161.27
1219.44
1271.6
1317.62
1357.53
1391.47
1419.65
1442.33
1459.82
1472.44
1480.53
1484.41
1484.44
1480.92
1474.16
1464.48
1452.14
1437.41
1420.54
1401.77
1381.32
1359.39
1336.16
1311.82
1286.52
1260.42
1233.66
1206.35
1178.63
1150.6
1122.35
1093.98
1065.57
1037.2
1008.94
980.852
952.992
925.413
898.164
871.288
844.821
818.8
793.254
768.21
743.691
719.717
696.303
673.464
651.207
629.534
608.413
587.677
566.763
545.332
523.467
501.527
479.93
459.015
439.011
420.047
402.176
385.4
369.687
354.984
341.228
328.349
316.278
304.944
294.283
284.236
274.746
265.767
257.255
249.173
241.489
234.174
227.204
220.559
214.222
208.18
202.421
196.932
191.701
186.714
181.96
177.428
173.109
168.992
165.069
161.332
157.773
154.385
151.162
148.097
145.185
142.418
139.793
137.303
134.945
132.712
130.601
128.606
126.725
124.953
123.286
121.72
120.252
118.879
117.597
116.403
115.294
114.267
113.321
112.451
111.656
110.933
110.281
109.697
109.18
108.729
108.342
108.019
107.76
107.565
107.435
107.372
107.381
107.467
107.637
107.905
108.289
108.818
109.536
110.518
111.897
113.954
117.306
124.268
25.4314
25.5198
25.6117
25.7076
25.8078
25.9129
26.0233
26.1396
26.2624
26.3921
26.5294
26.6747
26.8284
26.9908
27.1624
27.3437
27.5364
27.7484
28.0096
28.4298
29.3584
31.667
36.8707
46.6403
62.0473
83.3612
110.36
142.722
180.374
223.772
274.076
333.102
402.637
483.131
573.635
672.087
775.654
881.239
985.941
1087.27
1183.25
1272.5
1354.07
1427.38
1492.17
1548.47
1596.46
1636.45
1668.88
1694.21
1712.92
1725.54
1732.55
1734.43
1731.66
1724.68
1713.9
1699.71
1682.48
1662.54
1640.22
1615.79
1589.55
1561.72
1532.54
1502.22
1470.95
1438.91
1406.27
1373.17
1339.74
1306.11
1272.39
1238.68
1205.08
1171.67
1138.52
1105.71
1073.28
1041.31
1009.83
978.893
948.531
918.779
889.664
861.211
833.438
806.363
779.995
754.343
729.408
705.182
681.605
658.291
633.245
606.087
577.634
549.074
521.424
495.337
471.132
448.884
428.525
409.916
392.884
377.256
362.865
349.563
337.214
325.705
314.935
304.821
295.29
286.283
277.75
269.651
261.95
254.619
247.634
240.976
234.632
228.599
222.864
217.416
212.239
207.32
202.646
198.207
193.992
189.992
186.199
182.606
179.204
175.988
172.952
170.088
167.392
164.859
162.481
160.256
158.178
156.243
154.445
152.781
151.247
149.839
148.552
147.383
146.329
145.386
144.55
143.819
143.188
142.656
142.218
141.872
141.615
141.444
141.357
141.351
141.424
141.573
141.797
142.094
142.463
142.903
143.414
143.998
144.656
145.394
146.218
147.14
148.178
149.359
150.729
152.366
154.411
157.189
161.454
171.408
36.1994
36.4544
36.7264
37.0164
37.3258
37.6561
38.0088
38.3856
38.7878
39.2172
39.6752
40.1633
40.6829
41.2352
41.821
42.4405
43.0928
43.7749
44.481
45.2039
45.9538
46.8529
48.4019
51.8555
59.209
72.3995
92.3363
119.035
152.513
193.748
245.269
311.811
399.162
508.286
636.76
780.004
931.922
1086.27
1237.79
1382.23
1516.65
1639.35
1749.24
1845.88
1929.31
1999.94
2058.43
2105.54
2142.15
2169.12
2187.31
2197.55
2200.63
2197.26
2188.13
2173.87
2155.05
2132.2
2105.81
2076.32
2044.14
2009.64
1973.16
1935.01
1895.48
1854.81
1813.26
1771.02
1728.3
1685.27
1642.08
1598.88
1555.81
1512.97
1470.46
1428.4
1386.84
1345.88
1305.57
1265.97
1227.13
1189.09
1151.89
1115.56
1080.12
1045.6
1012
979.35
947.639
916.871
887.037
858.112
829.999
801.781
764.387
720.895
675.727
632.212
592.24
556.568
525.219
497.83
473.879
452.822
434.16
417.465
402.381
388.624
375.966
364.228
353.269
342.98
333.277
324.092
315.375
307.085
299.191
291.666
284.491
277.65
271.151
265.011
259.213
253.737
248.564
243.677
239.063
234.709
230.607
226.747
223.123
219.726
216.551
213.591
210.841
208.294
205.946
203.79
201.822
200.037
198.43
196.996
195.731
194.629
193.687
192.901
192.265
191.777
191.43
191.222
191.147
191.202
191.383
191.684
192.102
192.632
193.269
194.009
194.847
195.778
196.798
197.903
199.086
200.343
201.671
203.064
204.519
206.031
207.6
209.222
210.898
212.632
214.43
216.308
218.292
220.436
222.84
225.8
229.935
242.864
68.3724
69.3566
70.4175
71.559
72.7864
74.1044
75.517
77.0285
78.6434
80.3663
82.2021
84.1554
86.2313
88.4346
90.77
93.2418
95.8538
98.6079
101.503
104.528
107.656
110.814
113.874
116.704
119.448
122.905
128.907
140.414
161.345
196.65
253.076
344.295
495.718
701.476
948.007
1221.24
1504.1
1781.8
2043.55
2282.72
2496.38
2684.85
2847.4
2984.66
3098.05
3189.41
3260.73
3314.02
3351.21
3374.08
3384.26
3383.24
3372.35
3352.76
3325.56
3291.7
3252.04
3207.34
3158.3
3105.56
3049.67
2991.14
2930.45
2867.99
2804.17
2739.3
2673.71
2607.66
2541.42
2475.2
2409.2
2343.61
2278.59
2214.27
2150.79
2088.26
2026.77
1966.41
1907.26
1849.38
1792.82
1737.63
1683.84
1631.47
1580.56
1531.12
1483.15
1436.66
1391.65
1348.09
1305.97
1265.25
1225.83
1185.33
1083.3
974.843
877.583
795.849
729.149
675.388
632.129
597.101
568.376
544.405
523.989
506.224
490.443
476.159
463.024
450.79
439.283
428.385
418.011
408.105
398.631
389.56
380.876
372.566
364.619
357.03
349.895
343.309
337.177
331.442
326.072
321.045
316.347
311.967
307.896
304.127
300.654
297.469
294.567
291.941
289.585
287.493
285.659
284.076
282.739
281.641
280.777
280.139
279.722
279.52
279.526
279.734
280.137
280.729
281.503
282.452
283.569
284.846
286.276
287.851
289.562
291.402
293.36
295.429
297.598
299.857
302.196
304.604
307.07
309.58
312.124
314.687
317.255
319.812
322.342
324.827
327.244
329.569
331.774
333.823
335.673
337.27
338.54
339.482
339.917
350.573
82.355
81.0363
79.8156
78.6905
77.6587
76.7184
75.8679
75.1061
74.4319
73.8444
73.343
72.9272
72.5968
72.3518
72.1922
72.1185
72.1312
72.2314
72.4212
72.7056
73.0979
73.6398
74.4617
75.9488
79.1267
86.8725
105.513
146.329
227.522
372.014
600.417
978.381
1895.55
2908.21
3929.19
4896.56
5773.14
6541.55
7198.08
7747.08
8198.3
8562.54
8849.29
9068.03
9227.68
9336.23
9400.71
9427.21
9420.97
9386.45
9327.52
9247.48
9149.2
9035.2
8907.66
8768.52
8619.51
8462.16
8297.85
8127.83
7953.2
7774.98
7594.08
7411.31
7227.42
7043.09
6858.9
6675.41
6493.1
6312.42
6133.74
5957.41
5783.75
5613.02
5445.45
5281.27
5120.63
4963.7
4810.6
4661.43
4516.27
4375.2
4238.24
4105.44
3976.81
3852.34
3732.02
3615.83
3503.74
3395.72
3291.74
3191.79
3095.85
2997.65
2079.65
1575.99
1283.91
1107.26
996.765
925.484
877.86
844.568
819.879
800.234
783.426
768.099
753.446
739.007
724.549
709.976
695.28
680.5
665.702
650.962
636.354
621.948
607.804
593.972
580.493
567.394
554.648
542.234
530.152
518.409
507.014
495.977
485.304
475
465.065
455.498
446.295
437.45
428.956
420.805
412.986
405.49
398.307
391.425
384.834
378.523
372.48
366.694
361.156
355.855
350.78
345.921
341.269
336.814
332.548
328.461
324.544
320.791
317.193
313.742
310.431
307.252
304.201
301.269
298.45
295.74
293.13
290.617
288.194
285.855
283.595
281.407
279.285
277.223
275.212
273.242
271.303
269.38
267.456
265.506
263.498
261.383
259.117
256.518
254.084
251.975
121.941
125.397
130.434
136.037
141.89
148.038
154.543
161.466
168.901
176.971
185.834
195.692
206.71
136.782
104.5
89.3742
82.8548
80.929
81.5833
83.6124
86.6711
89.6714
94.8056
97.0382
111.822
54.3163
53.6816
53.6476
54.1538
55.0423
56.1911
57.5364
59.0495
60.7211
62.5565
64.5726
66.7933
69.0328
63.4725
57.4754
52.7343
49.4657
47.4898
46.5585
46.444
47.1083
48.3775
50.2573
52.8697
55.0157
39.9233
39.4571
39.1582
39.0766
39.1956
39.4778
39.8931
40.421
41.048
41.7672
42.5769
43.4758
44.3692
43.6303
42.0258
40.2305
38.63
37.4032
36.6086
36.2417
36.3007
36.7571
37.5613
38.8623
39.7753
34.598
34.2688
33.9827
33.7854
33.6912
33.6952
33.7886
33.9625
34.2092
34.5229
34.8995
35.3336
35.7745
35.727
35.2095
34.4179
33.5553
32.7767
32.1803
31.8183
31.7163
31.8879
32.2962
33.0568
33.5689
32.3119
32.0373
31.7662
31.5302
31.3469
31.2214
31.1548
31.1456
31.1912
31.2884
31.4341
31.6229
31.8255
31.8537
31.6406
31.2273
30.7052
30.1732
29.713
29.3828
29.2169
29.2437
29.439
29.9018
30.1778
31.4289
31.1694
30.8984
30.6379
30.4028
30.2007
30.0363
29.9121
29.8286
29.785
29.7795
29.8078
29.8525
29.8306
29.6847
29.4095
29.0418
28.6389
28.2589
27.9514
27.7494
27.6853
27.7425
28.0114
28.1232
31.3226
31.0581
30.7757
30.4913
30.2169
29.96
29.7264
29.5202
29.3435
29.1971
29.0806
28.9911
28.9178
28.8205
28.6601
28.4207
28.1138
27.771
27.4308
27.1316
26.9014
26.7721
26.7297
26.862
26.8489
31.6957
31.4138
31.1115
30.8006
30.4907
30.1884
29.8995
29.6286
29.3787
29.1516
28.9475
28.7649
28.5973
28.4241
28.2203
27.9703
27.6752
27.3513
27.0233
26.7197
26.4625
26.2814
26.1616
26.1931
26.0776
32.3825
32.0743
31.7455
31.4047
31.0595
30.7157
30.3787
30.053
29.7419
29.4474
29.1707
28.9111
28.6649
28.4213
28.1649
27.8833
27.5739
27.2445
26.9106
26.593
26.3079
26.0829
25.8992
25.8554
25.649
33.278
32.9367
32.5761
32.2022
31.8208
31.437
31.0556
30.6808
30.3158
29.9631
29.6239
29.2983
28.9846
28.6773
28.3671
28.0453
27.708
27.3592
27.0082
26.6702
26.3564
26.093
25.8539
25.7492
25.4611
34.3082
33.929
33.5324
33.1225
32.7037
32.2803
31.8566
31.4364
31.0227
30.6179
30.2234
29.8401
29.4674
29.1027
28.741
28.3762
28.0052
27.6296
27.2551
26.8933
26.5507
26.2535
25.9645
25.8049
25.4439
35.417
34.9964
34.5608
34.1128
33.6557
33.1929
32.7283
32.2652
31.8065
31.3543
30.9103
30.4755
30.0504
29.6343
29.2246
28.8178
28.4113
28.0061
27.6052
27.2187
26.8475
26.5167
26.1819
25.9723
25.5466
36.5598
36.0957
35.6191
35.1317
34.6357
34.1339
33.6297
33.1258
32.625
32.1292
31.6402
31.1592
30.6874
30.2253
29.7721
29.3258
28.8848
28.4502
28.0226
27.6093
27.2084
26.8447
26.4678
26.213
25.7312
37.6996
37.1911
36.6728
36.1454
35.6106
35.0705
34.5278
33.9852
33.445
32.909
32.3789
31.8562
31.3427
30.8397
30.3477
29.866
29.3932
28.9292
28.4737
28.0328
27.6026
27.2075
26.7922
26.4971
25.9681
38.8051
38.2527
37.6928
37.1259
36.5528
35.9755
35.396
34.8168
34.2397
33.6666
33.0991
32.5389
31.9883
31.4494
30.9238
30.41
29.9067
29.4139
28.9309
28.4632
28.0049
27.5807
27.131
26.8006
26.234
39.8498
39.2548
38.6545
38.0491
37.4392
36.8261
36.2118
35.5981
34.987
34.3799
33.7784
33.1846
32.6015
32.032
31.4758
30.9324
30.4006
29.8807
29.3718
28.8788
28.3948
27.9444
27.4646
27.1036
26.5086
40.8107
40.1754
39.5367
38.8947
38.2498
37.6031
36.9561
36.3107
35.6683
35.0304
34.3985
33.7751
33.164
32.5666
31.9829
31.4125
30.8549
30.3102
29.7778
29.2621
28.7553
28.282
27.7771
27.3901
26.7752
41.6679
40.9953
40.3208
39.6447
38.9673
38.2895
37.6128
36.9386
36.2682
35.6029
34.9441
34.2949
33.6587
33.0363
32.4281
31.8339
31.2534
30.687
30.1339
29.5986
29.0726
28.58
28.0553
27.6464
27.0202
42.4064
41.7007
40.9945
40.2883
39.5823
38.8775
38.175
37.476
36.7817
36.0933
35.4121
34.7407
34.0828
33.439
32.8099
32.1956
31.5959
31.0114
30.4414
29.8902
29.3492
28.8415
28.3025
27.8763
27.2457
43.0088
42.2738
41.5394
40.8064
40.0751
39.3463
38.6209
37.9002
37.1851
36.4766
35.7758
35.0846
34.4067
33.7435
33.0955
32.4628
31.8457
31.2447
30.6594
30.0938
29.5393
29.0183
28.4675
28.0267
27.3928
43.4609
42.7003
41.9412
41.1844
40.4306
39.6804
38.9348
38.1948
37.4612
36.735
36.0171
35.3088
34.6127
33.9314
33.2659
32.6164
31.9832
31.3672
30.7677
30.1888
29.6221
29.0892
28.5283
28.0759
27.4391
43.756
42.9739
42.1938
41.4169
40.6438
39.8753
39.1124
38.3559
37.6067
36.8656
36.1332
35.4108
34.6999
34.0027
33.3215
32.657
32.0094
31.38
30.768
30.1775
29.6003
29.0572
28.4884
28.0267
27.3899
43.8907
43.0913
42.2942
41.5008
40.712
39.9286
39.1516
38.3818
37.6201
36.867
36.1232
35.3897
34.6676
33.9584
33.2642
32.5866
31.9267
31.2857
30.6631
30.0629
29.477
28.9257
28.3512
27.8826
27.2492
43.8648
43.0522
42.242
41.436
40.635
39.8402
39.0525
38.2728
37.5017
36.7398
35.9878
35.2464
34.5164
33.7992
33.0962
32.409
31.7389
31.0886
30.4573
29.8493
29.2567
28.6992
28.1214
27.6481
27.0216
43.6808
42.859
42.0397
41.2247
40.4153
39.6126
38.8177
38.0314
37.2543
36.487
35.73
34.9839
34.2495
33.5278
32.8201
32.1277
31.4518
30.7946
30.1567
29.5427
28.9455
28.3836
27.8051
27.3291
26.7133
43.3447
42.5175
41.6927
40.8725
40.0582
39.2512
38.4525
37.663
36.8832
36.1137
35.355
34.6075
33.872
33.1493
32.4405
31.7467
31.0692
30.4097
29.7691
29.1511
28.5512
27.9867
27.4097
26.933
26.3314
42.8658
42.0366
41.2098
40.3877
39.572
38.764
37.9648
37.1754
36.3962
35.6277
34.8705
34.1248
33.3914
32.6709
31.9644
31.2728
30.5973
29.9394
29.3001
28.6827
28.0833
27.5174
26.9449
26.4683
25.8833
42.2627
41.4347
40.6092
39.7887
38.9748
38.1693
37.3732
36.5873
35.8122
35.0484
34.2961
33.5558
32.8281
32.1135
31.4129
30.7272
30.0576
29.4056
28.7718
28.1596
27.5654
27.0035
26.4386
25.964
25.3978
41.5582
40.734
39.9127
39.0967
38.288
37.4884
36.6989
35.9202
35.1528
34.3972
33.6536
32.9223
32.2038
31.4986
30.8076
30.1316
29.4716
28.8291
28.2048
27.6021
27.0174
26.4645
25.9107
25.4415
24.8967
40.7644
39.9456
39.1303
38.3212
37.5203
36.7293
35.9491
35.1805
34.4237
33.6792
32.947
32.2275
31.5209
30.8278
30.149
29.4852
28.8374
28.2072
27.5951
27.0045
26.4321
25.8913
25.3514
24.8912
24.3687
39.9
39.0879
38.2804
37.4802
36.6893
35.9092
35.1409
34.3848
33.6413
32.9103
32.192
31.4866
30.7942
30.1154
29.4509
28.8013
28.1678
27.5518
26.954
26.3777
25.8199
25.2936
24.7699
24.323
23.8225
38.9857
38.1815
37.3833
36.5938
35.8149
35.048
34.2938
33.5525
32.8243
32.1089
31.4065
30.7169
30.0405
29.3776
28.7288
28.0951
27.4773
26.8769
26.2948
25.7344
25.1928
24.6829
24.1771
23.7463
23.2684
38.0441
37.2491
36.4618
35.6847
34.9197
34.1679
33.4296
32.7049
31.9935
31.2953
30.6099
29.9375
29.278
28.632
28
27.3828
26.7816
26.1978
25.6324
25.0887
24.5644
24.0719
23.5854
23.1722
22.7177
37.1006
36.3161
35.5411
34.778
34.0284
33.293
32.572
31.8649
31.1714
30.491
29.8234
29.1685
28.5264
27.8975
27.2824
26.6821
26.0977
25.5307
24.9823
24.4558
23.9493
23.4748
23.0084
22.6133
22.183
36.1202
35.3488
34.5893
33.8436
33.113
32.3976
31.697
31.0106
30.3375
29.6774
29.0297
28.3943
27.7715
27.1616
26.5653
25.9838
25.4181
24.87
24.3409
23.834
23.3479
22.8939
22.4504
22.0764
21.6731
35.1143
34.3592
33.6189
32.8948
32.1871
31.4951
30.8179
30.1547
29.5044
28.8665
28.2405
27.6265
27.0246
26.4354
25.8598
25.2988
24.7539
24.2269
23.7192
23.2342
22.7709
22.3401
21.9219
21.5718
21.1973
34.1757
33.4387
32.7196
32.0183
31.3338
30.6651
30.0108
29.3696
28.7408
28.1237
27.518
26.9238
26.3415
25.7717
25.2154
24.6739
24.1488
23.6419
23.1548
22.691
22.2499
21.8416
21.4481
21.1214
20.7736
33.3417
32.6248
31.9278
31.2489
30.5866
29.9392
29.3054
28.6839
28.0739
27.475
26.8872
26.3104
25.7455
25.193
24.6542
24.1305
23.6236
23.1353
22.6676
22.2237
21.8034
21.4165
21.0463
20.7419
20.4185
32.6524
31.9554
31.2792
30.6202
29.9767
29.347
28.7298
28.1243
27.5296
26.9457
26.3725
25.8104
25.26
24.7224
24.1988
23.6907
23.1998
22.7283
22.2781
21.8523
21.4513
21.0842
20.7357
20.4519
20.1503
32.1474
31.4674
30.807
30.1627
29.5327
28.9158
28.3107
27.7168
27.1335
26.5608
25.9988
25.4481
24.9094
24.3838
23.8726
23.3776
22.9005
22.4434
22.0085
21.599
21.2154
20.8663
20.5379
20.2732
19.9906
31.8609
31.1922
30.5405
29.9043
29.2821
28.6726
28.0749
27.4883
26.9124
26.3472
25.7929
25.2502
24.7199
24.2033
23.7018
23.2171
22.7511
22.3062
21.8845
21.4893
21.1213
20.7889
20.4791
20.2324
19.9657
31.819
31.1554
30.5074
29.8739
29.2545
28.648
28.0535
27.4703
26.8979
26.3365
25.7864
25.2483
24.7231
24.2123
23.7175
23.2404
22.7833
22.3484
21.9381
21.5557
21.2023
20.8859
20.5938
20.3651
20.1113
32.0518
31.3906
30.7438
30.1106
29.4902
28.8832
28.2882
27.7046
27.1321
26.5708
26.0212
25.4841
24.9608
24.4528
23.9619
23.4902
23.04
22.6137
22.2138
21.8439
21.5049
21.2051
20.9313
20.7219
20.478
32.6217
31.9616
31.3142
30.679
30.0548
29.4433
28.8438
28.2557
27.6788
27.1134
26.5603
26.0206
25.4959
24.9879
24.4989
24.031
23.5867
23.1689
22.78
22.4237
22.1011
21.8204
21.5673
21.3803
21.1451
33.707
33.0476
32.3972
31.7563
31.1249
30.5027
29.8925
29.2938
28.7068
28.1323
27.5714
27.0257
26.4973
25.9883
25.5013
25.0389
24.6037
24.1988
23.8269
23.4917
23.1946
22.9437
22.7231
22.5705
22.35
35.6002
34.9361
34.2784
33.6273
32.9834
32.3445
31.717
31.1013
30.4986
29.9106
29.3392
28.7868
28.2561
27.75
27.2716
26.8237
26.4095
26.0322
25.6947
25.4013
25.1532
24.9594
24.7991
24.7135
24.5158
38.4228
37.7422
37.0647
36.3926
35.7267
35.0635
34.4115
33.7728
33.1499
32.5457
31.9634
31.4065
30.8789
30.3841
29.9259
29.5077
29.1328
28.8048
28.5269
28.3039
28.137
28.0371
27.9737
27.9984
27.8264
42.567
41.8508
41.1348
40.4269
39.7281
39.0347
38.3501
37.6839
37.0394
36.4212
35.8343
35.2843
34.7763
34.3152
33.9053
33.5505
33.2545
33.0212
32.8546
32.7605
32.7403
32.809
32.9192
33.1397
33.0168
48.6494
47.8675
47.0842
46.3198
45.5732
44.8374
44.1139
43.4188
42.7578
42.1387
41.5698
41.0593
40.6146
40.2415
39.9452
39.7298
39.5996
39.5595
39.6151
39.7754
40.0435
40.4419
40.8981
41.5032
41.5208
57.6461
56.7495
55.8533
54.998
54.1759
53.3751
52.5996
51.8759
51.216
50.6335
50.1419
49.7524
49.4739
49.3131
49.2749
49.3641
49.5863
49.9494
50.4638
51.1466
52.0063
53.0838
54.2677
55.6891
56.1073
71.092
69.9984
68.905
67.8838
66.9198
66.0013
65.1481
64.4074
63.8035
63.3589
63.0913
63.0129
63.1313
63.4512
63.9765
64.7132
65.671
66.8662
68.3215
70.0728
72.1448
74.6194
77.3292
80.4991
81.9419
91.3414
89.8948
88.4145
87.0427
85.7802
84.6441
83.7017
83.0275
82.6599
82.6242
82.9334
83.5912
84.5958
85.9453
87.6417
89.6951
92.1269
94.9731
98.2836
102.135
106.588
111.811
117.562
124.307
128.045
121.88
119.725
117.397
115.264
113.44
112.023
111.161
110.92
111.325
112.374
114.051
116.328
119.183
122.602
126.588
131.164
136.38
142.312
149.065
156.791
165.622
175.899
187.275
200.841
209.122
167.852
164.105
159.94
156.431
153.953
152.669
152.72
154.031
156.534
160.14
164.758
170.31
176.74
184.027
192.191
201.291
211.435
222.782
235.534
249.986
266.396
285.423
306.606
332.451
349.161
238.075
230.647
223.141
218.179
216.199
217.018
220.362
225.826
233.151
242.094
252.457
264.1
276.956
291.03
306.402
323.23
341.746
362.263
385.174
411.019
440.315
474.239
512.487
559.851
593.119
350.071
336.37
325.152
321.903
325.413
333.722
345.539
360.292
377.423
396.5
417.247
439.533
463.372
488.91
516.414
546.262
578.942
615.064
655.387
700.849
752.655
812.317
882.163
966.149
1038.65
313.017
300.444
286.571
275.317
268.232
266.577
268.361
272.386
277.97
284.678
292.242
300.521
309.489
319.209
329.823
341.538
354.616
369.37
386.194
405.515
428.009
454.086
485.661
522.315
577.332
)
;

boundaryField
{
    inlet
    {
        type            fixedValue;
        value           uniform 14.855;
    }
    outlet
    {
        type            zeroGradient;
    }
    upperWall
    {
        type            zeroGradient;
    }
    lowerWall
    {
        type            zeroGradient;
    }
    frontAndBack
    {
        type            empty;
    }
}


// ************************************************************************* //
