/*--------------------------------*- C++ -*----------------------------------*\
| =========                 |                                                 |
| \\      /  F ield         | OpenFOAM: The Open Source CFD Toolbox           |
|  \\    /   O peration     | Version:  1.4.2                                 |
|   \\  /    A nd           | Web:      http://www.openfoam.org               |
|    \\/     M anipulation  |                                                 |
\*---------------------------------------------------------------------------*/
FoamFile
{
    version     2.0;
    format      ascii;
    class       volScalarField;
    object      epsilon;
    location    "50";
}
// * * * * * * * * * * * * * * * * * * * * * * * * * * * * * * * * * * * * * //

dimensions      [0 2 -3 0 0 0 0];

internalField   nonuniform List<scalar> 
12225
(
11598.2
30302.4
46146.7
57515.2
65400
70770.1
74168
75876.4
76120.6
75124.2
73133.5
70408.5
67198.8
63720.2
60143
56601.6
53174.3
50311.6
3108.88
8452.81
13837.9
18274.8
21645.7
24076.1
25724.5
26688.9
27070
26968.6
26483.4
25707.6
24725.6
23610.4
22421.8
21205.4
19989.1
18807.6
1811.28
4472.98
7352.78
9929.13
12011.3
13577.9
14675.3
15357.9
15693.1
15748.9
15584.9
15250.3
14787.1
14231.5
13614.7
12962
12288.4
11604.2
1374.95
2988.95
4782.51
6466.11
7879.16
8968.73
9743.25
10239
10507.5
10599.4
10553.8
10398.3
10154.6
9842.31
9479.4
9081.4
8657.06
8208.32
1152.89
2225.68
3425.04
4583.32
5576.47
6350.15
6901.4
7257.64
7460.19
7547.26
7544.88
7468.93
7331.2
7142.8
6914.57
6656.03
6372.14
6061.73
1008.76
1757.68
2589.64
3405.98
4112
4661.32
5049.32
5298.17
5440.78
5505.79
5511.15
5466.97
5380.4
5258.15
5106.63
4931.29
4734.52
4513.61
899.457
1436.05
2024.83
2605.43
3106.6
3492.19
3759.06
3925.45
4016.82
4054.56
4051.97
4016.65
3953.64
3867.1
3760.59
3636.73
3496
3334.77
822.171
1233.81
1679.92
2118.04
2492.71
2776.22
2967.18
3080.74
3136.85
3152.27
3138.11
3101.16
3045.66
2974.55
2889.88
2792.74
2682.44
2554.86
760.435
1086.45
1434.74
1773.93
2060.62
2273.89
2413.37
2491.24
2522.95
2521.93
2497.99
2457.56
2404.6
2341.43
2269.29
2188.37
2097.31
1992.04
700.283
955.365
1223.02
1480.07
1694.02
1850.07
1948.41
1998.27
2011.06
1997.28
1965.45
1921.59
1869.47
1811.13
1747.34
1677.82
1600.91
1512.92
642.37
839.359
1041.77
1232.26
1387.69
1498.41
1564.98
1594.07
1593.84
1572.22
1536.18
1491.05
1440.31
1385.81
1328.17
1266.93
1200.49
1125.78
587.967
738.124
888.95
1027.09
1137.05
1213.16
1256.23
1270.96
1263.08
1238.33
1202.05
1158.59
1110.93
1060.74
1008.57
954.048
895.827
831.58
538.717
652.3
763.52
862.053
938.171
989.016
1015.54
1021.11
1009.68
985.286
951.766
912.371
869.456
824.407
777.742
729.215
677.848
622.011
496.182
583.451
665.548
735.65
787.934
821.344
836.94
837.165
824.816
802.671
773.344
739.09
701.606
661.949
620.561
577.326
531.604
482.31
462.437
533.825
596.188
647.459
684.283
706.658
715.716
713.323
701.495
682.148
657.016
627.585
594.994
559.992
522.932
483.784
442.164
397.329
441.408
506.527
557.742
598.428
626.823
643.511
649.669
646.802
636.416
619.857
598.285
572.669
543.759
512.068
477.857
441.131
401.641
358.786
439.478
506.446
554.375
591.999
618.49
634.652
641.658
640.812
633.324
620.192
602.207
579.991
554.008
524.563
491.791
455.638
415.846
371.784
462.638
538.818
591.695
634.659
666.926
689.113
702.318
707.786
706.606
699.565
687.167
669.704
647.318
620.023
587.709
550.127
506.856
457.134
505.402
598.205
665.15
723.193
770.609
807.424
834.524
853.062
863.98
867.804
864.678
854.487
836.968
811.792
778.588
736.932
686.292
625.917
556.584
674.841
766.544
851.069
925.045
987.4
1038.36
1078.56
1108.49
1128.21
1137.46
1135.76
1122.61
1097.62
1060.53
1011.13
949.212
874.402
608.768
764.542
894.993
1020.85
1136.56
1238.95
1326.57
1398.78
1455.15
1495.21
1518.44
1524.41
1512.97
1484.34
1439.07
1377.8
1301.07
1209.31
656.39
865.08
1052.39
1239.05
1416.34
1577.24
1717.14
1833.17
1923.66
1987.76
2025.22
2036.47
2022.65
1985.54
1927.35
1850.2
1755.89
1645.53
695.552
975.918
1243.8
1517.29
1782.14
2024.93
2236.08
2409.62
2542.6
2634.23
2685.45
2698.64
2677.38
2626.15
2549.62
2452.28
2337.54
2207.05
724.072
1099.38
1480.33
1876.63
2263.86
2618.63
2924.46
3171.84
3356.88
3479.87
3544.14
3555.27
3520.52
3448.16
3346.45
3222.96
3083.21
2929.58
742.04
1243.8
1785.37
2356.82
2915.1
3421.99
3852.37
4193.46
4441.8
4600.44
4676.77
4681.11
4625.63
4523.39
4387.17
4228.07
4054.3
3869.62
753.332
1430.8
2209.31
3037.92
3839.97
4555.75
5150.56
5610.33
5934.97
6133.21
6219.03
6209.46
6123.02
5978.49
5793.6
5583.27
5358.7
5126.08
770.318
1715.6
2870.87
4100.48
5266.84
6279.82
7096.88
7708.31
8123.57
8362.27
8449.03
8410.45
8273.36
8063.43
7804.28
7514.77
7209.42
6898.34
832.886
2264.79
4110.16
6042.18
7807.97
9278.27
10414
11225.3
11744.7
12013.2
12073.4
11966.6
11731.5
11403.1
11013.4
10586
10139
9688.58
1138.74
3822.54
7340.21
10828.5
13803.5
16114.5
17779.9
18879.6
19505.9
19746.8
19680.9
19377.3
18896.1
18288.7
17601.9
16867.4
16107.8
15347
3937.88
13543
24992.2
34879.4
42265.6
47335.9
50539.8
52297.8
52944.5
52740.9
51894.4
50572.8
48913.8
47031.4
45021.8
42935.1
40811.6
38694.4
26.9877
42.0462
57.828
72.6708
86.624
99.8894
112.591
124.814
136.624
148.072
159.203
170.05
180.644
191.01
201.171
211.146
220.951
230.6
240.102
249.464
258.689
267.778
276.733
285.552
294.243
302.819
311.311
319.071
325.922
331.769
336.534
340.151
342.576
343.786
343.779
342.575
340.21
336.74
332.231
326.763
320.425
313.312
305.526
297.173
288.359
279.189
269.759
260.159
250.467
240.748
231.057
221.443
211.958
202.665
193.636
184.99
176.73
168.842
161.465
154.784
149.441
144.973
140.865
136.99
133.312
129.816
126.497
123.353
120.38
117.574
114.933
112.454
110.132
107.964
105.943
104.064
102.319
100.702
99.2046
97.8195
96.5393
95.3567
94.2653
93.2585
92.3304
91.475
90.6866
89.9598
89.2898
88.6726
88.1046
87.5828
87.1045
86.6676
86.2711
85.9141
85.5967
85.3188
85.0811
84.8847
84.7308
84.6211
84.557
84.5404
84.5728
84.6559
84.7913
84.9803
85.2244
85.5292
85.8932
86.3154
86.7947
87.33
87.9202
88.5642
89.2611
90.0098
90.8089
91.6567
92.5508
93.4871
94.461
95.4649
96.4881
97.5186
98.543
99.5473
100.517
101.439
102.3
103.088
103.797
104.42
104.956
105.406
105.774
106.066
106.289
106.452
106.565
106.636
106.675
106.689
106.687
106.675
106.659
106.645
106.638
106.641
106.66
106.697
106.756
106.841
106.953
107.096
107.271
107.481
107.725
108.006
108.324
108.678
109.067
109.49
109.942
110.418
110.913
111.416
111.918
112.404
112.856
113.253
113.577
113.803
113.902
113.832
113.533
112.906
111.786
109.438
61.6237
51.5866
62.0654
73.0557
82.6166
90.7205
97.5203
103.178
107.844
111.654
114.728
117.179
119.11
120.615
121.779
122.681
123.388
123.964
124.465
124.944
125.449
126.03
126.732
127.595
128.661
129.963
131.534
133.171
134.722
136.121
137.316
138.262
138.923
139.273
139.293
138.97
138.296
137.275
135.926
134.272
132.342
130.166
127.777
125.207
122.488
119.648
116.714
113.71
110.657
107.575
104.476
101.372
98.2661
95.1576
92.0485
88.9469
85.8308
82.5777
79.4386
76.4823
73.7775
71.302
68.9958
66.8251
64.7712
62.8234
60.9745
59.2194
57.5543
55.9755
54.48
53.0649
51.7274
50.465
49.275
48.155
47.1028
46.1169
45.1957
44.336
43.5344
42.7873
42.0909
41.4419
40.8368
40.2727
39.7469
39.2569
38.8005
38.3757
37.981
37.6151
37.2768
36.9654
36.68
36.4202
36.1858
35.9767
35.7931
35.6351
35.5031
35.3977
35.3195
35.2694
35.2482
35.2564
35.2947
35.3637
35.4636
35.6006
35.7712
35.9729
36.2037
36.4613
36.7438
37.0494
37.3763
37.7229
38.0875
38.4686
38.8643
39.2719
39.6886
40.1106
40.5358
40.9581
41.3687
41.7588
42.1195
42.4421
42.7202
42.9484
43.1218
43.2375
43.2937
43.2904
43.2292
43.1128
42.9449
42.7299
42.4729
42.179
41.8537
41.5023
41.1297
40.7409
40.3403
39.9324
39.5213
39.111
38.7049
38.3064
37.9185
37.5441
37.1857
36.8458
36.5263
36.2289
35.9552
35.7063
35.4831
35.2861
35.1156
34.9713
34.8524
34.7577
34.6855
34.6335
34.5991
34.5797
34.5741
34.5903
34.6342
34.7027
34.7996
34.9402
35.1633
35.5658
36.4122
38.5904
72.5181
54.3047
60.7062
69.0962
76.6715
83.0017
88.075
91.9861
94.8662
96.8586
98.072
98.6465
98.7272
98.4531
97.9522
97.3394
96.7161
96.1553
95.6977
95.385
95.2509
95.3242
95.628
96.1789
96.9867
98.0514
99.3584
100.821
102.295
103.685
104.916
105.934
106.704
107.206
107.435
107.393
107.01
106.275
105.206
103.83
102.186
100.312
98.2511
96.0401
93.714
91.3033
88.8337
86.3269
83.8005
81.267
78.7324
76.195
73.6498
71.0896
68.4883
65.8646
63.3209
60.8561
58.5151
56.3168
54.2602
52.3331
50.5179
48.8002
47.1699
45.6205
44.1474
42.7471
41.4171
40.1552
38.9594
37.8279
36.759
35.751
34.8024
33.9117
33.0784
32.304
31.5916
30.9357
30.3325
29.7785
29.2688
28.7994
28.3666
27.9672
27.5986
27.2584
26.9445
26.6555
26.3898
26.1466
25.925
25.7245
25.545
25.3863
25.2486
25.1324
25.0381
24.9663
24.918
24.8938
24.8949
24.922
24.9761
25.0579
25.168
25.3069
25.4749
25.6737
25.9044
26.1647
26.452
26.7638
27.0978
27.4515
27.8222
28.2076
28.6049
29.0112
29.4229
29.8362
30.2464
30.6484
31.0366
31.4044
31.7454
32.053
32.3218
32.5469
32.7225
32.8449
32.9116
32.9218
32.876
32.7758
32.6241
32.4246
32.1816
31.8999
31.5846
31.2406
30.8731
30.4869
30.0866
29.6767
29.2614
28.8444
28.4295
28.0198
27.6185
27.228
26.8509
26.4893
26.1451
25.8199
25.5152
25.2323
24.972
24.7352
24.5222
24.3331
24.1674
24.0245
23.903
23.8015
23.7179
23.6498
23.5946
23.5498
23.5138
23.4899
23.4755
23.4681
23.4677
23.479
23.5169
23.6196
23.8908
24.6041
88.6444
58.0238
60.2995
66.3419
72.504
77.943
82.455
86.0496
88.7282
90.5616
91.6602
92.1621
92.2166
91.9706
91.5602
91.1046
90.7036
90.4371
90.3681
90.5349
90.922
91.5326
92.371
93.44
94.7411
96.2766
98.0467
100.044
102.09
104.006
105.657
106.962
107.871
108.358
108.42
108.07
107.233
105.906
104.128
101.958
99.4682
96.7284
93.8073
90.7661
87.6573
84.524
81.4003
78.3118
75.2751
72.2967
69.376
66.5041
63.6675
60.8823
58.228
55.7077
53.3295
51.0899
48.9881
47.0194
45.1747
43.4428
41.8122
40.2733
38.8183
37.4414
36.1382
34.9053
33.7399
32.64
31.6035
30.6286
29.7137
28.8572
28.0576
27.3134
26.6236
25.9873
25.4039
24.8724
24.393
23.965
23.5811
23.2356
22.9241
22.6431
22.3897
22.1615
21.9566
21.7734
21.6108
21.4681
21.3446
21.2403
21.1552
21.0897
21.0444
21.0201
21.0178
21.0384
21.0832
21.1532
21.2494
21.3726
21.5236
21.7029
21.9108
22.1475
22.4129
22.7087
23.0329
23.3831
23.7567
24.151
24.563
24.9899
25.4285
25.8756
26.3276
26.7807
27.2305
27.672
28.0999
28.5081
28.8905
29.2407
29.5524
29.8202
30.0392
30.2058
30.3177
30.3737
30.3734
30.3175
30.2084
30.0492
29.8439
29.5973
29.3144
29.0003
28.6604
28.2999
27.9235
27.536
27.1417
26.7447
26.3488
25.9572
25.5731
25.1991
24.8374
24.49
24.1585
23.8441
23.5479
23.2709
23.0138
22.7773
22.562
22.3684
22.1966
22.0467
21.9181
21.8097
21.7201
21.6471
21.5879
21.5396
21.4992
21.4637
21.4313
21.4003
21.3673
21.3293
21.2847
21.2338
21.1804
21.1359
21.1367
21.2725
112.649
65.4761
63.3949
67.1667
72.0516
76.7992
81.0218
84.6264
87.5378
89.7822
91.4396
92.6205
93.4504
94.057
94.5615
95.0726
95.6831
96.4682
97.4865
98.7839
100.334
102.113
104.109
106.308
108.698
111.269
114.02
116.953
119.917
122.658
124.974
126.72
127.791
128.123
127.695
126.54
124.609
121.93
118.595
114.726
110.455
105.91
101.208
96.4502
91.7196
87.0812
82.5829
78.2546
74.1107
70.1486
66.3699
62.7534
59.4012
56.3012
53.4413
50.8019
48.3639
46.1086
44.0194
42.0805
40.2769
38.5948
37.0219
35.5478
34.1641
32.8641
31.6422
30.4943
29.417
28.4072
27.4626
26.5809
25.7602
24.9983
24.2936
23.6443
23.0488
22.5056
22.0135
21.5713
21.1785
20.8344
20.5322
20.2665
20.033
19.8283
19.6496
19.4947
19.3617
19.2493
19.1565
19.0825
19.0272
18.9905
18.9728
18.9749
18.9976
19.0422
19.11
19.2024
19.3209
19.4667
19.6408
19.8441
20.077
20.3397
20.6322
20.9543
21.306
21.6864
22.0926
22.5219
22.971
23.4369
23.9162
24.4053
24.9007
25.3985
25.8943
26.3837
26.8616
27.3226
27.7607
28.1698
28.5435
28.8759
29.1613
29.3949
29.573
29.6932
29.7547
29.7581
29.7053
29.5987
29.4418
29.239
28.9952
28.7157
28.406
28.0718
27.7183
27.3507
26.9738
26.5921
26.2095
25.8297
25.456
25.0912
24.7377
24.3976
24.0726
23.7644
23.4742
23.2032
22.9522
22.7217
22.5123
22.3245
22.1584
22.0146
21.8929
21.793
21.714
21.6544
21.612
21.5836
21.5659
21.5549
21.5467
21.5375
21.5242
21.5025
21.4679
21.4161
21.3431
21.2455
21.1206
20.9698
20.8144
20.718
146.403
77.9864
71.0374
72.465
76.0495
80.0971
84.0412
87.6898
90.9345
93.7779
96.2759
98.51
100.573
102.558
104.559
106.657
108.928
111.433
114.221
117.332
120.78
124.509
128.478
132.655
137.009
141.509
146.127
150.823
155.386
159.482
162.84
165.217
166.415
166.313
164.883
162.195
158.256
153.175
147.149
140.406
133.178
125.684
118.114
110.626
103.348
96.372
89.7594
83.5353
77.722
72.282
67.3326
62.8626
58.8391
55.2164
51.9498
48.9974
46.321
43.8868
41.6651
39.6299
37.7588
36.0322
34.4338
32.9499
31.5693
30.2831
29.084
27.966
26.9245
25.9554
25.0555
24.2216
23.4511
22.7416
22.0907
21.4962
20.9561
20.4686
20.0319
19.6448
19.3064
19.0128
18.7585
18.5389
18.3504
18.1899
18.055
17.9436
17.854
17.7849
17.7355
17.7052
17.6938
17.7014
17.7287
17.7764
17.8458
17.9383
18.0557
18.1996
18.3717
18.5735
18.806
19.0702
19.3662
19.694
20.0532
20.4432
20.8633
21.3108
21.7824
22.2745
22.7836
23.3059
23.8374
24.3742
24.9119
25.4458
25.9713
26.4834
26.9766
27.4453
27.8835
28.2853
28.6447
28.9561
29.2146
29.4162
29.5583
29.6396
29.6605
29.6228
29.5299
29.3856
29.1945
28.9616
28.6924
28.3927
28.0684
27.7249
27.3679
27.0021
26.6324
26.2629
25.8974
25.5391
25.191
24.8558
24.5357
24.2325
23.9475
23.6818
23.436
23.2108
23.0066
22.824
22.6633
22.5253
22.4105
22.3192
22.2516
22.207
22.1841
22.1808
22.1938
22.219
22.2518
22.2869
22.319
22.3434
22.3548
22.3476
22.3165
22.2563
22.162
22.0284
21.8501
21.6223
21.3535
21.1254
191.156
96.0951
83.4155
82.2264
84.3786
87.6517
91.2782
94.9669
98.5874
102.134
105.651
109.204
112.859
116.682
120.733
125.068
129.737
134.782
140.24
146.139
152.499
159.265
166.355
173.701
181.24
188.905
196.628
204.314
211.601
217.949
222.915
226.111
227.241
226.154
222.858
217.52
210.244
201.294
191.033
179.855
168.144
156.243
144.449
132.995
122.065
111.764
102.179
93.3003
85.2574
78.086
71.7271
66.103
61.1329
56.7385
52.8464
49.3901
46.3103
43.5548
41.0785
38.8428
36.8146
34.9663
33.2746
31.7207
30.2889
28.9668
27.7443
26.6133
25.5671
24.6003
23.7083
22.8871
22.1332
21.4434
20.8148
20.2446
19.7303
19.2698
18.861
18.5026
18.1912
17.9218
17.6899
17.4919
17.3247
17.1855
17.0721
16.9825
16.9154
16.8693
16.8436
16.8375
16.851
16.8843
16.9381
17.0135
17.1118
17.2348
17.3844
17.5628
17.7716
18.0126
18.2871
18.5955
18.9383
19.315
19.7251
20.1676
20.6407
21.1407
21.6638
22.2055
22.7613
23.3269
23.8974
24.4681
25.0338
25.5895
26.1302
26.6506
27.1457
27.6101
28.0382
28.4247
28.764
29.0515
29.2829
29.4552
29.5667
29.6169
29.6071
29.54
29.4196
29.2509
29.0391
28.7898
28.5087
28.2018
27.875
27.5339
27.1838
26.8297
26.4759
26.1264
25.7847
25.4539
25.1366
24.8351
24.5513
24.2864
24.0414
23.8168
23.6131
23.4307
23.2699
23.1315
23.0163
22.9253
22.8593
22.8191
22.8047
22.8152
22.849
22.9029
22.9727
23.0531
23.1379
23.2204
23.2938
23.3518
23.3877
23.3949
23.3676
23.3003
23.1878
23.0248
22.8059
22.5268
22.198
21.8958
246.976
119.717
100.236
96.0271
96.5555
98.9659
102.248
106.011
110.092
114.475
119.201
124.327
129.909
135.995
142.625
149.837
157.661
166.124
175.248
185.06
195.545
206.607
218.147
230.067
242.261
254.612
266.974
279.137
290.438
300.057
307.292
311.549
312.419
309.736
303.589
294.305
282.143
267.596
251.278
233.829
215.848
197.853
180.292
163.457
147.632
132.874
119.429
107.431
96.8108
87.4682
79.284
72.1341
65.8966
60.4559
55.7054
51.5484
47.8993
44.6833
41.8354
39.3004
37.0317
34.9901
33.1435
31.4653
29.9341
28.5327
27.2472
26.0665
24.9816
23.9852
23.0712
22.2345
21.4704
20.7749
20.1444
19.5757
19.0657
18.6118
18.2118
17.8618
17.557
17.2931
17.0663
16.8735
16.7117
16.5785
16.4717
16.3894
16.33
16.2924
16.2755
16.2787
16.302
16.3454
16.4099
16.4965
16.6068
16.743
16.9073
17.1022
17.33
17.5929
17.8924
18.2295
18.6043
19.0163
19.4643
19.947
20.4617
21.0047
21.5713
22.1554
22.751
23.352
23.9526
24.5468
25.1287
25.6929
26.2346
26.7495
27.2332
27.6812
28.0892
28.4525
28.7667
29.028
29.2329
29.3792
29.4659
29.4932
29.463
29.3782
29.2433
29.0636
28.8448
28.5926
28.3128
28.0115
27.6943
27.3669
27.0342
26.7009
26.3713
26.0489
25.737
25.438
25.1543
24.8876
24.6392
24.4101
24.2011
24.0125
23.8448
23.6983
23.5739
23.4728
23.3963
23.346
23.3231
23.3286
23.3626
23.424
23.5103
23.6177
23.7407
23.8727
24.0059
24.1322
24.2432
24.3311
24.3879
24.4066
24.381
24.3061
24.1773
23.9906
23.7427
23.4347
23.088
22.7494
312.232
148.173
120.919
113.299
112.013
113.48
116.41
120.297
124.946
130.311
136.423
143.333
151.093
159.747
169.334
179.885
191.44
204.017
217.595
232.143
247.606
263.895
280.909
298.534
316.633
335.028
353.452
371.483
388.072
402.111
412.561
418.533
419.425
415.015
405.463
391.289
372.93
351.202
327.079
301.551
275.537
249.733
224.873
201.169
179.276
159.489
141.796
126.127
112.354
100.32
89.854
80.7847
72.9438
66.1723
60.3237
55.2655
50.8797
47.0634
43.7276
40.7962
38.2052
35.9012
33.8402
31.9861
30.31
28.7886
27.4032
26.1391
24.9846
23.93
22.9676
22.0908
21.2938
20.5718
19.9203
19.3354
18.8136
18.3517
17.9443
17.5867
17.2745
17.004
16.7716
16.5741
16.4088
16.2731
16.1646
16.0813
16.0216
15.9839
15.9672
15.9707
15.994
16.0373
16.1011
16.1866
16.2954
16.4299
16.5925
16.7863
17.0143
17.2793
17.5839
17.9296
18.3173
18.7467
19.2169
19.7263
20.2718
20.8493
21.4541
22.077
22.7092
23.3428
23.9698
24.5819
25.1717
25.7337
26.2643
26.7609
27.221
27.6419
28.0206
28.3539
28.6386
28.8717
29.0508
29.1745
29.2421
29.2543
29.2131
29.1217
28.9845
28.8065
28.5936
28.3514
28.0856
27.8017
27.5054
27.2018
26.8956
26.5912
26.2922
26.0019
25.723
25.4577
25.2077
24.9742
24.7582
24.5604
24.3812
24.2211
24.0808
23.9611
23.8637
23.7904
23.7434
23.7249
23.7368
23.7801
23.855
23.9602
24.0922
24.2461
24.4155
24.5925
24.7681
24.9326
25.0762
25.1893
25.2631
25.2905
25.2654
25.1834
25.0415
24.8382
24.5744
24.2595
23.9116
23.5581
382.983
180.265
144.763
133.468
130.194
130.625
133.184
137.23
142.507
148.936
156.524
165.309
175.336
186.648
199.277
213.245
228.562
245.219
263.181
282.393
302.789
324.291
346.821
370.29
394.581
419.492
444.62
469.224
492.069
511.855
527.125
536.496
538.932
533.949
521.664
502.737
477.755
447.985
414.888
379.898
344.506
309.322
276.033
245.181
217.025
191.668
169.073
149.122
131.64
116.422
103.246
91.887
82.1254
73.7533
66.5787
60.4276
55.145
50.595
46.6598
43.239
40.2477
37.6151
35.283
33.2038
31.3392
29.6586
28.1379
26.758
25.5039
24.3636
23.3274
22.3873
21.5362
20.7685
20.0785
19.4625
18.9139
18.4272
17.9975
17.6201
17.2909
17.0059
16.7615
16.5543
16.3812
16.2393
16.126
16.0389
15.9761
15.9358
15.9165
15.9173
15.9374
15.9767
16.0354
16.1144
16.2153
16.34
16.4914
16.6724
16.8867
17.1378
17.4293
17.7639
18.1439
18.5703
19.0433
19.5619
20.123
20.7207
21.3477
21.9952
22.6542
23.3147
23.964
24.5902
25.1827
25.7348
26.2446
26.7127
27.1396
27.5249
27.8675
28.1657
28.4177
28.6216
28.7759
28.8797
28.9329
28.9365
28.8924
28.8036
28.6741
28.5086
28.3126
28.0914
27.8503
27.5943
27.3284
27.0572
26.785
26.5155
26.252
25.9971
25.7531
25.5217
25.3042
25.1015
24.9142
24.7431
24.5884
24.451
24.3317
24.2319
24.1534
24.0986
24.0701
24.0708
24.1032
24.1692
24.2695
24.4029
24.566
24.7536
24.9585
25.1717
25.3827
25.58
25.7521
25.8878
25.9778
26.0144
25.9921
25.9078
25.7616
25.5554
25.293
24.9822
24.6374
24.2808
453.565
215.34
171.423
156.087
150.52
149.703
151.757
155.877
161.711
169.115
178.049
188.516
200.538
214.13
229.3
246.039
264.319
284.088
305.272
327.786
351.549
376.501
402.622
429.928
458.462
488.213
518.86
549.416
579.03
606.472
629.7
646.302
654.18
652.107
639.894
618.191
587.72
550.356
508.218
463.025
417.98
374.315
333.041
294.78
259.864
228.417
200.409
175.701
154.082
135.3
119.078
105.136
93.199
83.0076
74.3202
66.9177
60.6043
55.2078
50.5786
46.5886
43.1295
40.1107
37.4575
35.1091
33.0164
31.1406
29.451
27.9239
26.541
25.2877
24.1523
23.1254
22.1985
21.3658
20.6187
19.9505
19.3553
18.8274
18.3619
17.9541
17.5993
17.2934
17.0321
16.8116
16.6283
16.4787
16.3597
16.2685
16.2026
16.1599
16.1385
16.1369
16.1542
16.1898
16.2436
16.3162
16.4086
16.5227
16.6609
16.8262
17.022
17.2522
17.5208
17.8314
18.1875
18.5915
19.045
19.5482
20.0996
20.6936
21.3222
21.9762
22.6447
23.3156
23.9744
24.6057
25.1945
25.7303
26.2124
26.6455
27.0334
27.3785
27.6814
27.9423
28.1605
28.3353
28.4661
28.5526
28.5952
28.5949
28.5536
28.474
28.3597
28.2147
28.0437
27.8518
27.6435
27.4232
27.1951
26.9631
26.7307
26.5011
26.2769
26.0602
25.8528
25.6559
25.4704
25.297
25.1363
24.9886
24.8545
24.7348
24.6307
24.5436
24.4759
24.4304
24.4101
24.4187
24.4595
24.5351
24.6469
24.7945
24.9752
25.1837
25.4121
25.6503
25.8865
26.108
26.3019
26.4565
26.5617
26.61
26.5962
26.5179
26.3757
26.1729
25.9155
25.6119
25.2746
24.9212
636.549
266.721
203.085
181.039
172.242
169.701
170.916
174.821
180.92
188.971
198.857
210.516
223.903
238.972
255.663
273.896
293.56
314.509
336.567
359.545
383.27
407.621
432.577
458.286
485.197
514.183
546.008
580.018
616.703
655.228
692.438
723.557
744.147
751.431
744.512
724.191
691.092
647.991
598.966
546.793
493.976
442.352
393.241
347.511
305.662
267.912
234.265
204.581
178.619
156.082
136.642
119.962
105.713
93.5813
83.2748
74.5282
67.1039
60.7919
55.4094
50.7994
46.8284
43.3847
40.3758
37.7263
35.3755
33.2755
31.3889
29.6869
28.148
26.7555
25.4958
24.3587
23.3323
22.4074
21.5763
20.8325
20.17
19.5832
19.0669
18.616
18.2253
17.89
17.6054
17.3667
17.1695
17.0096
16.8832
16.7868
16.7172
16.6716
16.6478
16.6438
16.6582
16.6902
16.7393
16.8059
16.8909
16.9957
17.1224
17.2738
17.4528
17.6629
17.9079
18.1914
18.517
18.8877
19.3061
19.7736
20.2903
20.8533
21.4557
22.0883
22.74
23.3976
24.0459
24.6668
25.2402
25.7514
26.2011
26.5966
26.9442
27.2482
27.5115
27.7356
27.9212
28.0687
28.1781
28.25
28.2849
28.2841
28.2494
28.1831
28.0883
27.9686
27.8277
27.67
27.4996
27.32
27.1344
26.9461
26.7577
26.5716
26.3897
26.2137
26.0445
25.8832
25.7302
25.586
25.4508
25.3251
25.2093
25.1044
25.0115
24.9326
24.87
24.827
24.8071
24.8145
24.8532
24.9266
25.037
25.185
25.3683
25.5824
25.8193
26.0687
26.3184
26.5547
26.7641
26.934
27.0537
27.1153
27.1133
27.0456
26.9131
26.7195
26.4712
26.1769
25.8477
25.4977
763.132
314.582
234.515
205.987
193.736
189.152
189.184
192.515
198.49
206.747
217.059
229.258
243.198
258.729
275.685
293.867
313.032
332.878
353.047
373.135
392.715
411.374
428.775
444.849
460.2
477.016
500.256
533.38
578.426
634.084
694.705
750.577
793.309
817.931
822.487
808.532
778.441
735.499
683.639
626.566
567.462
508.835
452.522
399.757
351.281
307.449
268.33
233.799
203.597
177.387
154.793
135.427
118.903
104.858
92.9521
82.8745
74.3472
67.1242
60.9904
55.7601
51.2753
47.4031
44.0329
41.0746
38.4556
36.1184
34.0189
32.1236
30.4082
28.8553
27.4484
26.1723
25.0157
23.9698
23.0273
22.1821
21.4286
20.7612
20.1746
19.6632
19.2214
18.8437
18.5244
18.258
18.0391
17.8625
17.7232
17.6168
17.5392
17.487
17.457
17.4469
17.4549
17.4799
17.5212
17.5791
17.6544
17.7484
17.8632
18.0011
18.1646
18.3566
18.5802
18.838
19.1331
19.4679
19.8449
20.2658
20.7316
21.2421
21.7931
22.377
22.9836
23.6001
24.211
24.7979
25.3407
25.8219
26.2376
26.5954
26.9039
27.1693
27.3958
27.5862
27.7424
27.8655
27.9565
28.0163
28.046
28.0468
28.0206
27.9695
27.8959
27.803
27.6938
27.5718
27.4407
27.3031
27.1616
27.0182
26.875
26.7335
26.595
26.4604
26.3303
26.205
26.0848
25.9696
25.8597
25.7552
25.6566
25.5649
25.4812
25.4076
25.3467
25.3017
25.2768
25.2762
25.3046
25.3662
25.4641
25.6
25.7728
25.9788
26.2111
26.4596
26.7122
26.9551
27.1742
27.356
27.489
27.5643
27.5758
27.5209
27.4002
27.2175
26.9788
26.6926
26.369
26.0199
842.084
352.248
261.849
228.548
213.298
206.704
205.43
207.973
213.533
221.614
231.862
243.988
257.727
272.811
288.952
305.828
323.056
340.187
356.684
371.919
385.151
395.52
402.145
404.458
402.719
398.659
398.564
424.94
480.569
558.357
649.446
736.304
806.081
852.123
872.765
870.249
847.592
807.998
755.959
696.062
632.36
568.117
505.756
446.931
392.663
343.473
299.515
260.691
226.731
197.27
171.887
150.146
131.615
115.882
102.565
91.3138
81.8151
73.7906
66.9966
61.2222
56.287
52.0386
48.3499
45.1168
42.2551
39.6983
37.3955
35.3089
33.4117
31.6862
30.1119
28.674
27.3619
26.1679
25.0859
24.111
23.2382
22.4629
21.7796
21.183
20.6671
20.2257
19.8527
19.5414
19.2856
19.0787
18.9146
18.7876
18.6923
18.6241
18.5792
18.5545
18.5477
18.5574
18.583
18.6247
18.6833
18.7602
18.8573
18.9767
19.1208
19.2917
19.4916
19.7224
19.9859
20.2836
20.6171
20.9875
21.3959
21.8423
22.3263
22.8428
23.3832
23.9362
24.4873
25.0194
25.5137
25.9543
26.3344
26.6577
26.9316
27.1634
27.3582
27.5198
27.6511
27.7539
27.8297
27.8799
27.906
27.9093
27.8916
27.8548
27.8011
27.733
27.6531
27.5644
27.4696
27.3709
27.27
27.1682
27.0669
26.9669
26.8688
26.7729
26.6794
26.5881
26.4987
26.4109
26.3248
26.2402
26.1576
26.0778
26.002
25.9323
25.8713
25.8223
25.7894
25.7773
25.7909
25.8348
25.9133
26.0286
26.1813
26.3689
26.5856
26.8227
27.0687
27.3101
27.5323
27.7215
27.8649
27.9527
27.9776
27.9361
27.8281
27.6566
27.4273
27.1479
26.8276
26.477
874.371
379.454
283.968
247.655
230.285
222.169
219.823
221.621
226.656
234.326
244.177
255.815
268.871
282.977
297.743
312.751
327.528
341.538
354.166
364.688
372.242
375.841
374.575
368.136
357.317
344.494
336.601
357.607
417.167
507.31
612.607
716.878
805.742
869.554
904.816
912.991
897.663
861.975
810.821
749.444
682.622
614.269
547.333
483.858
425.121
371.797
324.12
282.015
245.205
213.296
185.828
162.326
142.316
125.349
111.007
98.9117
88.7206
80.1315
72.879
66.7329
61.4952
56.9982
53.1011
49.6877
46.6638
43.9546
41.5026
39.2652
37.2125
35.3265
33.5886
31.9849
30.5061
29.1463
27.9016
26.7692
25.7464
24.8298
24.0157
23.2992
22.6752
22.1375
21.6797
21.2949
20.9758
20.715
20.5048
20.338
20.2076
20.1076
20.033
19.9796
19.9446
19.9262
19.9236
19.9369
19.967
20.0153
20.0835
20.1738
20.288
20.428
20.5952
20.7909
21.0159
21.2709
21.5566
21.8733
22.2215
22.6013
23.0121
23.4526
23.9163
24.3938
24.8726
25.3375
25.7726
26.1642
26.5048
26.7946
27.0385
27.2423
27.4114
27.55
27.6613
27.7477
27.8111
27.8534
27.8761
27.8808
27.8692
27.8431
27.8045
27.7554
27.6981
27.635
27.5684
27.4998
27.4302
27.3607
27.2919
27.2242
27.1579
27.0926
27.0282
26.964
26.8994
26.834
26.7671
26.6988
26.6292
26.5589
26.4893
26.422
26.3599
26.306
26.2645
26.24
26.2375
26.2623
26.3188
26.4105
26.5388
26.7026
26.8978
27.117
27.3497
27.5831
27.8031
27.9952
28.146
28.2443
28.2819
28.2538
28.1588
27.9989
27.779
27.5059
27.188
26.8349
859.905
396.665
301.322
263.902
245.676
236.859
233.901
235.15
239.666
246.805
256.055
266.956
279.068
291.954
305.158
318.206
330.586
341.748
351.09
357.944
361.574
361.243
356.501
347.743
336.809
327.88
330.05
359.173
423.371
516.928
624.923
732.054
824.853
893.354
933.113
944.788
931.814
897.07
845.448
782.429
713.141
641.864
571.854
505.381
443.869
388.07
338.247
294.317
255.98
222.805
194.299
169.949
149.254
131.735
116.955
104.515
94.0589
85.27
77.8721
71.6243
66.3193
61.7801
57.8574
54.4267
51.3864
48.6549
46.1688
43.8806
41.7563
39.7738
37.921
36.187
34.5641
33.0485
31.6388
30.3356
29.1393
28.05
27.0667
26.1875
25.4094
24.7283
24.139
23.6356
23.2109
22.857
22.5655
22.3274
22.134
21.9775
21.8508
21.7485
21.6666
21.6025
21.555
21.5238
21.5096
21.5136
21.5375
21.583
21.6518
21.7454
21.865
22.0114
22.1852
22.3864
22.6154
22.872
23.1562
23.4677
23.8058
24.1686
24.5535
24.9528
25.3561
25.7507
26.1235
26.4631
26.7622
27.0191
27.2358
27.4162
27.5645
27.6846
27.7797
27.8523
27.9047
27.9388
27.9562
27.9587
27.9478
27.9254
27.8932
27.853
27.8068
27.7566
27.7042
27.6507
27.597
27.5439
27.4918
27.441
27.3914
27.3427
27.2943
27.2453
27.195
27.1424
27.0868
27.0279
26.9656
26.9004
26.8334
26.7661
26.7012
26.6416
26.5914
26.5551
26.5379
26.5449
26.581
26.6501
26.7547
26.8947
27.0673
27.2666
27.4834
27.7059
27.9205
28.1128
28.2688
28.3766
28.4264
28.4121
28.3312
28.1843
27.9752
27.71
27.3961
27.0425
804.564
402.94
314.458
278.509
260.814
252.159
249.117
250.1
254.202
260.791
269.346
279.387
290.445
302.052
313.732
324.996
335.348
344.281
351.288
355.859
357.513
355.908
351.168
344.479
338.919
340.493
361.773
413.47
496.574
599.126
705.169
802.896
883.529
940.298
970.139
973.956
954.566
914.619
858.738
792.213
720.064
646.512
574.768
507.047
444.71
388.437
338.414
294.49
256.303
223.371
195.163
171.136
150.769
133.574
119.105
106.96
96.7833
88.2605
81.1163
75.1115
70.0396
65.7233
62.0121
58.7794
55.9205
53.3504
51.0018
48.823
46.7763
44.8359
42.986
41.2182
39.5317
37.9254
36.3986
34.9545
33.5975
32.3304
31.1568
30.0795
29.1003
28.22
27.4381
26.7524
26.1589
25.6516
25.2228
24.863
24.5621
24.31
24.0975
23.9168
23.7618
23.6285
23.5143
23.4182
23.3401
23.2807
23.2412
23.2229
23.2271
23.2553
23.3085
23.3876
23.4931
23.6255
23.7848
23.9712
24.1845
24.424
24.6887
24.9765
25.2842
25.6076
25.9381
26.2652
26.578
26.8671
27.1257
27.3505
27.5415
27.7006
27.8305
27.9341
28.0141
28.073
28.1128
28.1354
28.1425
28.1359
28.1171
28.0876
28.0492
28.0035
27.9523
27.8975
27.8404
27.7821
27.7237
27.6662
27.6102
27.5562
27.5042
27.4539
27.4047
27.3556
27.3057
27.2537
27.1988
27.1402
27.0776
27.0111
26.9416
26.8706
26.8002
26.7335
26.6742
26.6268
26.5963
26.5879
26.6065
26.6563
26.7403
26.8593
27.0115
27.1921
27.3934
27.6045
27.8128
28.0041
28.1644
28.2811
28.3435
28.3442
28.2793
28.1482
27.9535
27.7003
27.395
27.0463
720.344
398.458
323.651
292.442
277.046
269.66
267.295
268.552
272.621
278.93
286.991
296.337
306.509
317.048
327.497
337.402
346.327
353.868
359.671
363.465
365.12
364.808
363.448
363.565
370.72
396.768
452.723
541.013
649.46
758.372
853.351
928.708
982.028
1011.48
1017.09
1001.31
965.76
913.321
848.352
775.678
699.798
624.425
552.309
485.266
424.319
369.877
321.916
280.13
244.045
213.11
186.748
164.398
145.532
129.667
116.369
105.253
95.9808
88.2546
81.8166
76.4427
71.9393
68.1395
64.9011
62.1032
59.6448
57.4425
55.4291
53.5519
51.7713
50.0588
48.3954
46.77
45.1776
43.6176
42.0926
40.6094
39.1763
37.7942
36.4686
35.2068
34.0162
32.9038
31.8772
30.9428
30.1043
29.3628
28.7157
28.1571
27.6778
27.2671
26.9137
26.6072
26.3385
26.1008
25.8891
25.7004
25.5331
25.3865
25.2607
25.1562
25.0739
25.0149
24.9803
24.9711
24.9887
25.0338
25.1075
25.21
25.3417
25.5021
25.6898
25.9026
26.1369
26.3875
26.6492
26.9132
27.1701
27.4114
27.6305
27.8233
27.9881
28.125
28.2352
28.3204
28.3826
28.4237
28.4454
28.4496
28.4377
28.4113
28.372
28.3211
28.2603
28.1911
28.1154
28.0347
27.9506
27.8649
27.7792
27.6949
27.6134
27.5355
27.4615
27.3915
27.3249
27.2607
27.1976
27.1344
27.0696
27.0021
26.9313
26.8568
26.7794
26.7001
26.621
26.5447
26.475
26.4161
26.373
26.3506
26.354
26.3873
26.4538
26.5547
26.6889
26.8528
27.0393
27.239
27.44
27.6289
27.7921
27.9166
27.9913
28.0079
27.9611
27.8492
27.6735
27.4382
27.1486
26.813
650.687
390.808
330.344
305.438
293.69
288.75
288.158
290.755
295.847
302.948
311.636
321.399
331.778
342.334
352.644
362.312
370.991
378.42
384.471
389.237
393.257
397.6
405.017
421.775
460.774
535.232
644.46
771.901
891.624
984.673
1046.42
1080.74
1091.55
1081.23
1052.53
1008.46
950.419
881.397
805.312
726.212
647.675
572.492
502.572
439.025
382.309
332.412
289.012
251.602
219.59
192.361
169.316
149.897
133.596
119.961
108.594
99.1457
91.3131
84.8336
79.4801
75.0561
71.3921
68.342
65.7803
63.5999
61.7102
60.0355
58.5138
57.0957
55.7425
54.4257
53.125
51.8268
50.523
49.2094
47.885
46.5504
45.208
43.8609
42.5149
41.1806
39.8665
38.5809
37.3378
36.1535
35.0415
34.0146
33.0819
32.2473
31.5091
30.8611
30.2939
29.7963
29.3574
28.9671
28.6174
28.302
28.0163
27.7572
27.5225
27.3112
27.1228
26.9579
26.8173
26.7027
26.6158
26.5587
26.5332
26.5409
26.5827
26.6586
26.7674
26.9066
27.0723
27.259
27.4597
27.668
27.8756
28.0741
28.2566
28.4182
28.556
28.6687
28.7563
28.8193
28.8589
28.8763
28.8731
28.8504
28.8098
28.7525
28.6799
28.5934
28.4945
28.3849
28.2664
28.1411
28.0115
27.8801
27.7494
27.6217
27.4991
27.3829
27.274
27.1726
27.078
26.9891
26.9043
26.8218
26.7399
26.657
26.572
26.4844
26.3944
26.3026
26.2109
26.1219
26.0393
25.9672
25.9102
25.8735
25.8617
25.8792
25.9289
26.0125
26.1292
26.2758
26.4464
26.6324
26.823
27.0059
27.168
27.2968
27.381
27.4117
27.3831
27.2922
27.1392
26.9272
26.6607
26.3469
509.534
369.464
332.267
317.078
311.104
310.319
313.086
318.644
326.36
335.678
346.176
357.447
369.098
380.758
392.083
402.783
412.664
421.684
430.047
438.361
448.039
462.244
488.035
538.941
630.83
758.295
902.1
1031.98
1124.98
1175.42
1190.97
1181.77
1154
1110.95
1055.57
990.341
916.563
836.892
754.62
672.993
594.739
521.835
455.489
396.242
344.124
298.82
259.807
226.46
198.128
174.176
154.012
137.101
122.968
111.199
101.431
93.3525
86.6959
81.23
76.7564
73.1042
70.126
67.6946
65.7005
64.0494
62.6605
61.4657
60.4081
59.4411
58.5275
57.6384
56.7522
55.8528
54.9288
53.972
52.9764
51.9372
50.8505
49.7138
48.5258
47.2882
46.0057
44.6874
43.3489
42.0145
40.6991
39.4243
38.2126
37.0814
36.0417
35.0994
34.2539
33.4993
32.8267
32.2264
31.688
31.2022
30.761
30.3577
29.987
29.6449
29.3289
29.0381
28.7727
28.5344
28.3257
28.1498
28.0099
27.9088
27.8486
27.8301
27.8525
27.9133
28.0081
28.1311
28.275
28.4315
28.5925
28.7506
28.8983
29.0297
29.1407
29.2287
29.2924
29.3315
29.3462
29.3372
29.3055
29.2519
29.1774
29.0833
28.9707
28.8408
28.6953
28.5361
28.3658
28.1874
28.0042
27.8196
27.6373
27.4604
27.2916
27.1331
26.9859
26.85
26.7247
26.6084
26.4991
26.3945
26.2923
26.1905
26.0877
25.9828
25.8759
25.7678
25.6597
25.5542
25.455
25.366
25.2919
25.2376
25.2078
25.2064
25.2366
25.2999
25.396
25.5221
25.6731
25.8413
26.0171
26.1893
26.3457
26.4745
26.5647
26.6075
26.5963
26.5275
26.4001
26.2161
25.9791
25.6952
420.794
345.302
331.405
329.301
332.514
339.152
348.573
360.042
372.912
386.744
401.197
415.967
430.78
445.398
459.639
473.429
486.885
500.43
515.012
532.568
557.209
597.687
669.798
790.699
944.771
1105.35
1240.29
1325.23
1355.66
1343.26
1304.34
1250.19
1185.89
1113.88
1036.3
954.024
868.259
781.272
695.702
613.981
537.986
468.907
407.288
353.155
306.171
265.775
231.302
202.055
177.359
156.59
139.183
124.642
112.535
102.489
94.1842
87.3482
81.748
77.1851
73.4897
70.5164
68.1399
66.2524
64.7603
63.5827
62.6497
61.9014
61.2867
60.7629
60.2948
59.8541
59.418
58.9685
58.4914
57.9748
57.4084
56.7824
56.0875
55.3146
54.4554
53.5034
52.4549
51.3107
50.0771
48.7673
47.3992
45.9976
44.5942
43.2165
41.886
40.6243
39.448
38.3638
37.3736
36.4751
35.6612
34.9232
34.2514
33.6362
33.0687
32.5413
32.0485
31.5868
31.1549
30.754
30.3868
30.0576
29.7709
29.5312
29.3417
29.2043
29.1186
29.0821
29.0904
29.1367
29.2131
29.3106
29.4198
29.5315
29.6383
29.7337
29.8126
29.8709
29.9059
29.9164
29.9015
29.8611
29.7957
29.7057
29.5915
29.4538
29.2937
29.1129
28.9133
28.6977
28.4693
28.232
27.9903
27.7487
27.5119
27.284
27.0684
26.8674
26.682
26.5121
26.3565
26.2129
26.0787
25.951
25.8268
25.7037
25.58
25.4544
25.3268
25.1979
25.0693
24.9433
24.8232
24.7132
24.6178
24.5418
24.4896
24.4653
24.4717
24.5106
24.5817
24.6828
24.8095
24.9551
25.1111
25.2675
25.4133
25.5377
25.6302
25.6821
25.6867
25.6397
25.5394
25.3866
25.1838
24.9364
362.994
323.643
333.34
349.15
367.372
387.525
409.377
432.003
454.878
477.677
500.185
522.267
543.862
565.002
585.851
606.824
628.817
653.433
683.762
725.675
791.195
900.326
1063.68
1248.84
1419.89
1543.47
1600.92
1593.25
1538.01
1457.4
1367.4
1274.83
1181.42
1087.66
993.984
900.077
807.022
716.678
631.033
551.738
479.883
415.955
359.933
311.428
269.824
234.397
204.399
179.111
157.869
140.079
125.224
112.853
102.582
94.0848
87.083
81.3422
76.6641
72.8808
69.8497
67.4493
65.5757
64.1392
63.0622
62.2774
61.7259
61.3569
61.1261
60.9958
60.9339
60.9133
60.9113
60.9088
60.8892
60.8376
60.74
60.5826
60.3516
60.0328
59.6127
59.0785
58.4196
57.6287
56.703
55.645
54.4631
53.1723
51.7939
50.3531
48.8786
47.4028
45.9608
44.5691
43.2455
42.0038
40.8492
39.7812
38.7957
37.8856
37.0414
36.254
35.5155
34.82
34.1643
33.5483
32.9748
32.4481
31.974
31.5581
31.2049
30.917
30.6946
30.5352
30.4339
30.3835
30.3748
30.3979
30.4422
30.4975
30.5546
30.6056
30.6437
30.6643
30.6634
30.6385
30.5877
30.5099
30.4045
30.2713
30.1107
29.9233
29.7102
29.4733
29.2151
28.9389
28.649
28.3504
28.0486
27.7496
27.459
27.1816
26.9212
26.6802
26.4593
26.258
26.0741
25.9048
25.7466
25.5958
25.4491
25.3035
25.157
25.0082
24.8569
24.7039
24.5507
24.4001
24.2552
24.1201
23.9991
23.897
23.818
23.7661
23.7441
23.7538
23.7951
23.8662
23.9635
24.0813
24.2122
24.3474
24.4773
24.5919
24.6818
24.7386
24.7556
24.7281
24.6539
24.5326
24.3659
24.1583
327.804
313.604
354.234
399.519
445.529
491.693
537.673
582.304
625.026
665.631
704.144
740.79
776.039
810.585
845.456
882.461
924.964
977.851
1051.56
1158.99
1328.7
1539.43
1740.14
1891.36
1966.9
1961.74
1887.32
1768.69
1632.79
1498.17
1371.76
1253.49
1141.58
1034.82
931.671
831.879
736.392
646.643
563.985
489.355
423.162
365.322
315.384
272.668
236.386
205.735
179.945
158.313
140.216
125.11
112.529
102.075
93.4143
86.2627
80.3832
75.5765
71.6758
68.5408
66.0534
64.1138
62.6369
61.55
60.7904
60.3036
60.0419
59.9639
60.0329
60.2172
60.4891
60.824
61.2007
61.5998
62.0036
62.3949
62.7566
63.0713
63.3213
63.4884
63.5545
63.5025
63.3172
62.9861
62.5004
61.8555
61.0511
60.0918
58.9869
57.7501
56.4
54.96
53.4575
51.9201
50.3779
48.8636
47.3964
45.9882
44.6498
43.386
42.1936
41.0687
40.0062
39.0009
38.0497
37.1522
36.311
35.5309
34.8178
34.1783
33.6175
33.1387
32.7424
32.426
32.184
32.0085
31.8894
31.8152
31.7743
31.755
31.7464
31.739
31.7245
31.6964
31.6494
31.5795
31.4837
31.3599
31.2068
31.0237
30.8104
30.5675
30.2961
29.9983
29.6773
29.3372
28.9832
28.6217
28.2594
27.9033
27.5598
27.2345
26.9313
26.6524
26.3982
26.1672
25.9567
25.7629
25.5814
25.408
25.2386
25.07
24.8997
24.7263
24.5496
24.3702
24.19
24.0116
23.8386
23.6748
23.5247
23.3926
23.2829
23.1993
23.1446
23.1206
23.1276
23.1642
23.2276
23.3128
23.4138
23.5229
23.6317
23.7315
23.8137
23.8705
23.8956
23.884
23.833
23.7416
23.6106
23.4436
316.42
342.763
447.243
557.097
665.43
770.092
869.262
961.433
1045.91
1122.77
1192.75
1257.38
1318.94
1380.01
1443.93
1517.25
1611.57
1734.92
1913.82
2141.18
2349.55
2494.51
2550.55
2512.22
2393.4
2217.28
2014.49
1812.86
1629.19
1467.35
1323.83
1193.9
1074.16
961.885
855.52
755.092
661.441
575.586
498.301
429.917
370.302
318.956
275.144
238.024
206.734
180.459
158.456
140.07
124.732
111.959
101.338
92.5259
85.2318
79.2144
74.2721
70.2374
66.9705
64.3551
62.2942
60.7063
59.523
58.6861
58.146
57.86
57.7909
57.9063
58.1779
58.5806
59.0919
59.6918
60.3617
61.0838
61.8406
62.6142
63.3856
64.1349
64.8407
65.4811
66.0341
66.4784
66.795
66.9676
66.9837
66.8346
66.5155
66.0249
65.3641
64.5369
63.5496
62.4116
61.1361
59.74
58.2454
56.6785
55.066
53.4355
51.8159
50.2315
48.6888
47.1968
45.7627
44.3885
43.0762
41.8298
40.6549
39.5575
38.5447
37.6242
36.8019
36.0816
35.4637
34.9457
34.5218
34.1831
33.9184
33.7152
33.5602
33.4401
33.3425
33.2556
33.1696
33.0759
32.9676
32.8391
32.686
32.5051
32.2942
32.0519
31.7774
31.4713
31.1346
30.7698
30.3807
29.9722
29.5507
29.1237
28.6989
28.2844
27.8873
27.5135
27.167
26.8498
26.5616
26.3005
26.0628
25.844
25.6388
25.4423
25.2498
25.0577
24.8631
24.6645
24.4615
24.2548
24.0463
23.8387
23.6354
23.4405
23.2584
23.0935
22.9498
22.8311
22.7402
22.6789
22.648
22.6465
22.6721
22.7211
22.7882
22.8672
22.9507
23.0312
23.1012
23.1536
23.1824
23.1828
23.1517
23.0876
22.9905
22.8637
353.259
515.713
836.645
1143.78
1432.71
1697.01
1930.69
2130.73
2297.48
2434.08
2546.36
2644.15
2736.5
2828.72
2927.19
3044.72
3207.87
3383.44
3510.22
3548.29
3488.46
3334.15
3104.98
2826.24
2526
2232.8
1968.11
1741.14
1549.34
1384.79
1239.87
1109.29
989.346
877.474
772.923
675.987
587.367
507.689
437.24
375.879
323.095
278.127
240.094
208.093
181.267
158.837
140.115
124.51
111.517
100.71
91.7318
84.2846
78.1204
73.0334
68.8531
65.4386
62.6731
60.4603
58.7203
57.3868
56.405
55.7287
55.3194
55.1442
55.1754
55.3889
55.7642
56.283
56.9292
57.688
58.545
59.486
60.4958
61.5577
62.6531
63.761
64.8582
65.92
66.9208
67.8356
68.6412
69.3174
69.8483
70.2219
70.4304
70.4691
70.3357
70.0289
69.5481
68.8926
68.0629
67.0613
65.894
64.5717
63.1105
61.5323
59.8635
58.132
56.3637
54.5856
52.8265
51.0995
49.4169
47.794
46.2459
44.783
43.417
42.1591
41.0181
39.9991
39.1034
38.3292
37.6708
37.1193
36.6625
36.2869
35.9779
35.7205
35.5004
35.304
35.1191
34.9351
34.7432
34.5359
34.3073
34.0528
33.7691
33.4537
33.1057
32.7251
32.3131
31.8725
31.4074
30.9239
30.4292
29.9315
29.4399
28.9628
28.5081
28.0818
27.688
27.3285
27.0025
26.7076
26.4393
26.1924
25.9611
25.7395
25.5226
25.3059
25.0865
24.8623
24.6328
24.3987
24.1616
23.9242
23.69
23.463
23.2473
23.0475
22.8675
22.7111
22.5813
22.4801
22.4084
22.366
22.3512
22.3612
22.3916
22.4374
22.4925
22.5505
22.6047
22.6491
22.6781
22.6871
22.6731
22.6342
22.5698
22.4827
542.346
1696.32
2997.63
4033.65
4844.34
5444.4
5851.33
6092.61
6202.64
6216.22
6171.18
6096.82
6005.38
5902.32
5786.92
5643.63
5428.92
5147.01
4804.72
4411.5
3985.83
3549.68
3121.46
2721.48
2366.34
2064.44
1814.08
1606.02
1429.37
1275.31
1137.84
1012.88
897.386
790.097
690.883
600.182
518.518
446.184
383.091
328.776
282.502
243.386
210.504
182.97
159.974
140.8
124.831
111.54
100.485
91.2938
83.6579
77.3205
72.0693
67.7288
64.1543
61.2267
58.848
56.9378
55.4299
54.2702
53.4143
52.8255
52.4739
52.3346
52.3873
52.6153
53.0045
53.5433
54.2216
55.0301
55.9601
57.002
58.1449
59.3757
60.6784
62.0338
63.4194
64.8098
66.1778
67.4957
68.7368
69.8768
70.8956
71.7771
72.5101
73.087
73.5028
73.754
73.8367
73.7459
73.4754
73.018
72.3675
71.5196
70.4747
69.2387
67.8242
66.2501
64.5408
62.725
60.8346
58.8997
56.951
55.0199
53.1409
51.3296
49.6058
47.989
46.4954
45.1349
43.9118
42.8271
41.8779
41.0567
40.352
39.7498
39.2349
38.7915
38.4037
38.0559
37.7335
37.424
37.1162
36.8009
36.4703
36.118
35.7395
35.3314
34.8921
34.4211
33.9198
33.3911
32.8396
32.2718
31.6955
31.1198
30.5541
30.0075
29.488
29.0019
28.5533
28.1437
27.7724
27.4365
27.1311
26.8505
26.5881
26.3377
26.0935
25.8504
25.605
25.3548
25.0989
24.8376
24.5723
24.3056
24.0408
23.7815
23.5321
23.2968
23.0796
22.8844
22.7141
22.5711
22.4568
22.3714
22.3142
22.2832
22.275
22.2857
22.3103
22.3435
22.3797
22.4138
22.4408
22.4567
22.4583
22.4438
22.4123
22.3662
4597.18
10708.1
13459.8
14560.6
14728.4
14361.6
13696.9
12884.3
12017.9
11153.1
10314.6
9506.75
8734.29
7996.71
7289.96
6609.56
5952.08
5317.52
4715.74
4149.55
3625.15
3151.41
2735.68
2381.09
2084.94
1838.92
1632.02
1454.25
1298.13
1158.57
1031.92
915.205
806.937
706.728
614.825
531.698
457.703
392.875
336.878
289.066
248.601
214.574
186.087
162.309
142.498
126.01
112.296
100.891
91.4074
83.521
76.964
71.5145
66.9897
63.2391
60.1389
57.5876
55.5022
53.8146
52.4695
51.4217
50.6347
50.0791
49.731
49.5717
49.5864
49.7636
50.0946
50.573
51.1939
51.9535
52.8481
53.8737
55.0245
56.2928
57.6674
59.1335
60.6722
62.2609
63.8736
65.4826
67.0596
68.5777
70.0126
71.3441
72.5564
73.6376
74.5796
75.3758
76.0201
76.5057
76.8234
76.9623
76.9099
76.6535
76.1819
75.4875
74.5678
73.4268
72.0756
70.5328
68.8234
66.9778
65.0306
63.0191
60.9816
58.9529
56.9663
55.0538
53.2453
51.5587
50.0033
48.5866
47.312
46.1781
45.1763
44.2943
43.5186
42.8343
42.2252
41.6746
41.1661
40.6852
40.2192
39.757
39.2887
38.8063
38.3039
37.7771
37.2235
36.6424
36.0348
35.4034
34.7531
34.0904
33.4233
32.7609
32.1128
31.488
30.8946
30.3389
29.8252
29.3551
28.9279
28.5406
28.1886
27.8656
27.5649
27.2796
27.0034
26.7307
26.4573
26.1803
25.898
25.6102
25.318
25.0234
24.7293
24.4393
24.1572
23.8873
23.6335
23.3996
23.1889
23.004
22.8467
22.7179
22.6175
22.5443
22.4964
22.4708
22.4638
22.4712
22.4885
22.5115
22.536
22.5585
22.576
22.5864
22.5884
22.5839
36120
27878.8
22502.4
18799.2
16155
14220.3
12729.2
11520.7
10496.3
9595.26
8779.73
8026.51
7320.49
6655.73
6027.25
5430.4
4864.24
4331.07
3836.23
3384.86
2980.94
2626.47
2320.45
2058.62
1834
1639.06
1467.45
1314.35
1176.3
1050.64
934.723
827.028
726.968
634.619
550.407
474.785
407.983
349.879
300.006
257.644
221.943
192.02
167.034
146.22
128.904
114.507
102.539
92.5874
84.309
77.419
71.682
66.9039
62.925
59.6143
56.8641
54.5864
52.7092
51.1738
49.9323
48.9463
48.1846
47.6224
47.2401
47.0228
46.9591
47.0411
47.2636
47.6235
48.1197
48.7523
49.5219
50.4291
51.4734
52.6525
53.9611
55.3906
56.928
58.5563
60.2542
61.9974
63.7595
65.5138
67.2344
68.8982
70.485
71.9787
73.3665
74.638
75.7838
76.7947
77.6598
78.3667
78.9007
79.2458
79.3857
79.3053
78.9924
78.4396
77.645
76.6139
75.3586
73.8988
72.2608
70.4764
68.5816
66.6144
64.6134
62.6168
60.6594
58.7706
56.9732
55.2858
53.722
52.2921
50.9932
49.8171
48.7547
47.7956
46.9272
46.133
45.3963
44.7023
44.0377
43.3907
42.75
42.106
41.4516
40.7817
40.0933
39.3853
38.658
37.9139
37.1571
36.3938
35.6312
34.8781
34.1431
33.435
32.7614
32.1286
31.5407
30.9999
30.5059
30.0562
29.6466
29.2712
28.9232
28.5957
28.2818
27.9756
27.6719
27.3673
27.0592
26.7468
26.4302
26.111
25.7914
25.4744
25.1635
24.8626
24.5755
24.306
24.0576
23.833
23.6347
23.4641
23.322
23.2082
23.1216
23.0605
23.0224
23.0044
23.0031
23.0151
23.0371
23.066
23.0991
23.1345
23.1703
23.2076
16782
14812.4
13111.6
11698.5
10533.8
9569.77
8758.94
8061.54
7446.46
6890.43
6376.64
5893.28
5432.78
4991.42
4567.87
4162.23
3775.98
3411.78
3073.16
2763.24
2483.52
2233.89
2011.9
1813.68
1635.52
1474.31
1327.64
1193.66
1070.93
957.379
851.541
752.68
660.68
575.87
498.771
429.828
369.205
316.707
271.817
233.806
201.849
175.112
152.815
134.255
118.821
105.99
95.3183
86.4379
79.0415
72.8748
67.7283
63.4293
59.8359
56.8317
54.321
52.2256
50.4815
49.0364
47.8478
46.8813
46.1092
45.5096
45.0653
44.7633
44.5942
44.5517
44.6324
44.835
45.1604
45.6108
46.1898
46.9011
47.7483
48.7337
49.8579
51.1185
52.5096
54.0215
55.6402
57.348
59.1241
60.9453
62.7879
64.6285
66.4453
68.2189
69.9323
71.5709
73.1214
74.5713
75.9075
77.116
78.1811
79.0854
79.8108
80.3392
80.6537
80.7401
80.5881
80.1926
79.554
78.6795
77.5828
76.2841
74.8093
73.1888
71.4568
69.6489
67.8006
65.9455
64.1135
62.3311
60.62
58.9965
57.4698
56.0436
54.7181
53.4907
52.3595
51.3087
50.3237
49.3915
48.5012
47.6424
46.8032
45.9735
45.1456
44.3142
43.4763
42.6304
41.7761
40.9149
40.0501
39.1863
38.3298
37.4876
36.6673
35.8762
35.1211
34.4078
33.7403
33.1213
32.5513
32.0288
31.5507
31.112
30.7068
30.3282
29.9695
29.6243
29.2872
28.9537
28.6205
28.2856
27.9485
27.6095
27.27
26.9322
26.5989
26.2734
25.9593
25.6601
25.3791
25.1197
24.8845
24.6757
24.4947
24.3426
24.2192
24.1241
24.0559
24.0131
23.9933
23.9941
24.0131
24.0476
24.0953
24.1543
24.2219
24.2985
10741
9841.38
8980.02
8196.45
7500.49
6889.16
6352.6
5878.6
5455.12
5071.47
4718.79
4390.06
4080.1
3785.54
3504.52
3236.3
2980.9
2738.81
2511.35
2299.87
2103.63
1921.48
1752.4
1595.37
1449.49
1314.04
1188.45
1072.18
964.013
862.748
767.635
678.4
595.218
518.579
449.058
387.086
332.776
285.889
245.893
212.082
183.684
159.935
140.127
123.632
109.903
98.4755
88.958
81.0235
74.4004
68.8642
64.2296
60.3439
57.0816
54.3395
52.0327
50.0915
48.4588
47.0879
45.9403
44.9851
44.1972
43.5564
43.0473
42.6578
42.3794
42.2064
42.1359
42.1671
42.3016
42.5425
42.8944
43.3627
43.9533
44.672
45.5232
46.5101
47.6332
48.8902
50.2751
51.7787
53.3879
55.087
56.858
58.6815
60.5377
62.4075
64.2724
66.1154
67.9202
69.6714
71.3534
72.9502
74.4448
75.8192
77.0543
78.131
79.0304
79.7351
80.2303
80.5042
80.5492
80.3623
79.9456
79.3069
78.4592
77.421
76.2151
74.8678
73.4079
71.8649
70.2678
68.6444
67.0196
65.4149
63.8474
62.3299
60.8714
59.4773
58.1495
56.8846
55.6767
54.5191
53.4063
52.3358
51.2944
50.2727
49.2642
48.2648
47.2731
46.2875
45.3072
44.3326
43.3657
42.4098
41.4692
40.5491
39.6551
38.7926
37.9666
37.1815
36.441
35.7476
35.1025
34.5056
33.9551
33.4477
32.9789
32.5429
32.1337
31.7451
31.3714
31.0078
30.6501
30.2955
29.9422
29.5895
29.2375
28.8875
28.5412
28.2009
27.8696
27.5502
27.246
26.9601
26.6954
26.4547
26.2401
26.0536
25.8962
25.7687
25.671
25.6026
25.5626
25.5494
25.5614
25.5965
25.6525
25.7271
25.817
25.9213
7717.12
7206.08
6683.25
6178.43
5708.34
5280.07
4893.84
4546.31
4232.72
3948
3687.34
3446.45
3221.7
3010.22
2810
2620.11
2439.61
2267.27
2102.57
1945.45
1795.66
1653.01
1517.46
1389.05
1267.87
1153.97
1047.41
947.478
853.414
764.591
680.671
601.671
527.96
460.122
398.748
344.217
296.575
255.536
220.573
191.024
166.193
145.402
128.036
113.546
101.461
91.3774
82.9578
75.9191
70.026
65.0837
60.931
57.435
54.486
51.9934
49.8828
48.0925
46.5718
45.279
44.1798
43.2459
42.4546
41.7873
41.2294
40.7696
40.3996
40.1138
39.909
39.7842
39.7404
39.7806
39.9092
40.1319
40.4551
40.8858
41.4309
42.0965
42.8875
43.8071
44.8557
46.0316
47.3298
48.7428
50.2601
51.8694
53.5567
55.3068
57.104
58.9324
60.776
62.619
64.4448
66.2368
67.9773
69.6479
71.2294
72.7024
74.0475
75.2462
76.2812
77.1375
77.8024
78.2665
78.5239
78.5725
78.4146
78.0566
77.5092
76.7869
75.9076
74.8915
73.7607
72.5378
71.2449
69.9033
68.5318
67.1473
65.7636
64.392
63.0406
61.7143
60.4153
59.1446
57.9019
56.6865
55.495
54.3238
53.1706
52.0343
50.9184
49.8219
48.7432
47.6826
46.6414
45.6221
44.6275
43.6609
42.7264
41.827
40.9653
40.1437
39.3641
38.6282
37.9372
37.2914
36.6903
36.1324
35.615
35.1337
34.6837
34.2601
33.8578
33.4719
33.0983
32.7335
32.3747
32.0203
31.6693
31.3217
30.978
30.6396
30.3081
29.9858
29.6752
29.3789
29.0997
28.8406
28.6041
28.3927
28.2085
28.0533
27.9282
27.8338
27.7703
27.7372
27.7333
27.7571
27.8061
27.8776
27.967
28.0725
5744.92
5429.4
5098.45
4767.75
4449.21
4149.8
3872.51
3617.71
3384.21
3170
2972.68
2789.84
2619.19
2458.67
2306.62
2161.77
2023.04
1889.56
1760.8
1636.58
1516.88
1401.8
1291.57
1186.45
1086.71
992.449
903.304
818.842
738.632
662.366
589.972
521.683
458.009
399.58
346.939
300.357
259.782
224.88
195.141
169.973
148.776
130.978
116.063
103.577
93.126
84.3749
77.0408
70.8866
65.7141
61.3589
57.6841
54.5764
51.9421
49.7032
47.7954
46.165
44.7679
43.5671
42.5323
41.6381
40.864
40.1928
39.6111
39.1078
38.6749
38.3064
37.9987
37.75
37.5606
37.4323
37.3688
37.3749
37.4565
37.6206
37.8744
38.2252
38.6799
39.2445
39.9237
40.7204
41.6358
42.6688
43.8162
45.0726
46.4308
47.8819
49.4156
51.0205
52.6841
54.3933
56.1338
57.8906
59.6476
61.3878
63.0932
64.7455
66.3259
67.8163
69.199
70.4573
71.5764
72.5432
73.3467
73.9787
74.4335
74.7086
74.8045
74.7248
74.4765
74.0692
73.5152
72.8287
72.0252
71.1208
70.1316
69.073
67.9595
66.8044
65.619
64.4131
63.1944
61.9695
60.7437
59.5212
58.3049
57.0974
55.9011
54.719
53.555
52.4121
51.2928
50.1995
49.135
48.1019
47.1026
46.1398
45.2176
44.3363
43.4959
42.6967
41.9387
41.2216
40.5454
39.9097
39.3143
38.7588
38.2414
37.7589
37.3077
36.8842
36.4848
36.1055
35.7426
35.3927
35.0528
34.7207
34.3949
34.0741
33.7581
33.4469
33.1412
32.842
32.5508
32.2694
32
31.7449
31.5067
31.2879
31.0909
30.9182
30.7715
30.6525
30.5619
30.5
30.4661
30.4587
30.475
30.5114
30.5624
30.6254
4290.2
4079.79
3864.73
3648.83
3436.88
3232.79
3039.19
2857.4
2687.65
2529.39
2381.61
2243.09
2112.58
1988.86
1870.91
1757.88
1649.07
1543.98
1442.31
1343.95
1248.97
1157.46
1069.67
985.824
905.807
829.494
756.661
687.045
620.415
556.686
496.011
438.812
385.69
337.239
293.858
255.651
222.446
193.878
169.483
148.765
131.239
116.454
104.002
93.5244
84.7108
77.2945
71.0491
65.7833
61.3369
57.5754
54.3866
51.6767
49.3678
47.3946
45.7028
44.2471
42.9894
41.8982
40.947
40.1135
39.3795
38.7295
38.151
37.6338
37.1698
36.753
36.379
36.0455
35.7515
35.4979
35.287
35.1223
35.0087
34.9523
34.9595
35.0377
35.1939
35.4352
35.768
36.198
36.7294
37.3654
38.1075
38.9555
39.9078
40.9612
42.1109
43.351
44.6742
46.0718
47.5341
49.05
50.6071
52.1919
53.7899
55.3857
56.9634
58.5067
59.9994
61.4257
62.7704
64.0193
65.1594
66.1791
67.0681
67.818
68.4222
68.8764
69.1783
69.3284
69.3294
69.1865
68.9068
68.4991
67.9736
67.3414
66.614
65.8033
64.9206
63.9769
62.9827
61.9474
60.8799
59.7884
58.6805
57.563
56.4427
55.3262
54.22
53.1303
52.0627
51.0226
50.0145
49.0425
48.1101
47.22
46.3746
45.5747
44.82
44.1098
43.4425
42.8165
42.2297
41.6805
41.1674
40.6912
40.2494
39.838
39.4538
39.094
38.7568
38.4388
38.1371
37.8487
37.5712
37.3024
37.0403
36.7835
36.5309
36.2819
36.0361
35.7937
35.5552
35.3212
35.0929
34.8717
34.6593
34.4577
34.2689
34.0951
33.9381
33.7995
33.6804
33.581
33.5008
33.438
33.3895
33.3508
33.3159
33.2828
3169.5
3019.91
2871.58
2724.96
2581.46
2442.56
2309.42
2182.75
2062.8
1949.43
1842.21
1740.56
1643.84
1551.4
1462.69
1377.23
1294.66
1214.74
1137.32
1062.4
990.151
920.47
853.357
788.812
726.756
667.059
609.557
554.098
500.632
449.299
400.477
354.722
312.614
274.571
240.753
211.07
185.263
162.988
143.867
127.527
113.611
101.791
91.7681
83.2793
76.0931
70.0093
64.8561
60.4869
56.7775
53.623
50.9347
48.6382
46.6709
44.9801
43.5216
42.2582
41.1585
40.1961
39.3486
38.5973
37.9262
37.3218
36.773
36.2703
35.8061
35.3745
34.9707
34.5916
34.2355
33.902
33.5921
33.308
33.0533
32.8327
32.6515
32.5163
32.4335
32.4103
32.4534
32.5694
32.7641
33.0425
33.4087
33.8656
34.415
35.0575
35.7924
36.6181
37.5315
38.5286
39.6041
40.7513
41.9625
43.2287
44.5399
45.8853
47.253
48.6308
50.0058
51.3649
52.6951
53.9835
55.2176
56.3852
57.4746
58.475
59.3761
60.1687
60.8449
61.3984
61.8247
62.1211
62.2871
62.324
62.2352
62.0258
61.7025
61.2733
60.7472
60.1338
59.443
58.6851
57.8702
57.0084
56.1097
55.1836
54.2393
53.2862
52.3329
51.3879
50.4592
49.5542
48.6793
47.8404
47.0423
46.2887
45.5824
44.9249
44.3165
43.7564
43.2431
42.7742
42.3468
41.9578
41.6042
41.2831
40.9912
40.7245
40.4796
40.2539
40.0482
39.8584
39.681
39.5141
39.3554
39.2027
39.0539
38.9073
38.7616
38.6158
38.4689
38.3204
38.17
38.0175
37.863
37.7069
37.5497
37.3924
37.2357
37.0808
36.9288
36.7804
36.6361
36.4954
36.3574
36.2197
36.0788
35.9299
35.7678
35.5924
2421.9
2304.98
2191.9
2082.08
1975.76
1873.35
1775.21
1681.57
1592.48
1507.79
1427.23
1350.43
1277
1206.58
1138.84
1073.48
1010.35
949.345
890.326
833.231
778.051
724.741
673.245
623.483
575.339
528.678
483.384
439.433
396.964
356.317
317.989
282.493
250.203
221.267
195.628
173.098
153.426
136.344
121.581
108.874
97.9768
88.6564
80.7012
73.9209
68.1464
63.2297
59.0422
55.4732
52.4277
49.8249
47.596
45.6826
44.0352
42.6121
41.3777
40.3021
39.3596
38.5288
37.791
37.1306
36.534
35.9898
35.4881
35.0205
34.5801
34.161
33.7585
33.369
32.9903
32.6209
32.2607
31.9108
31.5733
31.2515
30.9496
30.6727
30.4266
30.2177
30.0524
29.9373
29.8786
29.8821
29.9528
30.0951
30.3125
30.6075
30.9817
31.4357
31.9693
32.5811
33.2689
34.0292
34.8576
35.7488
36.6968
37.6947
38.735
39.8096
40.91
42.0268
43.1506
44.2716
45.3799
46.4652
47.5173
48.5259
49.4806
50.3712
51.1877
51.9209
52.5624
53.105
53.5429
53.8719
54.0898
54.1962
54.1928
54.0829
53.8718
53.5658
53.1727
52.701
52.1603
51.5602
50.9108
50.2225
49.5052
48.7691
48.024
47.2792
46.5437
45.8261
45.1338
44.4739
43.852
43.2729
42.7405
42.2571
41.8241
41.4417
41.109
40.8241
40.5845
40.3868
40.2276
40.1027
40.0079
39.9385
39.89
39.8584
39.8402
39.832
39.8314
39.8394
39.8524
39.8673
39.8815
39.8929
39.8995
39.9
39.893
39.8773
39.8521
39.8166
39.77
39.7115
39.6408
39.5571
39.4601
39.3493
39.2241
39.0837
38.9271
38.7527
38.558
38.34
38.095
37.8182
37.5063
37.1635
1881.92
1786.99
1696.95
1610.96
1528.77
1450.28
1375.43
1304.16
1236.35
1171.84
1110.39
1051.75
995.65
941.855
890.177
840.388
792.332
745.895
700.977
657.498
615.388
574.563
534.924
496.353
458.727
421.949
385.999
351.001
317.252
285.196
255.305
227.933
203.235
181.178
161.617
144.358
129.203
115.956
104.427
94.4339
85.8033
78.371
71.9853
66.5078
61.8144
57.7948
54.3522
51.4024
48.8724
46.6994
44.8296
43.2168
41.8217
40.6108
39.5554
38.6309
37.8166
37.0945
36.449
35.867
35.337
34.8489
34.3941
33.9652
33.5556
33.1598
32.7732
32.3918
32.0129
31.6343
31.2549
30.8746
30.4942
30.1155
29.7412
29.3753
29.0222
28.6872
28.3761
28.095
27.85
27.6472
27.4922
27.3901
27.3453
27.3617
27.4422
27.5889
27.8033
28.0856
28.4354
28.8513
29.3308
29.8707
30.4671
31.116
31.813
32.5534
33.3321
34.143
34.9797
35.8357
36.7039
37.5773
38.448
39.3082
40.1493
40.9625
41.7385
42.4683
43.1426
43.7529
44.2913
44.7508
45.1259
45.4125
45.6082
45.7125
45.7269
45.6542
45.4989
45.2669
44.9654
44.6024
44.1866
43.7272
43.2337
42.7156
42.1824
41.6433
41.1074
40.5829
40.0778
39.5991
39.1529
38.7447
38.3789
38.0589
37.7869
37.5642
37.3916
37.2683
37.1925
37.1618
37.1733
37.2233
37.3079
37.4224
37.562
37.7219
37.8973
38.0836
38.2768
38.4762
38.6781
38.879
39.0755
39.2648
39.4441
39.6111
39.7639
39.9006
40.0196
40.1192
40.198
40.2544
40.2867
40.2933
40.2722
40.2215
40.1388
40.0217
39.8672
39.672
39.4323
39.144
38.8028
38.4048
37.9491
37.4448
1421.92
1345.4
1274.15
1207.31
1144.4
1085.07
1029.04
976.081
925.964
878.48
833.422
790.575
749.707
710.617
673.122
637.052
602.262
568.622
536.015
504.33
473.455
443.277
413.68
384.56
355.847
327.546
299.781
272.823
247.059
222.898
200.656
180.475
162.336
146.124
131.689
118.881
107.56
97.5937
88.8566
81.2268
74.5871
68.8263
63.8399
59.5318
55.8144
52.6091
49.8462
47.4641
45.4089
43.6336
42.0977
40.7659
39.6081
38.5981
37.7134
36.9346
36.2451
35.6302
35.0774
34.5758
34.1158
33.6888
33.2876
32.9055
32.5367
32.1761
31.8193
31.4624
31.1024
30.7367
30.3635
29.9817
29.5909
29.1917
28.7854
28.3744
27.9618
27.5515
27.1482
26.7571
26.3839
26.0344
25.7144
25.4297
25.1854
24.9863
24.8367
24.74
24.6989
24.7153
24.7903
24.9237
25.1145
25.3597
25.6565
26.0021
26.3938
26.8287
27.3036
27.8152
28.3596
28.9328
29.5306
30.1482
30.7804
31.4219
32.0665
32.7077
33.3384
33.9513
34.5384
35.0922
35.6047
36.0689
36.4781
36.8266
37.1102
37.3256
37.4715
37.5478
37.5561
37.4994
37.3821
37.2097
36.9887
36.7261
36.4296
36.1073
35.7671
35.4172
35.0655
34.7193
34.386
34.072
33.7833
33.525
33.3018
33.1174
32.9747
32.8757
32.8219
32.8138
32.8513
32.9333
33.0585
33.2244
33.4283
33.6668
33.9358
34.231
34.5477
34.8811
35.2265
35.5797
35.9366
36.2929
36.6447
36.9879
37.319
37.6345
37.9314
38.207
38.4584
38.6832
38.8791
39.0435
39.1739
39.2675
39.3214
39.3324
39.2968
39.2108
39.07
38.8699
38.6057
38.2724
37.8661
37.3836
36.8267
36.2092
1050.44
988.922
932.663
880.828
832.876
788.355
746.892
708.177
671.937
637.916
605.884
575.625
546.932
519.613
493.489
468.394
444.17
420.672
397.762
375.31
353.195
331.313
309.583
287.972
266.519
245.363
224.755
205.021
186.49
169.397
153.837
139.78
127.124
115.753
105.558
96.4422
88.3217
81.1163
74.7488
69.1431
64.2253
59.9238
56.1707
52.9028
50.0614
47.5935
45.451
43.5914
41.9766
40.5732
39.3519
38.2871
37.3563
36.5402
35.8218
35.1861
34.6203
34.1131
33.6545
33.2358
32.8491
32.4876
32.1451
31.8159
31.4952
31.1784
30.8616
30.5412
30.214
29.8776
29.5297
29.1686
28.7934
28.4036
27.9995
27.5821
27.153
26.7149
26.271
25.8253
25.3824
24.9475
24.526
24.1236
23.7459
23.3985
23.0866
22.8149
22.5877
22.4084
22.2803
22.2021
22.1726
22.1902
22.2535
22.3607
22.51
22.6996
22.9275
23.1914
23.4889
23.8174
24.1741
24.556
24.9596
25.3813
25.8171
26.2624
26.7125
27.1618
27.6049
28.0356
28.4479
28.8357
29.1933
29.5152
29.7968
30.0343
30.2248
30.3669
30.4599
30.5047
30.5034
30.4588
30.375
30.2567
30.1093
29.9384
29.7502
29.5507
29.3462
29.1428
28.946
28.7616
28.5944
28.4492
28.33
28.2406
28.1841
28.1629
28.1791
28.2341
28.3288
28.4636
28.6381
28.8517
29.1028
29.3896
29.7094
30.0592
30.4352
30.8334
31.2496
31.6791
32.1173
32.5596
33.0014
33.4378
33.8644
34.2768
34.671
35.043
35.3892
35.706
35.99
36.2379
36.4462
36.6113
36.7294
36.7965
36.8081
36.7596
36.6458
36.4616
36.2016
35.8611
35.4363
34.9252
34.332
33.6735
768.822
719.112
674.349
633.766
596.829
563.088
532.149
503.679
477.384
453.003
430.3
409.056
389.067
370.141
352.1
334.772
317.999
301.633
285.543
269.617
253.77
237.954
222.173
206.498
191.076
176.126
161.895
148.602
136.379
125.249
115.151
105.993
97.6823
90.143
83.3169
77.1559
71.6169
66.658
62.2369
58.3108
54.8365
51.7716
49.075
46.7078
44.6332
42.8174
41.2296
39.8417
38.6284
37.5673
36.6383
35.8236
35.1075
34.4762
33.9174
33.4203
32.9753
32.574
32.2088
31.873
31.5605
31.2658
30.984
30.7105
30.4414
30.1727
29.9011
29.6235
29.3372
29.0396
28.7285
28.4024
28.0596
27.6995
27.3214
26.9256
26.5126
26.0838
25.6412
25.1874
24.7257
24.26
23.7948
23.3351
22.8862
22.4537
22.0431
21.6601
21.31
20.998
20.7272
20.4976
20.3092
20.1616
20.0545
19.987
19.9584
19.9673
20.0125
20.0924
20.2052
20.349
20.5216
20.7207
20.9438
21.1882
21.451
21.7289
22.0185
22.316
22.6174
22.9184
23.2147
23.5017
23.7749
24.0303
24.2638
24.4719
24.652
24.8018
24.92
25.0063
25.0611
25.0855
25.0816
25.0519
24.9996
24.9284
24.8422
24.7451
24.6414
24.5354
24.4313
24.3331
24.2449
24.1703
24.1127
24.0755
24.0613
24.0729
24.1124
24.1818
24.2825
24.4159
24.5827
24.7831
25.0171
25.284
25.5828
25.9116
26.2682
26.65
27.0535
27.4752
27.9111
28.3567
28.8077
29.2592
29.7066
30.1451
30.5702
30.9773
31.3619
31.72
32.0472
32.3396
32.5931
32.8034
32.9663
33.0771
33.1313
33.1236
33.049
32.9019
32.6773
32.3706
31.9785
31.5
30.9401
30.3176
569.107
528.25
491.802
459.106
429.689
403.141
379.106
357.271
337.357
319.11
302.301
286.717
272.16
258.447
245.409
232.893
220.761
208.9
197.224
185.677
174.246
162.966
151.919
141.234
131.062
121.543
112.77
104.764
97.485
90.854
84.7897
79.2247
74.1115
69.4183
65.1226
61.2059
57.6505
54.4376
51.5467
48.9564
46.6437
44.5858
42.7598
41.1435
39.7157
38.4564
37.3469
36.3701
35.5103
34.7533
34.0862
33.4974
32.9766
32.5144
32.1025
31.7334
31.4005
31.0978
30.8197
30.5613
30.3183
30.0864
29.8619
29.6413
29.4215
29.1993
28.9722
28.7376
28.493
28.2365
27.9661
27.6802
27.3775
27.0568
26.7175
26.3592
25.982
25.5864
25.1733
24.7442
24.3014
23.8473
23.3853
22.919
22.4527
21.9912
21.5395
21.1031
20.6876
20.2986
19.94
19.6132
19.3193
19.0595
18.8345
18.6448
18.4906
18.3716
18.2874
18.2372
18.2196
18.2332
18.2764
18.3472
18.4434
18.5627
18.7026
18.8605
19.0335
19.2187
19.4129
19.6128
19.8152
20.0168
20.2141
20.404
20.5833
20.7495
20.8999
21.0328
21.1466
21.2405
21.3139
21.3672
21.401
21.4166
21.4154
21.3995
21.3711
21.3326
21.2868
21.2361
21.1836
21.1319
21.0837
21.0419
21.009
20.9876
20.9801
20.989
21.0163
21.0642
21.1343
21.2285
21.348
21.494
21.6672
21.8679
22.0963
22.3517
22.6333
22.9395
23.2685
23.6177
23.9843
24.3649
24.7559
25.1533
25.553
25.9506
26.3417
26.7219
27.0869
27.4321
27.7534
28.0465
28.307
28.5307
28.7131
28.8496
28.9355
28.9659
28.9357
28.8399
28.6736
28.4324
28.1134
27.7157
27.2443
26.7176
436.657
401.941
371.004
343.323
318.511
296.231
276.181
258.09
241.705
226.799
213.16
200.596
188.934
178.02
167.721
157.929
148.561
139.563
130.912
122.613
114.701
107.228
100.256
93.834
87.9841
82.691
77.906
73.5603
69.5829
65.9142
62.5111
59.3465
56.4046
53.676
51.1548
48.8352
46.7112
44.7752
43.0183
41.4306
40.0012
38.7186
37.571
36.547
35.6351
34.8243
34.1042
33.4652
32.8981
32.3946
31.947
31.5482
31.1919
30.8722
30.5839
30.3222
30.0827
29.8614
29.6547
29.4592
29.2719
29.0899
28.9105
28.7313
28.5499
28.3641
28.172
27.9716
27.7611
27.539
27.3036
27.0538
26.7883
26.5062
26.2069
25.8898
25.5547
25.2017
24.8313
24.4443
24.0419
23.6258
23.1979
22.7609
22.3177
21.8718
21.4273
20.9885
20.5603
20.1479
19.755
19.3837
19.0362
18.7145
18.4204
18.1557
17.9217
17.7194
17.5494
17.4119
17.3066
17.2329
17.1897
17.1756
17.1887
17.2272
17.2887
17.3708
17.4707
17.5858
17.7132
17.85
17.9933
18.1403
18.2881
18.434
18.5755
18.7102
18.8361
18.9514
19.0547
19.1449
19.2213
19.2835
19.3315
19.3657
19.3867
19.3953
19.3926
19.3799
19.3586
19.3303
19.2966
19.2592
19.22
19.1808
19.1436
19.1103
19.083
19.0636
19.0542
19.0567
19.073
19.1051
19.1547
19.2232
19.312
19.4222
19.5546
19.7095
19.887
20.0867
20.3077
20.5487
20.808
21.0835
21.3725
21.6721
21.9793
22.2906
22.6023
22.9107
23.2121
23.5025
23.778
24.0348
24.2688
24.4761
24.6526
24.794
24.8961
24.9542
24.9639
24.9206
24.8195
24.6566
24.4288
24.1349
23.7786
23.3767
356.305
325.246
297.381
272.328
249.79
229.503
211.225
194.729
179.808
166.271
153.949
142.692
132.377
122.901
114.188
106.18
98.8404
92.142
86.0657
80.5921
75.6962
71.3436
67.4892
64.0773
61.0455
58.3297
55.8706
53.6182
51.5348
49.5943
47.7802
46.0828
44.4964
43.0177
41.6444
40.3739
39.2037
38.1302
37.1494
36.2566
35.4467
34.7141
34.0529
33.4575
32.922
32.4407
32.0082
31.6192
31.2689
30.9527
30.6664
30.406
30.1678
29.9487
29.7454
29.5553
29.3758
29.2044
29.0392
28.8779
28.7189
28.5603
28.4004
28.2379
28.0711
27.8987
27.7195
27.5321
27.3356
27.1286
26.9104
26.6799
26.4365
26.1793
25.908
25.622
25.3213
25.0058
24.6758
24.3317
23.9742
23.6043
23.2234
22.8332
22.4356
22.0331
21.6286
21.2254
20.8271
20.4377
20.0596
19.6948
19.3458
19.0148
18.7041
18.416
18.1526
17.9158
17.707
17.5277
17.3785
17.2598
17.1716
17.1132
17.0836
17.0813
17.1043
17.1504
17.2172
17.3017
17.4012
17.5127
17.6331
17.7596
17.8892
18.0192
18.147
18.2703
18.3871
18.4956
18.5941
18.6816
18.7571
18.82
18.8699
18.9066
18.9302
18.941
18.9394
18.926
18.9015
18.8667
18.8227
18.7706
18.7114
18.6467
18.5777
18.5063
18.4339
18.3626
18.294
18.2303
18.1735
18.1254
18.0881
18.0635
18.0534
18.0592
18.0824
18.1239
18.1845
18.2646
18.3642
18.4829
18.6198
18.7739
18.9435
19.1268
19.3216
19.5254
19.7356
19.9493
20.1636
20.3753
20.5813
20.7784
20.9632
21.1323
21.2824
21.4097
21.5105
21.5811
21.6173
21.615
21.57
21.4784
21.3366
21.1429
20.8994
20.6202
319.597
289.767
262.661
238.031
215.668
195.388
177.016
160.391
145.37
131.829
119.66
108.777
99.1008
90.5633
83.0934
76.6133
71.035
66.2611
62.1899
58.7212
55.7608
53.2234
51.0342
49.1281
47.4505
45.9568
44.6116
43.388
42.2658
41.2305
40.2717
39.3822
38.5565
37.7905
37.0812
36.4255
35.8208
35.2642
34.753
34.2841
33.8544
33.4607
33.0999
32.7688
32.4642
32.1832
31.9227
31.6801
31.4529
31.2386
31.035
30.8402
30.6524
30.4699
30.2912
30.115
29.9401
29.7655
29.5901
29.4132
29.2338
29.0512
28.8648
28.674
28.4781
28.2766
28.0689
27.8546
27.6332
27.4042
27.1671
26.9217
26.6676
26.4045
26.1321
25.8504
25.5593
25.2588
24.9493
24.6311
24.3047
23.971
23.6308
23.2855
22.9364
22.5852
22.2346
21.8869
21.5438
21.2072
20.8789
20.5611
20.2556
19.9647
19.6905
19.435
19.2005
18.989
18.8023
18.6422
18.5099
18.4066
18.3328
18.2885
18.2733
18.2862
18.3256
18.3895
18.4753
18.5802
18.701
18.8342
18.9764
19.1239
19.2735
19.4216
19.5654
19.7019
19.8289
19.944
20.0456
20.1324
20.2031
20.2572
20.2941
20.3135
20.3155
20.3003
20.2681
20.2194
20.1548
20.075
19.981
19.8736
19.754
19.6234
19.4833
19.3353
19.1809
19.0222
18.8612
18.6998
18.5404
18.3851
18.2362
18.096
17.9665
17.8497
17.7475
17.6613
17.5926
17.5421
17.5106
17.4983
17.5051
17.5306
17.574
17.634
17.7094
17.7984
17.8991
18.0094
18.1271
18.2498
18.375
18.5002
18.6226
18.7397
18.8484
18.9459
19.0291
19.0947
19.1392
19.1592
19.1507
19.1101
19.0335
18.9186
18.766
18.5871
330.992
299.495
270.355
243.458
218.714
196.047
175.39
156.686
139.886
124.947
111.811
100.405
90.6237
82.3334
75.3748
69.5722
64.7465
60.7306
57.379
54.5708
52.207
50.2071
48.5049
47.0464
45.7874
44.6921
43.7316
42.8828
42.1275
41.4509
40.8414
40.2897
39.7881
39.3303
38.911
38.5255
38.1697
37.8397
37.532
37.2435
36.971
36.7118
36.4631
36.2224
35.9877
35.7567
35.5277
35.2991
35.0695
34.8377
34.6027
34.3638
34.1203
33.8717
33.6179
33.3585
33.0935
32.823
32.547
32.2658
31.9795
31.6884
31.3928
31.0929
30.7892
30.4818
30.1712
29.8575
29.5411
29.2221
28.9008
28.5774
28.2521
27.925
27.5964
27.2664
26.9354
26.6037
26.2715
25.9395
25.6082
25.2792
24.9531
24.6307
24.3129
24.0008
23.6959
23.3994
23.1128
22.8378
22.576
22.3291
22.0988
21.8872
21.696
21.5272
21.3827
21.2644
21.1738
21.1126
21.082
21.0826
21.115
21.179
21.2736
21.3976
21.5486
21.724
21.9202
22.1332
22.3585
22.5913
22.8267
23.0595
23.2851
23.4987
23.6961
23.8738
24.0284
24.1576
24.2594
24.3325
24.376
24.3897
24.3737
24.3284
24.2547
24.1535
24.0261
23.8737
23.6978
23.4998
23.2815
23.0445
22.7905
22.5215
22.2394
21.9463
21.6442
21.3355
21.0226
20.7078
20.3937
20.0827
19.7774
19.4804
19.194
18.9204
18.662
18.4204
18.1976
17.9947
17.8128
17.6528
17.5148
17.399
17.305
17.2321
17.1795
17.1458
17.1297
17.1296
17.1436
17.1697
17.2061
17.2504
17.3006
17.3543
17.4091
17.4626
17.5121
17.5549
17.5881
17.6085
17.6128
17.5973
17.5585
17.4932
17.4013
17.2919
409.95
372.799
337.737
304.792
274.023
245.512
219.34
195.589
174.324
155.566
139.27
125.306
113.473
103.525
95.2051
88.2691
82.4947
77.684
73.6645
70.2896
67.4377
65.0101
62.9285
61.1307
59.5683
58.2029
57.004
55.9469
55.011
54.1791
53.4362
52.769
52.1661
51.6171
51.1126
50.6444
50.205
49.7878
49.3867
48.9966
48.6126
48.2308
47.8477
47.4602
47.0659
46.6627
46.2491
45.824
45.3865
44.9362
44.4731
43.9972
43.509
43.0091
42.4983
41.9777
41.4482
40.9112
40.3678
39.8193
39.2672
38.7127
38.1572
37.602
37.0483
36.4975
35.951
35.4098
34.8747
34.3467
33.8266
33.3151
32.8129
32.3208
31.8393
31.369
30.9107
30.4649
30.0323
29.6137
29.2097
28.8214
28.4496
28.0955
27.7601
27.4446
27.1504
26.8789
26.6316
26.4102
26.2164
26.0522
25.9193
25.8198
25.7557
25.7288
25.741
25.7939
25.8887
26.0264
26.2074
26.4313
26.6972
27.0029
27.3455
27.7212
28.1248
28.5503
28.9909
29.4388
29.8858
30.3236
30.7437
31.1379
31.4985
31.8188
32.0929
32.3161
32.4846
32.5963
32.6498
32.645
32.5828
32.465
32.2937
32.072
31.8031
31.4906
31.1382
30.7498
30.3291
29.8798
29.4055
28.9099
28.3962
27.8679
27.328
26.7796
26.2258
25.6695
25.1134
24.5604
24.013
23.4741
22.9462
22.4317
21.933
21.4523
20.9918
20.5533
20.1385
19.7489
19.3855
19.0493
18.7407
18.46
18.207
17.9813
17.7822
17.6087
17.4596
17.3334
17.2285
17.1433
17.0757
17.024
16.986
16.9597
16.9429
16.9334
16.9289
16.927
16.9253
16.9209
16.9109
16.8922
16.8613
16.815
16.7525
16.6809
567.506
521.061
476.847
434.991
395.644
358.963
325.062
294.006
265.822
240.51
218.043
198.35
181.306
166.718
154.339
143.889
135.084
127.649
121.338
115.941
111.28
107.214
103.631
100.447
97.5976
95.0341
92.7195
90.6243
88.7238
86.9963
85.4219
83.9815
82.6571
81.4315
80.2884
79.2126
78.1903
77.2089
76.2573
75.3258
74.4059
73.4907
72.5742
71.652
70.7202
69.7764
68.8185
67.8457
66.8574
65.8539
64.8358
63.8044
62.761
61.7075
60.6459
59.5783
58.5072
57.4349
56.3639
55.2966
54.2356
53.1831
52.1416
51.1131
50.0999
49.1037
48.1264
47.1697
46.2351
45.3239
44.4374
43.5767
42.743
41.9373
41.1607
40.4141
39.6986
39.0155
38.3657
37.7506
37.1714
36.6295
36.1264
35.6637
35.243
34.866
34.5347
34.251
34.017
33.835
33.7071
33.6358
33.6231
33.6715
33.7829
33.959
34.2012
34.5102
34.8858
35.3271
35.8318
36.3966
37.0163
37.6845
38.3929
39.132
39.8904
40.6559
41.4151
42.1542
42.8592
43.5165
44.1133
44.638
45.0805
45.4326
45.6881
45.8427
45.8946
45.8436
45.6915
45.4417
45.099
44.6692
44.159
43.5756
42.9267
42.22
41.4631
40.6637
39.8289
38.9656
38.0802
37.1786
36.2665
35.3489
34.4303
33.5151
32.6069
31.7093
30.8254
29.958
29.1097
28.2828
27.4796
26.702
25.9517
25.2305
24.5397
23.8808
23.2547
22.6624
22.1047
21.5821
21.0947
20.6426
20.2255
19.8428
19.4938
19.1775
18.8926
18.6375
18.4108
18.2106
18.0351
17.8822
17.7498
17.636
17.5384
17.4549
17.3834
17.3215
17.267
17.2173
17.17
17.1222
17.0711
17.0137
16.9502
16.8855
802.12
744.87
690.541
639.104
590.578
545.055
502.634
463.391
427.358
394.516
364.796
338.087
314.252
293.12
274.492
258.138
243.811
231.256
220.228
210.495
201.851
194.118
187.145
180.813
175.025
169.705
164.797
160.253
156.038
152.12
148.47
145.063
141.873
138.875
136.045
133.359
130.796
128.336
125.96
123.652
121.398
119.185
117.004
114.847
112.707
110.579
108.461
106.349
104.244
102.144
100.051
97.9661
95.891
93.8279
91.7794
89.7483
87.7375
85.75
83.7888
81.8569
79.9571
78.0922
76.2648
74.4773
72.7319
71.0306
69.3753
67.7675
66.2085
64.6997
63.242
61.8366
60.4845
59.1868
57.9447
56.7595
55.6329
54.5664
53.562
52.6216
51.7474
50.9417
50.2068
49.5452
48.9594
48.4522
48.0261
47.6838
47.428
47.2612
47.1859
47.2041
47.3177
47.5278
47.8349
48.2387
48.7376
49.3286
50.0073
50.7675
51.6009
52.4974
53.4446
54.4286
55.4333
56.4414
57.4344
58.3933
59.2989
60.1327
60.8773
61.5169
62.0378
62.4287
62.681
62.7891
62.75
62.5636
62.2325
61.7614
61.1573
60.4285
59.585
58.6376
57.5976
56.4769
55.2872
54.0402
52.7471
51.4185
50.0646
48.6946
47.317
45.9395
44.5692
43.2121
41.8735
40.5583
39.2703
38.013
36.7893
35.6013
34.4512
33.3405
32.2704
31.2419
30.2558
29.3126
28.4126
27.5561
26.7432
25.9739
25.2481
24.5653
23.9253
23.3275
22.7711
22.2553
21.7789
21.3407
20.9394
20.5733
20.2408
19.94
19.6689
19.4255
19.2076
19.0131
18.8397
18.6853
18.5476
18.4244
18.3136
18.213
18.1206
18.0343
17.9525
17.874
17.8032
17.7467
1121.84
1052.9
987.832
926.526
868.938
815.078
764.91
718.339
675.215
635.355
598.567
564.673
533.516
504.947
478.802
454.919
433.132
413.267
395.149
378.598
363.441
349.514
336.667
324.765
313.691
303.346
293.647
284.523
275.919
267.787
260.086
252.781
245.84
239.231
232.927
226.9
221.124
215.573
210.225
205.058
200.052
195.19
190.458
185.843
181.333
176.92
172.598
168.36
164.203
160.125
156.123
152.196
148.346
144.572
140.875
137.257
133.719
130.262
126.889
123.6
120.398
117.284
114.259
111.323
108.479
105.727
103.067
100.499
98.0231
95.6396
93.3483
91.1488
89.0412
87.026
85.1039
83.2761
81.5444
79.9109
78.3782
76.949
75.6264
74.4135
73.3137
72.3302
71.4663
70.7249
70.1089
69.6207
69.2621
69.0344
68.9381
68.9726
69.1361
69.4256
69.8365
70.3623
70.9947
71.7233
72.5357
73.4174
74.3518
75.3206
76.3039
77.2807
78.2291
79.127
79.9528
80.6855
81.3059
81.7965
82.1423
82.3311
82.3537
82.2039
81.8788
81.3784
80.7058
79.8668
78.8693
77.7234
76.441
75.0349
73.519
71.9079
70.2161
68.4583
66.6488
64.8012
62.9284
61.0427
59.1553
57.2762
55.4146
53.5787
51.7755
50.0111
48.2906
46.6182
44.9973
43.4305
41.9197
40.4662
39.0708
37.7339
36.4554
35.2351
34.0723
32.9663
31.9159
30.9203
29.9781
29.0882
28.2493
27.4602
26.7194
26.0257
25.3776
24.7738
24.2126
23.6927
23.2122
22.7697
22.3632
21.9908
21.6508
21.3409
21.0591
20.8033
20.5713
20.361
20.1704
19.9974
19.8405
19.6981
19.5695
19.4545
19.3546
19.2741
19.2325
19.2722
1541.98
1460.45
1383.97
1312.34
1245.36
1182.83
1124.49
1070.04
1019.19
971.635
927.083
885.28
845.988
809.014
774.259
741.622
710.977
682.211
655.208
629.856
606.039
583.642
562.55
542.652
523.843
506.026
489.11
473.017
457.677
443.026
429.014
415.592
402.721
390.365
378.492
367.071
356.077
345.483
335.265
325.403
315.875
306.662
297.746
289.113
280.747
272.636
264.77
257.138
249.732
242.545
235.571
228.804
222.239
215.874
209.704
203.726
197.937
192.336
186.919
181.684
176.629
171.751
167.049
162.52
158.161
153.969
149.942
146.076
142.369
138.816
135.414
132.161
129.053
126.088
123.265
120.583
118.044
115.648
113.399
111.298
109.349
107.554
105.917
104.441
103.128
101.979
100.996
100.178
99.5237
99.0295
98.6909
98.5013
98.4521
98.5325
98.7301
99.0301
99.416
99.8696
100.371
100.9
101.434
101.952
102.43
102.847
103.183
103.417
103.532
103.511
103.341
103.012
102.514
101.844
100.997
99.9764
98.7836
97.4248
95.9079
94.243
92.4418
90.5175
88.4841
86.3567
84.1506
81.8814
79.5643
77.2144
74.846
72.4726
70.1069
67.7605
65.4439
63.1666
60.9367
58.7615
56.6469
54.5977
52.618
50.7104
48.8772
47.1195
45.4379
43.8322
42.3019
40.8459
39.4629
38.151
36.9084
35.733
34.6224
33.5743
32.5865
31.6564
30.7819
29.9606
29.1904
28.4691
27.7947
27.1653
26.5789
26.0338
25.528
25.0599
24.6276
24.2293
23.8634
23.5277
23.2201
22.9384
22.6807
22.4451
22.2303
22.0352
21.8594
21.7034
21.5692
21.4611
21.3875
21.3682
21.4647
21.7824
2086.72
1991.45
1902.16
1818.58
1740.28
1666.78
1597.61
1532.35
1470.6
1412.01
1356.28
1303.16
1252.44
1203.93
1157.48
1113.02
1070.55
1029.98
991.251
954.289
919.027
885.391
853.305
822.687
793.457
765.532
738.831
713.276
688.793
665.313
642.773
621.115
600.288
580.245
560.947
542.354
524.435
507.159
490.499
474.429
458.925
443.966
429.533
415.605
402.165
389.198
376.686
364.617
352.976
341.752
330.93
320.502
310.455
300.78
291.467
282.506
273.888
265.605
257.648
250.009
242.679
235.65
228.915
222.465
216.293
210.39
204.748
199.358
194.213
189.304
184.62
180.154
175.896
171.837
167.973
164.298
160.81
157.507
154.388
151.455
148.709
146.15
143.78
141.599
139.607
137.802
136.182
134.74
133.472
132.366
131.412
130.597
129.906
129.321
128.823
128.393
128.011
127.655
127.304
126.937
126.535
126.079
125.55
124.933
124.213
123.378
122.418
121.325
120.092
118.717
117.198
115.535
113.731
111.791
109.722
107.531
105.229
102.827
100.335
97.7685
95.1399
92.4634
89.7532
87.0234
84.2875
81.5588
78.8497
76.1718
73.5356
70.9509
68.426
65.9684
63.5842
61.2786
59.0556
56.9182
54.8684
52.9073
51.0353
49.252
47.5565
45.9473
44.4224
42.9797
41.6164
40.3298
39.1169
37.9746
36.8999
35.8896
34.9405
34.0498
33.2145
32.432
31.6996
31.0149
30.3756
29.7796
29.2249
28.7096
28.2318
27.7899
27.3823
27.0076
26.6648
26.3501
26.0569
25.7859
25.5364
25.3084
25.1024
24.9196
24.7626
24.6366
24.5518
24.5275
24.594
24.8027
25.2743
26.2458
2790.75
2679.15
2573.73
2474.17
2379.82
2290.04
2204.27
2122.04
2042.99
1966.85
1893.39
1822.45
1753.92
1687.71
1623.74
1561.94
1502.31
1444.9
1389.67
1336.59
1285.63
1236.73
1189.84
1144.89
1101.84
1060.59
1021.07
983.209
946.921
912.127
878.752
846.721
815.967
786.425
758.037
730.75
704.512
679.28
655.011
631.667
609.213
587.617
566.847
546.876
527.675
509.22
491.487
474.452
458.093
442.39
427.321
412.866
399.008
385.726
373.003
360.822
349.165
338.015
327.356
317.172
307.448
298.168
289.317
280.88
272.842
265.189
257.905
250.977
244.387
238.121
232.161
226.487
221.082
215.926
211.002
206.3
201.807
197.518
193.428
189.534
185.835
182.33
179.018
175.899
172.969
170.226
167.662
165.27
163.039
160.958
159.011
157.184
155.457
153.814
152.235
150.701
149.195
147.699
146.195
144.67
143.109
141.501
139.834
138.101
136.294
134.407
132.437
130.381
128.237
126.005
123.687
121.285
118.802
116.244
113.615
110.924
108.178
105.385
102.556
99.7018
96.8319
93.9581
91.0916
88.2432
85.4238
82.6434
79.9116
77.2369
74.6272
72.0892
69.6289
67.2509
64.959
62.7563
60.6445
58.6248
56.6976
54.8622
53.1179
51.4629
49.8952
48.4123
47.0114
45.6894
44.4429
43.2686
42.163
41.1227
40.1447
39.2257
38.3632
37.5543
36.7966
36.0878
35.4256
34.8079
34.2327
33.6982
33.2026
32.7444
32.3219
31.934
31.5792
31.257
30.9729
30.7267
30.51
30.3228
30.1662
30.0417
29.9519
29.9013
29.8975
29.9527
30.0884
30.3433
30.7891
31.5587
32.9315
35.4827
3706.52
3571.76
3442.19
3317.76
3197.92
3082.06
2969.67
2860.4
2754.02
2650.41
2549.5
2451.31
2355.86
2263.21
2173.39
2086.44
2002.38
1921.29
1843.19
1768.07
1695.9
1626.64
1560.23
1496.6
1435.68
1377.4
1321.67
1268.38
1217.44
1168.73
1122.16
1077.62
1035
994.224
955.191
917.82
882.033
847.758
814.927
783.477
753.351
724.495
696.856
670.389
645.047
620.79
597.575
575.366
554.125
533.818
514.411
495.87
478.166
461.268
445.146
429.772
415.117
401.157
387.863
375.212
363.177
351.736
340.865
330.54
320.74
311.442
302.623
294.261
286.332
278.812
271.672
264.881
258.401
252.193
246.223
240.463
234.895
229.507
224.293
219.253
214.388
209.702
205.199
200.881
196.751
192.806
189.044
185.458
182.04
178.779
175.662
172.676
169.806
167.036
164.352
161.74
159.184
156.673
154.195
151.739
149.297
146.861
144.424
141.98
139.523
137.05
134.557
132.04
129.497
126.927
124.328
121.701
119.046
116.364
113.66
110.936
108.197
105.45
102.7
99.9561
97.2249
94.515
91.8347
89.192
86.5949
84.0505
81.5657
79.1462
76.7973
74.5235
72.3284
70.215
68.1856
66.2416
64.3839
62.6126
60.9273
59.3269
57.81
56.3746
55.0186
53.7394
52.5344
51.4009
50.3359
49.3367
48.4005
47.525
46.7078
45.9468
45.24
44.5854
43.9812
43.4254
42.9162
42.4521
42.0315
41.6531
41.3158
41.0185
40.7603
40.5404
40.3584
40.214
40.1079
40.0485
40.0494
40.1086
40.2281
40.4121
40.6682
41.0085
41.4519
42.0281
42.7846
43.801
45.2187
47.306
50.6429
56.5093
4925.77
4753.77
4584.53
4418.71
4256.42
4097.53
3941.88
3789.4
3640.14
3494.2
3351.74
3212.97
3078.08
2947.26
2820.69
2698.49
2580.74
2467.5
2358.78
2254.54
2154.73
2059.23
1967.92
1880.7
1797.47
1718.13
1642.55
1570.58
1502.07
1436.84
1374.74
1315.6
1259.27
1205.59
1154.45
1105.69
1059.21
1014.88
972.611
932.294
893.839
857.16
822.177
788.814
757
726.669
697.757
670.205
643.955
618.953
595.148
572.49
550.932
530.428
510.934
492.408
474.809
458.099
442.239
427.193
412.927
399.405
386.595
374.464
362.982
352.117
341.839
332.116
322.916
314.203
305.937
298.066
290.517
283.197
276.034
268.99
262.048
255.21
248.492
241.914
235.504
229.285
223.278
217.499
211.961
206.67
201.628
196.831
192.272
187.943
183.829
179.916
176.189
172.633
169.232
165.97
162.833
159.809
156.883
154.046
151.285
148.592
145.955
143.367
140.818
138.3
135.805
133.327
130.859
128.398
125.939
123.479
121.018
118.555
116.09
113.625
111.165
108.714
106.276
103.858
101.466
99.108
96.7909
94.5218
92.3078
90.1552
88.07
86.0573
84.1216
82.2666
80.4951
78.8094
77.2107
75.6995
74.2757
72.9381
71.6851
70.5146
69.4241
68.411
67.4723
66.6054
65.8076
65.0764
64.41
63.8063
63.2639
62.7814
62.3576
61.9913
61.6818
61.4282
61.2303
61.0878
61.0008
60.9695
60.9945
61.0768
61.2173
61.4175
61.6786
62.0026
62.3915
62.8475
63.3738
63.9748
64.657
65.4285
66.2993
67.2833
68.3985
69.6704
71.1366
72.852
74.902
77.4252
80.6621
85.0637
91.6483
103.066
6638.75
6405.64
6171.19
5937.15
5704.82
5475.18
5248.97
5026.83
4809.33
4597
4390.33
4189.76
3995.67
3808.37
3628.14
3455.15
3289.54
3131.21
2980.1
2836.12
2699.13
2568.96
2445.42
2328.3
2217.31
2112.18
2012.6
1918.26
1828.88
1744.16
1663.85
1587.68
1515.43
1446.87
1381.79
1320.01
1261.33
1205.6
1152.66
1102.36
1054.57
1009.15
965.997
924.989
886.025
849.006
813.84
780.438
748.718
718.602
690.015
662.886
637.148
612.737
589.592
567.653
546.866
527.176
508.533
490.886
474.19
458.399
443.469
429.359
416.029
403.438
391.549
380.321
369.715
359.685
350.177
341.101
332.275
323.403
314.364
305.175
295.908
286.655
277.51
268.574
259.927
251.626
243.709
236.199
229.105
222.426
216.154
210.273
204.763
199.604
194.769
190.232
185.968
181.953
178.166
174.584
171.19
167.965
164.895
161.965
159.162
156.474
153.889
151.393
148.975
146.622
144.325
142.074
139.862
137.684
135.534
133.41
131.309
129.231
127.177
125.15
123.153
121.191
119.268
117.393
115.572
113.812
112.122
110.51
108.984
107.552
106.222
105
103.891
102.899
102.028
101.278
100.649
100.138
99.7434
99.4604
99.2834
99.2072
99.2254
99.3313
99.5187
99.781
100.113
100.507
100.96
101.468
102.027
102.635
103.29
103.994
104.747
105.55
106.407
107.32
108.292
109.327
110.429
111.603
112.851
114.179
115.59
117.089
118.68
120.366
122.153
124.047
126.056
128.189
130.459
132.883
135.488
138.306
141.388
144.805
148.666
153.15
158.557
165.469
175.256
193.268
9328.89
8990.02
8643.91
8294.08
7943.64
7595.31
7251.35
6913.66
6583.8
6263.08
5952.52
5652.96
5364.99
5089.09
4825.65
4574.87
4336.7
4110.69
3896.59
3694.09
3502.82
3322.42
3152.51
2992.64
2842.23
2700.65
2567.3
2441.63
2323.14
2211.35
2105.83
2006.2
1912.09
1823.15
1739.08
1659.58
1584.38
1513.23
1445.9
1382.17
1321.85
1264.73
1210.64
1159.43
1110.93
1065.01
1021.52
980.342
941.353
904.44
869.497
836.426
805.131
775.522
747.515
721.03
695.99
672.322
649.959
628.833
608.883
590.049
572.277
555.513
539.705
524.804
510.76
497.521
485.029
473.211
461.954
451.015
439.662
426.329
411.352
395.411
379.126
362.975
347.313
332.458
318.576
305.698
293.808
282.864
272.81
263.586
255.125
247.361
240.232
233.69
227.67
222.115
216.978
212.216
207.791
203.672
199.829
196.239
192.878
189.728
186.774
184.001
181.397
178.951
176.655
174.499
172.472
170.568
168.777
167.092
165.509
164.025
162.638
161.348
160.16
159.077
158.106
157.254
156.529
155.941
155.5
155.216
155.097
155.153
155.392
155.82
156.444
157.266
158.287
159.506
160.919
162.52
164.301
166.249
168.35
170.591
172.952
175.418
177.97
180.59
183.262
185.969
188.699
191.437
194.176
196.906
199.621
202.321
205.005
207.675
210.337
212.995
215.658
218.333
221.03
223.757
226.52
229.33
232.195
235.119
238.107
241.166
244.302
247.514
250.807
254.188
257.659
261.228
264.9
268.69
272.612
276.694
280.971
285.495
290.347
295.662
301.669
308.871
318.323
340.373
14772.4
14203.3
13619
13026.6
12432.7
11843.2
11262.8
10695.5
10144.4
9612.09
9100.33
8610.43
8143.21
7699.21
7279.78
6883.9
6510.47
6158.8
5828.07
5517.38
5225.76
4952.25
4695.85
4455.56
4230.39
4019.35
3821.5
3635.93
3461.81
3298.35
3144.81
3000.54
2864.91
2737.35
2617.31
2504.32
2397.92
2297.69
2203.25
2114.24
2030.32
1951.2
1876.58
1806.2
1739.82
1677.19
1618.11
1562.38
1509.8
1460.21
1413.44
1369.34
1327.77
1288.59
1251.67
1216.9
1184.18
1153.38
1124.43
1097.21
1071.65
1047.66
1025.17
1004.1
984.377
965.921
948.651
932.467
917.233
902.742
888.616
873.582
851.734
804.994
750.482
696.08
645.19
599.022
557.892
522.691
492.53
466.508
443.909
424.161
406.806
391.478
377.876
365.753
354.901
345.127
336.295
328.29
321.017
314.4
308.377
302.896
297.912
293.385
289.283
285.575
282.237
279.245
276.582
274.232
272.183
270.422
268.943
267.737
266.799
266.127
265.719
265.577
265.704
266.107
266.793
267.772
269.055
270.653
272.577
274.837
277.444
280.406
283.726
287.408
291.449
295.844
300.581
305.648
311.021
316.677
322.587
328.714
335.022
341.468
348.009
354.601
361.2
367.764
374.254
380.636
386.877
392.953
398.843
404.536
410.021
415.296
420.365
425.239
429.932
434.459
438.842
443.1
447.257
451.333
455.35
459.324
463.269
467.202
471.137
475.079
479.03
482.992
486.968
490.952
494.942
498.927
502.893
506.829
510.721
514.543
518.264
521.852
525.263
528.431
531.268
533.654
535.399
536.362
535.457
548.726
37139.5
35561.8
33959.3
32352
30758.6
29193.9
27670
26196.2
24779.7
23425.7
22137.5
20916.9
19764.4
18679.4
17662.4
16710.1
15819.8
14988.2
14211.9
13487.8
12812.4
12182.4
11594.6
11046.1
10534.1
10055.8
9608.77
9190.79
8799.73
8433.62
8090.65
7769.17
7467.62
7184.61
6918.81
6669.02
6434.14
6213.14
6005.07
5809.07
5624.32
5450.09
5285.69
5130.47
4983.87
4845.34
4714.38
4590.52
4473.35
4362.46
4257.52
4158.17
4064.12
3975.09
3890.81
3811.07
3735.64
3664.33
3596.97
3533.41
3473.49
3417.1
3364.1
3314.38
3267.84
3224.31
3183.58
3145.26
3108.56
3071.86
3031.65
2970.95
2786.2
1933.21
1399.23
1055
827.412
673.944
568.736
495.687
444.496
408.398
382.828
364.635
351.599
342.129
335.08
329.627
325.176
321.334
317.877
314.613
311.337
307.923
304.305
300.457
296.381
292.096
287.63
283.018
278.295
273.495
268.648
263.783
258.92
254.08
249.279
244.528
239.839
235.222
230.685
226.237
221.887
217.646
213.523
209.531
205.681
201.988
198.463
195.122
191.975
189.037
186.317
183.827
181.575
179.567
177.808
176.298
175.04
174.029
173.261
172.73
172.426
172.339
172.456
172.765
173.25
173.895
174.686
175.605
176.638
177.768
178.982
180.265
181.607
182.995
184.421
185.877
187.357
188.856
190.371
191.901
193.443
194.998
196.567
198.15
199.747
201.36
202.99
204.636
206.299
207.978
209.673
211.383
213.107
214.844
216.593
218.35
220.114
221.882
223.649
225.408
227.151
228.861
230.515
232.075
233.483
234.62
235.638
237.786
107.557
108.523
111.047
114.369
118.298
122.795
127.842
133.451
139.671
146.597
154.367
163.152
173.166
184.665
197.965
213.448
231.576
252.919
278.186
308.256
344.239
387.427
440.468
503.752
598.033
37.2812
36.2149
35.4023
34.9555
34.8448
35.0079
35.4027
36.0051
36.8105
37.8314
39.0574
40.5007
42.1869
44.158
46.4675
49.1834
52.3911
56.2016
60.7422
66.1974
72.7058
80.8347
90.2919
103.921
116.182
24.2887
23.966
23.6327
23.3407
23.1168
22.9689
22.8995
22.9105
23.0041
23.1841
23.4521
23.8119
24.27
24.8365
25.5249
26.3522
27.3403
28.5173
29.918
31.5922
33.6016
36.0986
39.184
43.7367
49.2171
21.1698
21.0352
20.86
20.6668
20.4754
20.2993
20.1485
20.0315
19.9553
19.9258
19.9477
20.0248
20.1611
20.3609
20.6291
20.9719
21.3977
21.918
22.55
23.3217
24.2787
25.5205
27.2133
29.9086
34.5148
20.6425
20.5399
20.3946
20.2188
20.0267
19.8299
19.6387
19.4624
19.3095
19.1868
19.0996
19.0521
19.0473
19.0877
19.1755
19.3137
19.5069
19.7631
20.0966
20.5336
21.1219
21.9633
23.2702
25.5969
30.3555
21.0256
20.9076
20.7485
20.5565
20.3433
20.1188
19.892
19.6715
19.4655
19.2808
19.1226
18.9947
18.8996
18.8386
18.813
18.8248
18.8779
18.981
19.1498
19.4148
19.832
20.5205
21.7471
24.1476
29.4204
21.7517
21.597
21.4059
21.1841
20.9411
20.6852
20.4239
20.1649
19.9152
19.6808
19.4663
19.2747
19.1078
18.9663
18.8514
18.7651
18.7128
18.7053
18.7627
18.9217
19.2502
19.8916
21.1764
23.8608
29.8677
22.5607
22.3643
22.1367
21.8819
21.6075
21.3203
21.0265
20.7325
20.444
20.1659
19.9015
19.6531
19.4217
19.208
19.0134
18.8414
18.6999
18.6033
18.5769
18.6658
18.9511
19.6055
21.0309
24.129
31.0316
23.3343
23.1021
22.8414
22.5561
22.2521
21.9351
21.6105
21.2832
20.9576
20.6373
20.3246
20.0209
19.7268
19.4433
19.173
18.9216
18.7002
18.528
18.4361
18.4784
18.7504
19.4567
21.0764
24.6692
32.5679
24.033
23.7739
23.4863
23.1742
22.843
22.4974
22.142
21.7806
21.4167
21.0527
20.6899
20.3292
19.9712
19.6179
19.2735
18.9469
18.6531
18.4159
18.2724
18.2853
18.5648
19.3479
21.1924
25.3159
34.2276
24.6574
24.378
24.0678
23.7313
23.3735
22.9985
22.6103
22.2121
21.8065
21.395
20.9785
20.5577
20.134
19.7106
19.2943
18.8973
18.5382
18.2459
18.0628
18.0595
18.3601
19.2326
21.3096
25.951
35.7922
25.2205
24.9226
24.5906
24.2291
23.8427
23.4355
23.0108
22.5715
22.1197
21.6565
21.1828
20.6997
20.2098
19.7181
19.2341
18.7731
18.3576
18.0201
17.8079
17.7983
18.1274
19.09
21.3832
26.4797
37.0665
25.7276
25.4092
25.0529
24.6631
24.2445
23.8007
23.3353
22.8507
22.349
21.8315
21.2993
20.7546
20.2012
19.6465
19.1023
18.5867
18.1251
17.7531
17.5212
17.5119
17.8707
18.9126
21.3823
26.8243
37.8929
26.1659
25.8229
25.4381
25.0161
24.5612
24.0775
23.5684
23.0367
22.4845
21.9136
21.326
20.7249
20.1156
19.5074
18.9142
18.3561
17.8605
17.4648
17.2216
17.2161
17.5999
18.6999
21.2861
26.9256
38.1647
26.5015
26.1304
25.7141
25.2575
24.7651
24.2412
23.6896
23.1134
22.5153
21.8976
21.2633
20.6164
19.9638
19.316
18.6885
18.1024
17.586
17.1773
16.9295
16.9286
17.3277
18.4556
21.0827
26.7468
37.8263
26.686
26.2865
25.8397
25.3509
24.825
24.2665
23.6797
23.0682
22.4351
21.7834
21.1167
20.44
19.7609
19.0909
18.4458
17.8473
17.3233
16.9117
16.6646
16.6665
17.0673
18.1873
20.7705
26.2764
36.8674
26.6713
26.2493
25.7796
25.2677
24.719
24.1384
23.5304
22.8991
22.2478
21.58
20.8997
20.2123
19.5261
18.8526
18.2075
17.612
17.0932
16.6874
16.4447
16.4456
16.8321
17.9056
20.358
25.5276
35.319
26.4303
25.9984
25.5199
25.0006
24.4461
23.8615
23.2515
22.6201
21.9709
21.3075
20.634
19.9563
19.2824
18.6236
17.9951
17.4168
16.9143
16.5216
16.2855
16.2803
16.6357
17.6247
19.8638
24.5347
33.2533
25.9709
25.5458
25.0765
24.5688
24.0281
23.4595
22.8674
22.256
21.6286
20.989
20.3414
19.6914
19.047
18.4189
17.8212
17.2723
16.7958
16.4226
16.195
16.1792
16.4885
17.3573
19.3028
23.3098
30.6546
25.3424
24.9422
24.5007
24.0234
23.5152
22.9811
22.4251
21.8511
21.2625
20.6629
20.0565
19.4488
18.8476
18.2627
17.7074
17.1986
16.7577
16.4128
16.2015
16.1825
16.452
17.2062
18.8607
22.2066
28.2217
24.6217
24.2626
23.8652
23.4344
22.9747
22.4904
21.9852
21.4627
20.9261
20.3788
19.8251
19.2703
18.7216
18.1884
17.6828
17.2204
16.8207
16.5093
16.3202
16.3052
16.5462
17.2075
18.6184
21.4138
26.3426
23.8919
23.585
23.243
22.8699
22.4696
22.0457
21.6016
21.1404
20.665
20.1787
19.6854
19.1902
18.6998
18.2228
17.7704
17.357
17.0006
16.7246
16.5599
16.5529
16.7742
17.3625
18.5772
20.9352
24.9948
23.2305
22.9817
22.7012
22.3923
22.0579
21.701
21.3244
20.9307
20.5223
20.1022
19.6737
19.2413
18.8112
18.3913
17.992
17.6265
17.3115
17.069
16.9273
16.9291
17.1363
17.6687
18.7314
20.7571
24.1337
22.7052
22.5165
22.2999
22.0578
21.7925
21.5061
21.2006
20.8777
20.5392
20.1873
19.8246
19.4549
19.0836
18.7179
18.3675
18.0448
17.7655
17.5506
17.427
17.4348
17.63
18.1205
19.0692
20.8463
23.7018
22.3779
22.2481
22.095
21.92
21.7244
21.5094
21.2759
21.0246
20.756
20.4712
20.1718
19.8607
19.5426
19.224
18.9141
18.6248
18.3716
18.1749
18.061
18.0687
18.2509
18.7097
19.5719
21.1651
23.6354
22.3107
22.2363
22.1437
22.0335
21.9058
21.7606
21.5972
21.4147
21.2122
20.9891
20.746
20.4848
20.2093
19.9259
19.6436
19.3745
19.1342
18.9432
18.828
18.8275
18.9932
19.4224
20.216
21.6757
23.8671
22.5711
22.5457
22.5079
22.4572
22.3922
22.3111
22.2113
22.0898
21.9439
21.7713
21.5713
21.3451
21.0962
20.8312
20.5595
20.2941
20.0512
19.852
19.7238
19.7067
19.8497
20.2458
20.9813
22.3452
24.3387
23.2272
23.2401
23.2463
23.2438
23.2296
23.1995
23.1486
23.0716
22.9637
22.8213
22.6429
22.4292
22.1845
21.9161
21.6343
21.354
21.092
20.8709
20.7187
20.6739
20.7835
21.1409
21.8224
23.115
24.9712
24.335
24.3687
24.4005
24.4268
24.4424
24.4407
24.4143
24.3557
24.2586
24.1187
23.9343
23.707
23.4421
23.1486
22.8375
22.5268
22.2329
21.9776
21.7884
21.7044
21.7709
22.0809
22.7027
23.9249
25.6623
25.9507
25.9787
26.0079
26.0332
26.047
26.0402
26.0033
25.9274
25.8058
25.6347
25.4134
25.1454
24.837
24.5
24.1448
23.7882
23.4491
23.1507
22.9198
22.7945
22.817
23.0783
23.6386
24.7891
26.4156
28.0618
28.0476
28.0351
28.0179
27.9864
27.93
27.8378
27.7011
27.5142
27.2758
26.987
26.6542
26.2812
25.8791
25.4623
25.0491
24.6602
24.319
24.0512
23.8926
23.881
24.103
24.6097
25.6931
27.2178
30.5387
30.4413
30.3428
30.2363
30.1119
29.9581
29.7644
29.5239
29.2347
28.8999
28.519
28.0951
27.6362
27.1556
26.6703
26.2
25.7662
25.3923
25.1023
24.9286
24.9037
25.1073
25.5798
26.6106
28.0488
33.0927
32.8803
32.6605
32.4278
32.1727
31.885
31.556
31.1822
30.7694
30.3157
29.8221
29.2944
28.7435
28.1846
27.6365
27.1197
26.6561
26.2683
25.9785
25.8156
25.8063
26.0221
26.4918
27.4966
28.875
35.2943
34.9614
34.6124
34.2435
33.8472
33.4157
32.9432
32.431
31.887
31.3108
30.7063
30.0821
29.451
28.8297
28.2376
27.6958
27.2255
26.8486
26.5854
26.4618
26.4998
26.7623
27.268
28.2839
29.6422
36.7891
36.3606
35.9016
35.4121
34.8886
34.3273
33.7262
33.0883
32.4257
31.7433
31.0478
30.35
29.664
29.0074
28.3993
27.8604
27.4112
27.072
26.8618
26.8039
26.9171
27.2568
27.8351
28.8997
30.2854
37.0427
36.5717
36.0552
35.4965
34.8965
34.2556
33.576
32.8633
32.1279
31.3859
30.6467
29.9231
29.2303
28.5855
28.0072
27.5146
27.1266
26.8617
26.7375
26.7748
26.9909
27.4359
28.1197
29.2703
30.731
35.8338
35.3913
34.8902
34.3374
33.7372
33.0942
32.4142
31.7051
30.9778
30.2463
29.5284
28.8404
28.1974
27.616
27.1133
26.7068
26.4134
26.25
26.2324
26.38
26.7097
27.2684
28.0684
29.321
30.8851
33.37
33.008
32.5839
32.1041
31.575
31.0037
30.3982
29.768
29.1243
28.4804
27.852
27.2553
26.7097
26.233
25.84
25.5469
25.3686
25.3201
25.416
25.6744
26.1123
26.7749
27.6796
29.0236
30.6901
30.1129
29.8485
29.5388
29.1749
28.7644
28.3151
27.8358
27.3364
26.8276
26.3217
25.8322
25.3736
24.962
24.6135
24.3459
24.176
24.1164
24.181
24.3829
24.739
25.2668
26.0097
26.9912
28.3959
30.137
26.6133
26.4547
26.2585
26.0179
25.7389
25.4281
25.0936
24.744
24.3889
24.039
23.7055
23.4008
23.1379
22.9303
22.7928
22.7399
22.7869
22.9489
23.2369
23.6675
24.2578
25.0495
26.0713
27.4951
29.2669
23.3516
23.2817
23.1731
23.0421
22.8818
22.698
22.4974
22.2874
22.0758
21.8714
21.6835
21.5219
21.3971
21.3202
21.3028
21.3569
21.4955
21.7315
22.0784
22.5544
23.1761
23.9824
25.0069
26.407
28.1616
20.6411
20.6286
20.5865
20.5299
20.4558
20.3683
20.2721
20.1725
20.0757
19.9884
19.9179
19.8721
19.859
19.8874
19.9664
20.1055
20.3152
20.6066
20.9922
21.4878
22.1123
22.902
23.8974
25.2367
26.9333
18.6191
18.6293
18.6229
18.606
18.5844
18.5584
18.5313
18.5067
18.4892
18.4838
18.496
18.5318
18.5976
18.6998
18.8456
19.0425
19.2987
19.6236
20.0282
20.5272
21.1394
21.8992
22.8492
24.1036
25.7204
17.3041
17.3062
17.3051
17.3001
17.2987
17.3012
17.3097
17.3264
17.3542
17.3967
17.4579
17.5423
17.6545
17.7999
17.9837
18.212
18.4914
18.8301
19.2379
19.7284
20.3202
21.0457
21.9479
23.1256
24.6529
16.6358
16.5976
16.5724
16.5546
16.5462
16.5508
16.5688
16.6005
16.6472
16.7112
16.7953
16.9026
17.0368
17.202
17.4026
17.6436
17.931
18.2719
18.6756
19.1552
19.7289
20.4273
21.2928
22.4113
23.8556
16.764
16.6677
16.6005
16.5515
16.5183
16.5058
16.5131
16.5395
16.5854
16.6521
16.7418
16.8572
17.0013
17.1781
17.3918
17.6475
17.9509
18.3095
18.7327
19.2341
19.8327
20.5596
21.4589
22.6095
24.0776
17.5461
17.391
17.2791
17.1952
17.1338
17.0996
17.0913
17.1073
17.1476
17.2135
17.3071
17.4314
17.5902
17.7878
18.029
18.3194
18.6652
19.0741
19.5563
20.1264
20.8052
21.626
22.6362
23.9156
25.5165
18.994
18.7778
18.6201
18.5009
18.4125
18.3581
18.3368
18.3461
18.3863
18.4589
18.5671
18.715
18.9073
19.1494
19.4468
19.8054
20.2316
20.7337
21.3231
22.0166
22.8384
23.828
25.0328
26.5543
28.372
21.4059
21.1162
20.9027
20.7397
20.6163
20.5363
20.4996
20.5034
20.5485
20.638
20.7769
20.9714
21.2284
21.555
21.9584
22.4457
23.0252
23.7071
24.5055
25.4416
26.5445
27.8652
29.4399
31.4207
33.5644
25.6802
25.2589
24.9262
24.6602
24.4536
24.3164
24.2545
24.2641
24.3466
24.5062
24.7497
25.0854
25.5226
26.0714
26.742
27.5457
28.4958
29.6088
30.9067
32.421
34.1902
36.2855
38.7141
41.6903
44.5036
34.4026
33.6431
33.0149
32.5226
32.1609
31.9461
31.8963
32.0005
32.2581
32.6754
33.2633
34.0359
35.0086
36.1971
37.6176
39.2883
41.2316
43.4765
46.0629
49.0458
52.4893
56.5048
61.059
66.4161
70.9542
54.0748
52.556
51.3766
50.5471
50.0254
49.8105
49.9421
50.3991
51.1851
52.3177
53.8223
55.7251
58.0515
60.8254
64.0712
67.8155
72.0957
76.9645
82.4954
88.7909
95.9693
104.227
113.5
124.173
132.923
97.7474
94.7426
92.4948
91.0123
90.1852
89.9738
90.4686
91.6808
93.6467
96.4071
99.9921
104.414
109.675
115.772
122.709
130.502
139.199
148.884
159.685
171.79
185.418
200.951
218.341
238.534
254.913
182.964
176.75
171.538
167.851
165.756
165.334
166.661
169.752
174.58
181.069
189.1
198.537
209.248
221.132
234.134
248.267
263.627
280.387
298.805
319.257
342.174
368.332
397.763
433.09
461.22
323.308
309.692
297.348
289.529
286.725
288.568
294.348
303.633
315.935
330.711
347.448
365.743
385.314
406.003
427.816
450.922
475.624
502.353
531.672
564.335
601.161
643.65
692.206
752.541
800.943
534.037
505.772
484.176
478.328
485.16
499.656
520.003
544.919
573.083
603.317
634.754
666.913
699.636
733.061
767.624
803.963
842.822
885.14
932.076
984.99
1045.5
1115.99
1199.39
1303.06
1395.97
311.298
292.065
271.053
254.956
246.534
246.058
250.558
258.534
269.051
281.43
295.162
309.905
325.477
341.85
359.146
377.624
397.658
419.727
444.455
472.625
505.297
543.713
590.327
647.635
726.071
)
;

boundaryField
{
    inlet
    {
        type            fixedValue;
        value           uniform 14.855;
    }
    outlet
    {
        type            zeroGradient;
    }
    upperWall
    {
        type            zeroGradient;
    }
    lowerWall
    {
        type            zeroGradient;
    }
    frontAndBack
    {
        type            empty;
    }
}


// ************************************************************************* //
