/*--------------------------------*- C++ -*----------------------------------*\
| =========                 |                                                 |
| \\      /  F ield         | OpenFOAM: The Open Source CFD Toolbox           |
|  \\    /   O peration     | Version:  1.4.2                                 |
|   \\  /    A nd           | Web:      http://www.openfoam.org               |
|    \\/     M anipulation  |                                                 |
\*---------------------------------------------------------------------------*/
FoamFile
{
    version     2.0;
    format      ascii;
    class       volScalarField;
    object      p;
    location    "50";
}
// * * * * * * * * * * * * * * * * * * * * * * * * * * * * * * * * * * * * * //

dimensions      [0 2 -2 0 0 0 0];

internalField   nonuniform List<scalar> 
12225
(
20.4453
20.1243
19.9121
19.8835
19.763
19.5633
19.2407
18.7633
18.1163
17.3067
16.3626
15.3223
14.2255
13.1033
11.9748
10.8489
9.68226
8.61057
20.6566
20.4346
20.1224
20.023
19.8292
19.5625
19.1747
18.6378
17.9403
17.092
16.1218
15.0662
13.9625
12.8393
11.7128
10.5904
9.42464
8.26047
20.6275
20.6586
20.2432
20.0858
19.8046
19.4517
18.9762
18.3606
17.5993
16.706
15.7102
14.6453
13.5443
12.4318
11.3204
10.2168
9.07316
8.01662
20.4156
20.7795
20.2553
20.0496
19.6765
19.2346
18.6692
17.9745
17.1505
16.2144
15.1965
14.1274
13.0356
11.9411
10.8543
9.78241
8.68936
7.7176
20.1146
20.8093
20.1681
19.916
19.449
18.9187
18.2661
17.4968
16.6157
15.6442
14.6132
13.5503
12.4787
11.4136
10.3632
9.33589
8.30772
7.39357
19.7552
20.7474
19.9836
19.6833
19.1226
18.5062
17.7712
16.9332
16.0029
15.006
13.9734
12.9279
11.8872
10.8617
9.85755
8.88285
7.92244
7.05974
19.3197
20.5861
19.6871
19.3442
18.6911
17.9939
17.1831
16.286
15.3183
14.3088
13.287
12.27
11.2705
10.2941
9.34555
8.43082
7.539
6.73617
18.8892
20.385
19.336
18.9595
18.2118
17.4355
16.5519
15.6032
14.6106
13.6046
12.6098
11.6367
10.6923
9.77649
8.89234
8.04397
7.21916
6.48435
18.481
20.1066
18.9738
18.533
17.7013
16.8432
15.891
14.8972
13.8895
12.8984
11.9423
11.0246
10.1456
9.29965
8.48692
7.70892
6.95337
6.28671
17.9686
19.6875
18.5279
18.0126
17.1195
16.1909
15.1867
14.1638
13.1552
12.1897
11.279
10.4219
9.61387
8.84556
8.11183
7.4121
6.7348
6.14477
17.3134
19.116
17.9869
17.4124
16.4919
15.5206
14.4913
13.4638
12.4717
11.5417
10.6824
9.88904
9.15432
8.46687
7.81717
7.20188
6.61048
6.10445
16.4864
18.3815
17.3423
16.7324
15.8214
14.8403
13.8166
12.8103
11.858
10.9824
10.1894
9.47165
8.82046
8.2234
7.66814
7.14805
6.65466
6.24307
15.4762
17.4991
16.5936
15.9743
15.11
14.1581
13.1768
12.2234
11.3392
10.5452
9.8451
9.2285
8.68409
8.19799
7.75685
7.35125
6.9759
6.67736
14.3161
16.5265
15.7631
15.1486
14.3653
13.4884
12.5912
11.7294
10.9456
10.2641
9.68901
9.20807
8.80484
8.46215
8.16418
7.89979
7.66932
7.50721
13.0725
15.5301
14.9035
14.2876
13.6121
12.8586
12.0914
11.3625
10.7148
10.1765
9.75292
9.43251
9.19359
9.01393
8.87302
8.76008
8.68435
8.66399
11.8217
14.5338
14.0726
13.4541
12.9061
12.3197
11.7266
11.1717
10.6936
10.3184
10.0507
9.87843
9.77801
9.72648
9.70384
9.70468
9.75103
9.84329
10.7046
13.5391
13.2986
12.7236
12.3306
11.9512
11.5693
11.2188
10.9266
10.7062
10.5581
10.4716
10.4328
10.4302
10.4557
10.5163
10.6499
10.8389
10.0093
12.6688
12.6102
12.1814
11.9782
11.816
11.6495
11.4928
11.3519
11.2268
11.121
11.0366
10.9793
10.9547
10.9688
11.0392
11.2092
11.4432
9.81432
12.0008
12.0642
11.8698
11.8537
11.8625
11.8528
11.8161
11.7435
11.6333
11.4971
11.3525
11.2196
11.1154
11.0543
11.0563
11.1553
11.3028
9.8687
11.5012
11.6872
11.7218
11.8375
11.9452
12.0118
12.0217
11.9639
11.8413
11.6684
11.4681
11.2644
11.0775
10.9239
10.8211
10.7881
10.7786
9.95254
11.14
11.4366
11.6334
11.8185
11.967
12.0583
12.0807
12.0247
11.8935
11.7001
11.464
11.207
10.9488
10.7058
10.492
10.3161
10.1424
9.97091
10.883
11.2485
11.5278
11.7378
11.8938
11.9887
12.0147
11.9653
11.8404
11.6485
11.4022
11.1189
10.8158
10.5078
10.2067
9.91735
9.61857
9.91853
10.6917
11.0724
11.3698
11.5777
11.7282
11.8234
11.8578
11.8258
11.7238
11.5551
11.3257
11.0476
10.7342
10.3982
10.0507
9.69565
9.32423
9.82896
10.5339
10.8774
11.1524
11.3439
11.4882
11.5891
11.6417
11.6393
11.5745
11.4466
11.2568
11.0117
10.7211
10.3949
10.043
9.6689
9.27175
9.7433
10.3849
10.6505
10.8814
11.0528
11.1956
11.311
11.3914
11.4283
11.4116
11.3371
11.2027
11.0105
10.7668
10.4787
10.1546
9.79782
9.41094
9.69774
10.2257
10.3919
10.5704
10.7239
10.8713
11.0088
11.1243
11.2076
11.2456
11.2314
11.1605
11.0312
10.8471
10.6126
10.3343
10.016
9.66257
9.72016
10.0435
10.1033
10.2319
10.3735
10.5313
10.6957
10.8503
10.9823
11.0769
11.1248
11.1193
11.0557
10.9347
10.7584
10.5318
10.2598
9.95064
9.79598
9.80684
9.76754
9.8601
9.99958
10.1744
10.3697
10.5657
10.7474
10.8987
11.0081
11.0671
11.0683
11.01
10.8918
10.7176
10.4927
10.2293
9.83164
9.48636
9.37858
9.45957
9.61112
9.81121
10.0415
10.2801
10.5102
10.7153
10.8823
11.001
11.0626
11.0625
10.9987
10.8728
10.6898
10.4633
9.66395
9.0602
8.9448
9.06394
9.26042
9.50512
9.77905
10.0608
10.3341
10.5832
10.7953
10.9595
11.0664
11.11
11.0875
10.9994
10.8497
10.6504
3.63343
3.52395
3.37935
3.20648
3.00785
2.78926
2.55612
2.31297
2.06369
1.81167
1.56015
1.31224
1.07109
0.840022
0.622494
0.422221
0.243164
0.0893822
-0.0348271
-0.124823
-0.175769
-0.183027
-0.142856
-0.0527584
0.089726
0.288544
0.547859
0.86883
1.24932
1.68545
2.17194
2.70249
3.27018
3.86779
4.48809
5.12412
5.7693
6.4174
7.06246
7.69883
8.32139
8.92566
9.50795
10.0654
10.5962
11.099
11.5731
12.0185
12.435
12.8231
13.1831
13.516
13.8233
14.1068
14.3681
14.6089
14.8302
15.0329
15.2185
15.3909
15.5525
15.7028
15.8412
15.9676
16.0825
16.1866
16.2805
16.3647
16.4398
16.5066
16.5654
16.6168
16.6612
16.6992
16.7311
16.7573
16.7782
16.7941
16.8053
16.8122
16.8151
16.8142
16.81
16.8027
16.7926
16.7801
16.7654
16.7488
16.7307
16.7113
16.691
16.6701
16.6489
16.6277
16.6068
16.5866
16.5672
16.5492
16.5327
16.5181
16.5057
16.4958
16.4886
16.4843
16.4828
16.4843
16.4887
16.4959
16.5057
16.5181
16.5329
16.55
16.5691
16.59
16.6126
16.6364
16.6613
16.687
16.7133
16.7398
16.7664
16.7929
16.8192
16.8454
16.8714
16.8974
16.9234
16.9493
16.9752
17.0009
17.0262
17.051
17.075
17.098
17.1198
17.1404
17.1597
17.1774
17.1935
17.208
17.2209
17.2322
17.2419
17.25
17.2564
17.2612
17.2644
17.266
17.2659
17.2641
17.2606
17.2554
17.2484
17.2398
17.2295
17.2178
17.2044
17.1895
17.1729
17.1547
17.1347
17.1128
17.0889
17.0632
17.0356
17.0064
16.9758
16.9443
16.9122
16.8801
16.8486
16.8187
16.7914
16.7683
16.7516
16.7448
16.7538
16.7892
16.8741
17.0372
3.59049
3.4746
3.33574
3.1768
2.99225
2.78621
2.56403
2.33008
2.08806
1.84119
1.59253
1.34514
1.10216
0.866905
0.64294
0.434007
0.244111
0.0774933
-0.0614301
-0.168014
-0.237381
-0.264669
-0.245431
-0.175989
-0.0534323
0.125154
0.363237
0.662789
1.02261
1.43925
1.9077
2.4219
2.97512
3.56031
4.17041
4.79856
5.43818
6.08294
6.72677
7.36392
7.98911
8.59768
9.18583
9.75069
10.2903
10.8033
11.2889
11.7465
12.1756
12.5759
12.9474
13.2907
13.6072
13.8987
14.1676
14.4163
14.647
14.8604
15.0564
15.2364
15.4022
15.5555
15.6968
15.8266
15.9454
16.0536
16.1518
16.2404
16.3202
16.3915
16.4548
16.5107
16.5595
16.6018
16.6378
16.6681
16.693
16.7127
16.7277
16.7382
16.7446
16.7472
16.7463
16.7423
16.7355
16.7262
16.7146
16.701
16.6858
16.6693
16.6518
16.6336
16.615
16.5963
16.5778
16.5598
16.5428
16.5268
16.5124
16.4998
16.4892
16.4811
16.4757
16.4729
16.473
16.4759
16.4815
16.4899
16.5008
16.5142
16.5299
16.5478
16.5676
16.5891
16.6121
16.6363
16.6615
16.6875
16.7139
16.7405
16.767
16.7934
16.8197
16.8457
16.8716
16.8975
16.9232
16.949
16.9746
17
17.025
17.0494
17.073
17.0956
17.117
17.1372
17.1561
17.1735
17.1893
17.2035
17.2161
17.2272
17.2368
17.2448
17.2512
17.256
17.2592
17.2608
17.2608
17.2591
17.2557
17.2506
17.2438
17.2353
17.2252
17.2137
17.2005
17.1858
17.1694
17.1513
17.1314
17.1095
17.0858
17.0601
17.0325
17.0034
16.973
16.9416
16.9096
16.8777
16.8465
16.8167
16.7896
16.7666
16.7499
16.7426
16.7504
16.7825
16.8573
16.9806
3.25653
3.13749
3.00328
2.86289
2.70277
2.52278
2.3265
2.11707
1.89733
1.67
1.4379
1.20395
0.971315
0.743327
0.523588
0.316028
0.124759
-0.0458711
-0.191259
-0.306612
-0.386939
-0.427112
-0.422144
-0.367482
-0.259288
-0.0944958
0.129836
0.416084
0.764049
1.17072
1.63127
2.13972
2.68939
3.27324
3.88411
4.51493
5.15881
5.80905
6.45914
7.10291
7.73478
8.35
8.94479
9.51638
10.0628
10.5825
11.0743
11.5371
11.9699
12.3723
12.7447
13.0885
13.4062
13.7009
13.9757
14.2317
14.4691
14.6886
14.8912
15.0781
15.2507
15.4101
15.5571
15.6922
15.8161
15.9292
16.0322
16.1255
16.2098
16.2854
16.3529
16.4128
16.4655
16.5115
16.5512
16.5849
16.6131
16.636
16.6541
16.6677
16.6771
16.6826
16.6847
16.6835
16.6794
16.6728
16.6638
16.6528
16.64
16.6259
16.6108
16.5948
16.5784
16.5618
16.5454
16.5294
16.5143
16.5004
16.488
16.4773
16.4688
16.4627
16.4591
16.4583
16.4601
16.4646
16.4719
16.4817
16.4941
16.5089
16.5258
16.5448
16.5656
16.588
16.6117
16.6366
16.6623
16.6885
16.7151
16.7417
16.7682
16.7945
16.8206
16.8465
16.8723
16.898
16.9236
16.9491
16.9745
16.9995
17.0241
17.0479
17.0709
17.0929
17.1138
17.1335
17.1519
17.1687
17.1841
17.198
17.2104
17.2213
17.2307
17.2385
17.2449
17.2496
17.2529
17.2545
17.2546
17.253
17.2497
17.2447
17.238
17.2297
17.2199
17.2085
17.1956
17.181
17.1648
17.1468
17.127
17.1052
17.0815
17.0558
17.0283
16.9993
16.969
16.9378
16.9061
16.8745
16.8435
16.814
16.7871
16.7639
16.7466
16.7378
16.742
16.7659
16.8209
16.9018
2.82824
2.72111
2.60114
2.48109
2.34425
2.18813
2.015
1.82713
1.62656
1.41547
1.19641
0.972124
0.74574
0.52074
0.300836
0.0900247
-0.107359
-0.286684
-0.443085
-0.57149
-0.666591
-0.722917
-0.735023
-0.697632
-0.605853
-0.455579
-0.243554
0.033069
0.375178
0.780364
1.24392
1.75962
2.32033
2.91847
3.54619
4.19569
4.85921
5.52909
6.19797
6.85922
7.50701
8.13661
8.74431
9.32727
9.88326
10.4104
10.9068
11.3711
11.803
12.2033
12.5744
12.9194
13.2417
13.5429
13.8232
14.0838
14.3255
14.5495
14.7566
14.9481
15.125
15.2884
15.4391
15.5777
15.7049
15.8212
15.9273
16.0237
16.1109
16.1895
16.26
16.3227
16.3783
16.427
16.4694
16.5058
16.5366
16.5621
16.5827
16.5988
16.6108
16.6188
16.6234
16.6246
16.623
16.6186
16.6119
16.6031
16.5926
16.5806
16.5675
16.5536
16.5392
16.5246
16.5101
16.4962
16.4832
16.4714
16.4611
16.4526
16.4463
16.4424
16.441
16.4422
16.446
16.4525
16.4616
16.4732
16.4873
16.5035
16.5219
16.5421
16.564
16.5873
16.6118
16.6373
16.6634
16.6899
16.7166
16.7432
16.7697
16.7959
16.822
16.8479
16.8736
16.8992
16.9246
16.9498
16.9748
16.9994
17.0234
17.0467
17.0691
17.0905
17.1107
17.1298
17.1476
17.164
17.179
17.1925
17.2047
17.2154
17.2246
17.2324
17.2387
17.2435
17.2468
17.2486
17.2488
17.2473
17.2442
17.2394
17.233
17.2251
17.2155
17.2044
17.1917
17.1773
17.1612
17.1433
17.1235
17.1018
17.078
17.0523
17.025
16.9961
16.966
16.935
16.9036
16.8721
16.8413
16.8118
16.7846
16.7608
16.7422
16.731
16.7304
16.7444
16.7787
16.8242
2.40336
2.30405
2.19097
2.08183
1.95859
1.81735
1.65934
1.48583
1.29813
1.09784
0.887012
0.668132
0.44407
0.218101
-0.00606378
-0.224384
-0.432495
-0.625651
-0.79873
-0.946307
-1.06265
-1.14173
-1.17733
-1.16309
-1.09262
-0.959911
-0.760038
-0.48928
-0.146241
0.266835
0.744772
1.28054
1.86601
2.49244
3.15076
3.8318
4.52646
5.226
5.92232
6.60828
7.27798
7.92665
8.55053
9.14648
9.71181
10.2443
10.7424
11.2061
11.6374
12.0393
12.4152
12.767
13.0952
13.4009
13.6853
13.9495
14.1946
14.4218
14.6322
14.8269
15.0069
15.1733
15.3267
15.4681
15.598
15.7171
15.8258
15.9249
16.0149
16.0962
16.1694
16.2348
16.2931
16.3445
16.3895
16.4284
16.4618
16.4898
16.513
16.5316
16.546
16.5564
16.5633
16.5669
16.5674
16.5653
16.5607
16.554
16.5454
16.5354
16.5241
16.5121
16.4995
16.4867
16.4742
16.4622
16.4512
16.4415
16.4334
16.4272
16.4232
16.4215
16.4223
16.4257
16.4316
16.4401
16.4511
16.4645
16.4802
16.4981
16.5178
16.5392
16.5621
16.5863
16.6114
16.6374
16.6638
16.6906
16.7174
16.7441
16.7707
16.797
16.8232
16.8491
16.8748
16.9003
16.9256
16.9505
16.9752
16.9993
17.0228
17.0455
17.0673
17.0881
17.1078
17.1264
17.1437
17.1597
17.1744
17.1878
17.1998
17.2105
17.2198
17.2277
17.2341
17.2391
17.2427
17.2447
17.2452
17.244
17.2412
17.2368
17.2308
17.2232
17.214
17.2032
17.1907
17.1764
17.1604
17.1424
17.1226
17.1007
17.0769
17.0513
17.024
16.9952
16.9652
16.9343
16.9028
16.8713
16.8402
16.8102
16.7822
16.7571
16.7363
16.7215
16.715
16.7186
16.7341
16.7515
1.98749
1.88821
1.77222
1.66383
1.5442
1.40799
1.25552
1.08722
0.903563
0.705602
0.494903
0.273451
0.0437911
-0.191095
-0.427707
-0.662116
-0.889932
-1.10617
-1.30533
-1.48146
-1.62806
-1.7381
-1.80409
-1.81799
-1.77125
-1.65539
-1.46307
-1.18943
-0.833187
-0.397367
0.111422
0.684482
1.31198
1.9834
2.68779
3.41432
4.15246
4.8923
5.62508
6.34331
7.04083
7.71261
8.35455
8.96326
9.53624
10.0724
10.5725
11.0391
11.4761
11.8856
12.2684
12.6252
12.9574
13.2664
13.5536
13.8204
14.0679
14.2975
14.5103
14.7075
14.89
15.0588
15.2148
15.3587
15.4911
15.6128
15.7242
15.8261
15.9188
16.003
16.079
16.1473
16.2083
16.2625
16.3103
16.352
16.3881
16.4188
16.4446
16.4658
16.4827
16.4957
16.505
16.5109
16.5137
16.5138
16.5113
16.5067
16.5001
16.492
16.4826
16.4723
16.4614
16.4505
16.4397
16.4296
16.4204
16.4126
16.4065
16.4024
16.4005
16.4009
16.4038
16.4092
16.4172
16.4277
16.4406
16.4558
16.4731
16.4923
16.5133
16.5358
16.5595
16.5844
16.6101
16.6364
16.6632
16.6902
16.7173
16.7442
16.771
16.7975
16.8239
16.8499
16.8756
16.901
16.9261
16.9508
16.9751
16.9988
17.0218
17.044
17.0653
17.0857
17.1049
17.1231
17.1401
17.1559
17.1705
17.1838
17.1959
17.2067
17.2162
17.2243
17.2311
17.2364
17.2404
17.2428
17.2436
17.2428
17.2404
17.2364
17.2307
17.2234
17.2145
17.2038
17.1913
17.1771
17.1609
17.1429
17.123
17.101
17.0772
17.0515
17.0242
16.9955
16.9656
16.9347
16.9032
16.8714
16.8399
16.8092
16.78
16.7531
16.7297
16.7107
16.6976
16.691
16.6899
16.6849
1.57214
1.46715
1.34165
1.2266
1.10229
0.962291
0.806082
0.633423
0.444246
0.239109
0.0191258
-0.214105
-0.458455
-0.71132
-0.969509
-1.22919
-1.48599
-1.73479
-1.96959
-2.18369
-2.36963
-2.51915
-2.62314
-2.67139
-2.65284
-2.5561
-2.37096
-2.09059
-1.71332
-1.24312
-0.688348
-0.0601344
0.628805
1.36494
2.13453
2.92422
3.72156
4.5154
5.29611
6.05556
6.78718
7.48567
8.147
8.7688
9.35073
9.89457
10.4037
10.881
11.3274
11.7437
12.1311
12.4914
12.8262
13.1374
13.4264
13.6948
13.9439
14.1751
14.3897
14.5888
14.7733
14.9443
15.1025
15.2487
15.3837
15.508
15.6223
15.727
15.8227
15.9099
15.9889
16.0603
16.1244
16.1816
16.2324
16.2771
16.3161
16.3498
16.3784
16.4024
16.4221
16.4377
16.4497
16.4582
16.4636
16.4662
16.4661
16.4638
16.4595
16.4535
16.4462
16.4379
16.4291
16.42
16.4111
16.4027
16.3953
16.3891
16.3846
16.382
16.3816
16.3835
16.3879
16.3948
16.4043
16.4163
16.4307
16.4474
16.466
16.4864
16.5084
16.5316
16.5561
16.5814
16.6076
16.6343
16.6615
16.6888
16.7162
16.7435
16.7706
16.7974
16.8239
16.85
16.8758
16.9011
16.926
16.9505
16.9744
16.9977
17.0204
17.0422
17.0631
17.0831
17.102
17.1199
17.1368
17.1525
17.1671
17.1805
17.1928
17.2038
17.2136
17.222
17.2292
17.2349
17.2393
17.242
17.2432
17.2428
17.2407
17.237
17.2317
17.2246
17.2157
17.2051
17.1926
17.1783
17.162
17.1439
17.1238
17.1018
17.078
17.0524
17.0252
16.9967
16.9668
16.9359
16.9043
16.8722
16.8402
16.8086
16.7781
16.7493
16.723
16.6997
16.6801
16.6637
16.6482
16.6248
1.15599
1.04144
0.902114
0.77535
0.6401
0.488907
0.320917
0.135363
-0.0683207
-0.289879
-0.528564
-0.783138
-1.05195
-1.33272
-1.6226
-1.91805
-2.21468
-2.50719
-2.78918
-3.05324
-3.29073
-3.49194
-3.64586
-3.73986
-3.75984
-3.69096
-3.51902
-3.23364
-2.83126
-2.31616
-1.69887
-0.994113
-0.219224
0.607263
1.46702
2.34304
3.22009
4.08502
4.92693
5.73701
6.50862
7.23743
7.92168
8.56223
9.16171
9.72316
10.2477
10.736
11.1897
11.6109
12.0017
12.3642
12.7006
13.0127
13.3025
13.5715
13.8215
14.0536
14.2694
14.4697
14.6558
14.8286
14.9889
15.1374
15.2749
15.4019
15.519
15.6268
15.7256
15.816
15.8983
15.9729
16.0403
16.1007
16.1547
16.2027
16.2448
16.2816
16.3133
16.3403
16.363
16.3816
16.3965
16.408
16.4163
16.4217
16.4245
16.4249
16.4233
16.4199
16.4151
16.4092
16.4027
16.3958
16.389
16.3826
16.377
16.3725
16.3695
16.3682
16.369
16.3719
16.3772
16.385
16.3952
16.4079
16.423
16.4403
16.4596
16.4806
16.5031
16.5269
16.5517
16.5775
16.604
16.6311
16.6586
16.6865
16.7143
16.742
16.7694
16.7965
16.8232
16.8494
16.8751
16.9004
16.9251
16.9493
16.973
16.9961
17.0184
17.0399
17.0606
17.0803
17.0991
17.1169
17.1337
17.1495
17.1642
17.1779
17.1904
17.2017
17.2119
17.2207
17.2283
17.2345
17.2392
17.2423
17.2439
17.2438
17.242
17.2386
17.2334
17.2265
17.2177
17.207
17.1945
17.1801
17.1637
17.1455
17.1254
17.1034
17.0796
17.0542
17.0272
16.9988
16.9691
16.9382
16.9064
16.874
16.8414
16.8089
16.777
16.7462
16.7168
16.6891
16.6632
16.6378
16.6097
16.5709
0.742511
0.617153
0.462168
0.320576
0.170282
0.00282237
-0.183131
-0.388582
-0.614325
-0.860572
-1.12709
-1.41301
-1.717
-2.03719
-2.37107
-2.71538
-3.06589
-3.41708
-3.76219
-4.09292
-4.39932
-4.66984
-4.89131
-5.04861
-5.12429
-5.09856
-4.95074
-4.66431
-4.232
-3.65789
-2.95561
-2.14581
-1.25329
-0.304086
0.676684
1.66639
2.64578
3.5991
4.5144
5.38351
6.2022
6.96977
7.68817
8.36016
8.98622
9.567
10.1048
10.6021
11.0619
11.4868
11.8798
12.2434
12.5801
12.8922
13.1818
13.4507
13.7006
13.933
14.1492
14.3505
14.5377
14.712
14.8741
15.0247
15.1646
15.2943
15.4142
15.525
15.627
15.7206
15.8063
15.8843
15.9551
16.019
16.0764
16.1277
16.1731
16.2131
16.2481
16.2783
16.3042
16.326
16.344
16.3586
16.37
16.3785
16.3842
16.3875
16.3887
16.388
16.3858
16.3825
16.3784
16.3738
16.3692
16.3648
16.3611
16.3584
16.3569
16.3571
16.359
16.3631
16.3693
16.3777
16.3885
16.4016
16.417
16.4344
16.4538
16.475
16.4976
16.5215
16.5466
16.5725
16.5993
16.6268
16.6549
16.6832
16.7115
16.7397
16.7675
16.7948
16.8217
16.8479
16.8737
16.8988
16.9234
16.9475
16.9709
16.9938
17.0159
17.0373
17.0579
17.0775
17.0963
17.1142
17.1311
17.1471
17.1621
17.1761
17.189
17.2008
17.2114
17.2207
17.2288
17.2354
17.2406
17.2441
17.246
17.2462
17.2447
17.2415
17.2365
17.2296
17.2208
17.2101
17.1974
17.1829
17.1664
17.1481
17.128
17.1061
17.0825
17.0573
17.0305
17.0023
16.9728
16.9419
16.91
16.8773
16.844
16.8105
16.7771
16.7441
16.7116
16.6796
16.6477
16.614
16.5749
16.5227
0.338189
0.20444
0.0351214
-0.122014
-0.289041
-0.475397
-0.68286
-0.912823
-1.16656
-1.44475
-1.7475
-2.07444
-2.42459
-2.7965
-3.1879
-3.59568
-4.01589
-4.44305
-4.8701
-5.28762
-5.68393
-6.04549
-6.35707
-6.6015
-6.7578
-6.79895
-6.69321
-6.41337
-5.94571
-5.29385
-4.47655
-3.52432
-2.4739
-1.36298
-0.226926
0.904013
2.00625
3.06265
4.0634
5.00422
5.88547
6.70849
7.47232
8.17779
8.82771
9.4255
9.97494
10.4799
10.9443
11.3717
11.7656
12.1291
12.4651
12.7762
13.0647
13.3327
13.5819
13.8139
14.0301
14.2318
14.4198
14.5953
14.759
14.9115
15.0536
15.1858
15.3085
15.4222
15.5274
15.6243
15.7133
15.7948
15.869
15.9365
15.9974
16.0521
16.1009
16.1443
16.1826
16.2161
16.2452
16.2702
16.2915
16.3092
16.3237
16.3352
16.3438
16.3498
16.3536
16.3555
16.3558
16.3547
16.3528
16.3503
16.3476
16.3451
16.3431
16.3419
16.342
16.3435
16.3467
16.3519
16.3591
16.3685
16.38
16.3937
16.4095
16.4273
16.447
16.4683
16.4911
16.5152
16.5404
16.5666
16.5937
16.6216
16.6502
16.6791
16.708
16.7366
16.7647
16.7923
16.8192
16.8456
16.8713
16.8964
16.9209
16.9449
16.9682
16.991
17.0131
17.0344
17.055
17.0748
17.0937
17.1117
17.1289
17.1453
17.1608
17.1753
17.1887
17.2011
17.2123
17.2223
17.2309
17.2381
17.2438
17.2477
17.25
17.2505
17.2492
17.2461
17.2412
17.2343
17.2254
17.2146
17.2018
17.1872
17.1707
17.1523
17.1322
17.1104
17.087
17.062
17.0356
17.0076
16.9782
16.9474
16.9153
16.8822
16.8483
16.8137
16.7788
16.7435
16.708
16.6717
16.6339
16.5925
16.5438
16.4799
-0.0451314
-0.179183
-0.357351
-0.528604
-0.7119
-0.917169
-1.14711
-1.40377
-1.68898
-2.00404
-2.3496
-2.72572
-3.13165
-3.566
-4.0267
-4.51095
-5.01518
-5.53414
-6.06047
-6.58373
-7.09038
-7.56484
-7.99087
-8.35073
-8.62018
-8.76159
-8.72524
-8.46638
-7.96067
-7.21025
-6.24197
-5.10341
-3.85099
-2.53929
-1.21688
0.0783993
1.32239
2.50047
3.60811
4.64236
5.59855
6.47745
7.28236
8.01781
8.68896
9.3012
9.85993
10.3704
10.8375
11.2656
11.6589
12.021
12.3553
12.6645
12.9513
13.2178
13.4659
13.6971
13.913
14.1147
14.3034
14.4798
14.6448
14.7991
14.9432
15.0777
15.2031
15.3197
15.4279
15.5281
15.6205
15.7054
15.7832
15.8541
15.9185
15.9767
16.0291
16.0759
16.1175
16.1544
16.1867
16.215
16.2393
16.2601
16.2776
16.2918
16.3031
16.3117
16.3179
16.3221
16.3245
16.3255
16.3255
16.3248
16.3238
16.3229
16.3223
16.3226
16.3239
16.3267
16.3311
16.3374
16.3457
16.356
16.3684
16.3828
16.3993
16.4177
16.4378
16.4596
16.4827
16.5072
16.5328
16.5595
16.5871
16.6155
16.6446
16.6742
16.7036
16.7326
16.761
16.7888
16.8159
16.8423
16.8681
16.8932
16.9177
16.9416
16.9649
16.9877
17.0098
17.0313
17.052
17.072
17.0912
17.1095
17.1272
17.144
17.16
17.1751
17.1892
17.2022
17.2141
17.2247
17.234
17.2418
17.2479
17.2524
17.255
17.2558
17.2548
17.2518
17.247
17.2401
17.2312
17.2204
17.2076
17.1929
17.1764
17.1582
17.1382
17.1166
17.0934
17.0687
17.0425
17.0147
16.9855
16.9547
16.9225
16.8889
16.8543
16.8186
16.782
16.7445
16.7059
16.6654
16.6221
16.5734
16.5164
16.4425
-0.385894
-0.511074
-0.687545
-0.866519
-1.06194
-1.28339
-1.53448
-1.81801
-2.13639
-2.49124
-2.88344
-3.31301
-3.77927
-4.28087
-4.81598
-5.38233
-5.97697
-6.59563
-7.23101
-7.8716
-8.50181
-9.10452
-9.66445
-10.1666
-10.585
-10.8673
-10.9361
-10.72
-10.1785
-9.31124
-8.15769
-6.79446
-5.30661
-3.76683
-2.23506
-0.753429
0.65829
1.98381
3.20929
4.33277
5.35641
6.28533
7.12627
7.8867
8.57432
9.19666
9.76087
10.2735
10.7406
11.1673
11.5584
11.918
12.2496
12.5564
12.8411
13.1058
13.3525
13.5829
13.7984
14.0002
14.1894
14.3668
14.5331
14.689
14.8351
14.9719
15.0999
15.2193
15.3305
15.4339
15.5295
15.6179
15.6992
15.7736
15.8416
15.9033
15.9591
16.0094
16.0545
16.0946
16.1302
16.1615
16.1889
16.2125
16.2326
16.2494
16.2631
16.2741
16.2825
16.2887
16.293
16.2958
16.2975
16.2984
16.299
16.2995
16.3003
16.3018
16.3044
16.3083
16.3138
16.3211
16.3303
16.3416
16.3548
16.3701
16.3873
16.4064
16.4271
16.4495
16.4732
16.4982
16.5243
16.5514
16.5796
16.6086
16.6384
16.6685
16.6984
16.7278
16.7564
16.7844
16.8116
16.8381
16.864
16.8892
16.9137
16.9377
16.9611
16.984
17.0063
17.028
17.049
17.0693
17.0888
17.1076
17.1257
17.1431
17.1597
17.1754
17.1901
17.2038
17.2163
17.2276
17.2375
17.2458
17.2524
17.2572
17.2601
17.2612
17.2604
17.2576
17.2529
17.2461
17.2373
17.2265
17.2138
17.1993
17.1829
17.1648
17.145
17.1236
17.1007
17.0762
17.0503
17.0227
16.9935
16.9627
16.9303
16.8964
16.861
16.8242
16.786
16.7462
16.7044
16.66
16.6116
16.5567
16.4928
16.4105
-0.653987
-0.760426
-0.920454
-1.09611
-1.29627
-1.52926
-1.79908
-2.10868
-2.46007
-2.85432
-3.29182
-3.77238
-4.29535
-4.85967
-5.46378
-6.10639
-6.78565
-7.49835
-8.23745
-8.99034
-9.73998
-10.4699
-11.1695
-11.8301
-12.4231
-12.8725
-13.0626
-12.8948
-12.3168
-11.33
-9.987
-8.3995
-6.68073
-4.91315
-3.15878
-1.47417
0.104904
1.56264
2.89201
4.09418
5.17526
6.14435
7.01193
7.78884
8.48551
9.11172
9.67632
10.1872
10.6511
11.0741
11.4613
11.8172
12.1456
12.4496
12.732
12.995
13.2407
13.4705
13.686
13.8882
14.0782
14.2569
14.4248
14.5827
14.731
14.8703
15.0009
15.1232
15.2375
15.344
15.4429
15.5347
15.6194
15.6974
15.7688
15.8341
15.8934
15.947
15.9954
16.0387
16.0774
16.1116
16.1416
16.1678
16.1903
16.2094
16.2253
16.2383
16.2487
16.2567
16.2628
16.2672
16.2704
16.2728
16.2747
16.2765
16.2786
16.2813
16.285
16.29
16.2965
16.3048
16.315
16.3271
16.3413
16.3573
16.3752
16.3949
16.4163
16.4393
16.4636
16.4892
16.5159
16.5436
16.5722
16.6018
16.6321
16.6626
16.6928
16.7223
16.7512
16.7793
16.8066
16.8332
16.8592
16.8845
16.9092
16.9333
16.957
16.9801
17.0026
17.0246
17.046
17.0667
17.0867
17.106
17.1246
17.1426
17.1597
17.176
17.1914
17.2057
17.2188
17.2307
17.241
17.2498
17.2568
17.2619
17.2652
17.2665
17.2658
17.2632
17.2585
17.2518
17.2431
17.2325
17.2199
17.2055
17.1894
17.1714
17.1518
17.1306
17.1079
17.0836
17.0578
17.0304
17.0012
16.9703
16.9376
16.9032
16.8671
16.8292
16.7894
16.7475
16.703
16.655
16.6022
16.5419
16.4724
16.3831
-0.812389
-0.886698
-1.01352
-1.1736
-1.37206
-1.61399
-1.9014
-2.23533
-2.61625
-3.04422
-3.5192
-4.04097
-4.60882
-5.22214
-5.88012
-6.58213
-7.32721
-8.11261
-8.93137
-9.77073
-10.6145
-11.4493
-12.2692
-13.0658
-13.7966
-14.3535
-14.5964
-14.4404
-13.8439
-12.807
-11.3782
-9.65194
-7.7541
-5.79516
-3.85938
-2.01129
-0.292952
1.27511
2.6874
3.94845
5.06872
6.06173
6.94199
7.72365
8.41983
9.04232
9.60145
10.1061
10.5637
10.9809
11.3629
11.7143
12.0391
12.3403
12.6208
12.8826
13.1277
13.3577
13.5739
13.7773
13.969
14.1496
14.3198
14.4803
14.6315
14.7738
14.9076
15.0331
15.1508
15.2607
15.3631
15.4584
15.5466
15.6281
15.703
15.7717
15.8343
15.8913
15.9428
15.989
16.0304
16.0672
16.0996
16.128
16.1526
16.1736
16.1913
16.2061
16.2181
16.2276
16.2351
16.241
16.2456
16.2493
16.2525
16.2555
16.2587
16.2626
16.2674
16.2734
16.2809
16.2901
16.3012
16.3142
16.3291
16.3459
16.3645
16.3849
16.4069
16.4304
16.4554
16.4815
16.5088
16.537
16.5662
16.5962
16.6267
16.6573
16.6875
16.7169
16.7457
16.7738
16.8012
16.8279
16.8539
16.8794
16.9042
16.9286
16.9525
16.9759
16.9988
17.0212
17.043
17.0641
17.0847
17.1046
17.1238
17.1423
17.1601
17.177
17.193
17.2078
17.2215
17.2339
17.2447
17.2538
17.2612
17.2666
17.2701
17.2716
17.2711
17.2685
17.264
17.2574
17.2489
17.2384
17.226
17.2118
17.1958
17.178
17.1585
17.1375
17.1149
17.0907
17.065
17.0375
17.0083
16.9772
16.9442
16.9093
16.8725
16.8335
16.7923
16.7485
16.7015
16.6503
16.5936
16.5289
16.4547
16.3596
-0.816276
-0.845969
-0.926554
-1.06521
-1.26126
-1.5114
-1.81331
-2.16581
-2.56813
-3.01968
-3.52006
-4.06903
-4.66614
-5.31092
-6.00256
-6.74024
-7.5228
-8.34732
-9.20721
-10.0911
-10.9847
-11.8756
-12.7548
-13.6027
-14.362
-14.9274
-15.1917
-15.0854
-14.5567
-13.5748
-12.1645
-10.3991
-8.40525
-6.31856
-4.25241
-2.28849
-0.476358
1.16108
2.61993
3.90837
5.04124
6.03628
6.91158
7.68415
8.36924
8.98014
9.5281
10.0226
10.4714
10.8811
11.2571
11.6039
11.9252
12.2242
12.5034
12.7648
13.0103
13.2413
13.4591
13.6648
13.8591
14.0427
14.2163
14.3804
14.5354
14.6816
14.8194
14.9491
15.0708
15.1848
15.2913
15.3905
15.4826
15.5678
15.6464
15.7185
15.7845
15.8445
15.8989
15.9478
15.9916
16.0305
16.0649
16.095
16.1212
16.1437
16.1628
16.1788
16.1921
16.2029
16.2116
16.2187
16.2245
16.2293
16.2336
16.2377
16.242
16.2469
16.2527
16.2597
16.2682
16.2783
16.2902
16.3039
16.3196
16.3371
16.3564
16.3773
16.3998
16.4239
16.4493
16.4759
16.5036
16.5323
16.5619
16.5922
16.6228
16.6532
16.6831
16.7122
16.7406
16.7685
16.7957
16.8224
16.8485
16.874
16.8991
16.9237
16.9479
16.9716
16.995
17.0178
17.0401
17.0618
17.0828
17.1034
17.1232
17.1424
17.1608
17.1783
17.1948
17.2102
17.2244
17.2372
17.2484
17.2579
17.2655
17.2712
17.2749
17.2766
17.2762
17.2738
17.2694
17.263
17.2546
17.2443
17.2321
17.2181
17.2022
17.1845
17.1652
17.1443
17.1218
17.0977
17.0719
17.0444
17.0151
16.9837
16.9504
16.9151
16.8775
16.8375
16.795
16.7494
16.7001
16.6461
16.5861
16.5175
16.4392
16.3395
-0.626491
-0.609636
-0.645231
-0.763015
-0.953588
-1.20563
-1.51401
-1.87623
-2.29065
-2.75619
-3.27199
-3.83757
-4.4522
-5.115
-5.82474
-6.57981
-7.37819
-8.21622
-9.08711
-9.97968
-10.8793
-11.7728
-12.6498
-13.4902
-14.2385
-14.798
-15.0846
-15.0319
-14.5739
-13.6564
-12.2793
-10.5144
-8.49153
-6.35795
-4.24268
-2.2388
-0.401418
1.24569
2.70065
3.97504
5.08739
6.05865
6.90945
7.65856
8.32234
8.91462
9.44685
9.92839
10.3669
10.7686
11.1387
11.4813
11.8001
12.0977
12.3765
12.6385
12.8855
13.1186
13.3391
13.5479
13.7458
13.9335
14.1114
14.28
14.4398
14.591
14.7338
14.8685
14.9953
15.1143
15.2258
15.3297
15.4264
15.516
15.5987
15.6747
15.7442
15.8075
15.8648
15.9163
15.9623
16.0031
16.0391
16.0705
16.0978
16.1213
16.1413
16.1581
16.1722
16.1838
16.1934
16.2013
16.208
16.2137
16.2188
16.2239
16.2291
16.235
16.2417
16.2497
16.259
16.27
16.2827
16.2972
16.3135
16.3315
16.3513
16.3727
16.3956
16.4201
16.4458
16.4727
16.5007
16.5297
16.5594
16.5897
16.6201
16.6502
16.6796
16.7082
16.7362
16.7636
16.7906
16.8171
16.8431
16.8688
16.894
16.9189
16.9434
16.9675
16.9913
17.0146
17.0374
17.0596
17.0813
17.1025
17.123
17.1428
17.1618
17.1798
17.1969
17.2128
17.2274
17.2406
17.2522
17.262
17.2699
17.2758
17.2798
17.2816
17.2815
17.2792
17.275
17.2688
17.2606
17.2504
17.2384
17.2245
17.2087
17.1912
17.172
17.1511
17.1287
17.1046
17.0788
17.0512
17.0217
16.9902
16.9565
16.9206
16.8824
16.8415
16.7977
16.7504
16.6991
16.6426
16.5795
16.5076
16.4259
16.3224
-0.228173
-0.171851
-0.171733
-0.267104
-0.442485
-0.685698
-0.991249
-1.35532
-1.775
-2.24839
-2.77403
-3.35082
-3.9776
-4.65283
-5.37466
-6.14058
-6.94726
-7.78993
-8.66111
-9.54986
-10.4424
-11.3247
-12.1827
-12.9907
-13.693
-14.2041
-14.4576
-14.3968
-13.9481
-13.0501
-11.6972
-9.9595
-7.96695
-5.8692
-3.79774
-1.84616
-0.0678472
1.51646
2.90828
4.12221
5.17904
6.10118
6.90988
7.62393
8.25922
8.82887
9.34355
9.81183
10.2406
10.6356
11.0013
11.3415
11.6593
11.9572
12.2373
12.5015
12.7512
12.9877
13.212
13.4251
13.6275
13.82
14.0029
14.1768
14.342
14.4987
14.6472
14.7876
14.9201
15.0448
15.1618
15.2712
15.3732
15.4679
15.5555
15.6361
15.7099
15.777
15.8378
15.8923
15.9409
15.9839
16.0215
16.0543
16.0826
16.1068
16.1272
16.1445
16.1589
16.1709
16.1809
16.1893
16.1964
16.2026
16.2084
16.2141
16.2201
16.2267
16.2342
16.243
16.2531
16.2649
16.2784
16.2935
16.3104
16.329
16.3491
16.3709
16.3942
16.4189
16.4448
16.4718
16.4999
16.5288
16.5585
16.5885
16.6184
16.648
16.6768
16.7048
16.7323
16.7593
16.7859
16.8122
16.8381
16.8638
16.8892
16.9143
16.9392
16.9637
16.9879
17.0117
17.035
17.0579
17.0803
17.1021
17.1233
17.1437
17.1632
17.1818
17.1993
17.2157
17.2307
17.2442
17.2561
17.2662
17.2744
17.2807
17.2848
17.2869
17.287
17.2849
17.2809
17.2749
17.2669
17.2569
17.245
17.2312
17.2156
17.1981
17.179
17.1581
17.1357
17.1116
17.0857
17.058
17.0283
16.9966
16.9626
16.9263
16.8873
16.8456
16.8006
16.7519
16.6987
16.6399
16.5741
16.4992
16.4145
16.308
0.327516
0.406225
0.423363
0.345285
0.189671
-0.0361596
-0.328812
-0.684654
-1.10071
-1.57428
-2.10326
-2.68576
-3.31945
-4.00185
-4.72988
-5.49982
-6.30675
-7.14425
-8.00331
-8.87203
-9.73693
-10.5851
-11.4008
-12.1514
-12.7734
-13.1977
-13.3689
-13.2302
-12.7138
-11.7764
-10.4311
-8.75597
-6.87532
-4.9239
-3.01587
-1.22943
0.39336
1.83871
3.11143
4.2268
5.20458
6.06512
6.82714
7.50678
8.11749
8.67025
9.17394
9.63575
10.0615
10.4559
10.8229
11.1658
11.4872
11.7894
12.0744
12.3438
12.599
12.8412
13.0713
13.2902
13.4986
13.697
13.8859
14.0657
14.2368
14.3995
14.5539
14.7002
14.8385
14.9689
15.0916
15.2068
15.3144
15.4146
15.5075
15.5933
15.6721
15.744
15.8092
15.8679
15.9202
15.9664
16.0069
16.0419
16.072
16.0975
16.1189
16.1368
16.1516
16.1639
16.1741
16.1826
16.1898
16.1962
16.2023
16.2083
16.2147
16.2219
16.23
16.2394
16.2503
16.2628
16.277
16.2928
16.3102
16.3292
16.3498
16.3718
16.3952
16.42
16.4459
16.4729
16.5008
16.5294
16.5586
16.588
16.6172
16.6461
16.6742
16.7017
16.7287
16.7552
16.7815
16.8075
16.8334
16.8591
16.8847
16.91
16.9352
16.9601
16.9847
17.009
17.0329
17.0565
17.0795
17.102
17.1238
17.1448
17.1649
17.184
17.202
17.2187
17.2342
17.2481
17.2603
17.2708
17.2793
17.2858
17.2903
17.2927
17.293
17.2913
17.2875
17.2816
17.2738
17.264
17.2522
17.2385
17.2229
17.2055
17.1864
17.1656
17.1431
17.1189
17.0929
17.065
17.0352
17.0032
16.9689
16.9321
16.8926
16.85
16.804
16.7539
16.699
16.6382
16.57
16.4925
16.405
16.2961
0.978329
1.08452
1.12348
1.07214
0.94675
0.748093
0.477119
0.136458
-0.271115
-0.742607
-1.27514
-1.86531
-2.5096
-3.20417
-3.94467
-4.72607
-5.54228
-6.38566
-7.24619
-8.11225
-8.97279
-9.81737
-10.6255
-11.3453
-11.9016
-12.2345
-12.2954
-12.0227
-11.3687
-10.3265
-8.94267
-7.31086
-5.54822
-3.76713
-2.05493
-0.466838
0.970834
2.25301
3.38799
4.3911
5.28008
6.07215
6.78258
7.42419
8.00753
8.54113
9.03191
9.4855
9.90654
10.2989
10.6658
11.0101
11.334
11.6396
11.9286
12.2023
12.4622
12.7094
12.9446
13.1687
13.3823
13.5859
13.78
13.965
14.1413
14.3091
14.4685
14.6197
14.763
14.8983
15.0259
15.1459
15.2582
15.3632
15.4608
15.5514
15.6349
15.7116
15.7815
15.8448
15.9016
15.9521
15.9965
16.0352
16.0684
16.0965
16.1201
16.1397
16.1557
16.1689
16.1796
16.1884
16.1959
16.2024
16.2085
16.2146
16.2211
16.2284
16.2367
16.2464
16.2577
16.2705
16.285
16.301
16.3187
16.3378
16.3584
16.3803
16.4034
16.4276
16.453
16.4793
16.5064
16.5342
16.5623
16.5904
16.6184
16.646
16.673
16.6995
16.7256
16.7514
16.777
16.8026
16.8281
16.8536
16.8792
16.9046
16.93
16.9553
16.9803
17.0052
17.0298
17.054
17.0778
17.1011
17.1236
17.1454
17.1662
17.186
17.2047
17.2221
17.2381
17.2526
17.2654
17.2763
17.2852
17.2922
17.2971
17.2998
17.3004
17.2989
17.2953
17.2897
17.282
17.2722
17.2605
17.2468
17.2311
17.2137
17.1945
17.1736
17.151
17.1267
17.1006
17.0725
17.0425
17.0103
16.9757
16.9385
16.8984
16.8552
16.8082
16.7569
16.7004
16.6377
16.5674
16.4875
16.3975
16.2868
1.51099
1.63629
1.70344
1.68735
1.5984
1.43208
1.18655
0.863121
0.464505
-0.00569517
-0.542876
-1.14208
-1.79818
-2.50596
-3.25983
-4.05343
-4.87937
-5.72852
-6.5902
-7.45398
-8.31139
-9.1499
-9.9345
-10.6
-11.0825
-11.3303
-11.2868
-10.8986
-10.1409
-9.03456
-7.64733
-6.07844
-4.43428
-2.80649
-1.26043
0.165739
1.45613
2.61061
3.63878
4.55495
5.37461
6.11223
6.78039
7.38954
7.94818
8.46317
8.94012
9.38363
9.79757
10.1852
10.5493
10.8923
11.2162
11.5226
11.8131
12.0891
12.3517
12.602
12.8406
13.0682
13.2854
13.4928
13.6908
13.8798
14.0599
14.2316
14.3949
14.55
14.6971
14.8363
14.9677
15.0913
15.2073
15.3159
15.4172
15.5114
15.5986
15.679
15.7526
15.8197
15.8805
15.935
15.9835
16.0262
16.0632
16.095
16.1219
16.1445
16.1632
16.1785
16.191
16.2012
16.2097
16.217
16.2236
16.23
16.2366
16.244
16.2523
16.2621
16.2733
16.2861
16.3005
16.3165
16.3339
16.3528
16.373
16.3943
16.4168
16.4402
16.4645
16.4896
16.5155
16.5418
16.5684
16.5949
16.6212
16.6471
16.6726
16.6977
16.7225
16.7472
16.7719
16.7967
16.8217
16.8469
16.8722
16.8977
16.9232
16.9487
16.9742
16.9996
17.0249
17.0499
17.0746
17.0987
17.1222
17.145
17.1668
17.1876
17.2072
17.2255
17.2424
17.2576
17.2711
17.2827
17.2923
17.2997
17.3051
17.3082
17.3092
17.308
17.3046
17.2991
17.2914
17.2817
17.2699
17.2561
17.2403
17.2228
17.2035
17.1825
17.1597
17.1352
17.1089
17.0807
17.0505
17.018
16.9832
16.9456
16.9051
16.8612
16.8134
16.7609
16.7031
16.6387
16.5665
16.4845
16.3923
16.2802
1.92543
2.07033
2.17296
2.20355
2.16229
2.03733
1.82317
1.51983
1.13064
0.66089
0.117444
-0.492617
-1.16207
-1.88386
-2.65096
-3.45547
-4.28833
-5.13941
-5.99892
-6.85918
-7.71166
-8.53048
-9.25997
-9.83898
-10.2162
-10.3367
-10.1485
-9.6206
-8.7592
-7.61265
-6.26185
-4.80056
-3.31455
-1.86907
-0.506512
0.750195
1.89291
2.92397
3.85216
4.68917
5.44713
6.13717
6.76887
7.35014
7.88752
8.3864
8.85129
9.286
9.69373
10.0772
10.4389
10.7808
11.1046
11.4118
11.7039
11.982
12.2472
12.5003
12.742
12.9729
13.1935
13.4044
13.6059
13.7984
13.982
14.1572
14.324
14.4827
14.6333
14.7759
14.9106
15.0375
15.1568
15.2685
15.3728
15.4699
15.56
15.6433
15.7199
15.79
15.8538
15.9116
15.9636
16.0098
16.0506
16.0862
16.1169
16.1431
16.1653
16.1838
16.1991
16.2118
16.2223
16.2312
16.2391
16.2464
16.2537
16.2613
16.2699
16.2797
16.2909
16.3036
16.3179
16.3336
16.3508
16.3694
16.3891
16.4098
16.4314
16.4539
16.4771
16.501
16.5253
16.55
16.5748
16.5996
16.6241
16.6483
16.6721
16.6957
16.7191
16.7426
16.7663
16.7902
16.8146
16.8393
16.8643
16.8897
16.9153
16.941
16.9669
16.9929
17.0189
17.0448
17.0704
17.0955
17.1202
17.144
17.167
17.1889
17.2097
17.2291
17.247
17.2632
17.2776
17.29
17.3002
17.3084
17.3142
17.3179
17.3192
17.3184
17.3152
17.3098
17.3021
17.2924
17.2804
17.2665
17.2506
17.2329
17.2134
17.1922
17.1693
17.1446
17.1181
17.0897
17.0593
17.0266
16.9915
16.9537
16.9127
16.8682
16.8197
16.7662
16.7072
16.6413
16.5674
16.4836
16.3894
16.2763
2.2386
2.41219
2.56597
2.66195
2.6835
2.60999
2.43253
2.15145
1.77175
1.30157
0.750322
0.127934
-0.555861
-1.29186
-2.07153
-2.88527
-3.72261
-4.57465
-5.43424
-6.29432
-7.13583
-7.90828
-8.55148
-9.01806
-9.25714
-9.21976
-8.87381
-8.2181
-7.28848
-6.15181
-4.88925
-3.5767
-2.27262
-1.01661
0.166807
1.26454
2.27242
3.19302
4.03306
4.801
5.50545
6.15422
6.75407
7.31072
7.82909
8.31345
8.76741
9.19407
9.5961
9.9758
10.3352
10.676
10.9998
11.3078
11.6013
11.8813
12.1488
12.4045
12.649
12.8828
13.1065
13.3205
13.5252
13.7209
13.9078
14.0861
14.2562
14.418
14.5717
14.7175
14.8553
14.9853
15.1075
15.2221
15.3292
15.4289
15.5215
15.6072
15.6861
15.7584
15.8246
15.8848
15.9392
15.9882
16.0318
16.0705
16.1045
16.1341
16.1597
16.1816
16.2002
16.216
16.2294
16.2409
16.2509
16.26
16.2687
16.2774
16.2867
16.297
16.3085
16.3213
16.3356
16.3513
16.3683
16.3865
16.4058
16.4259
16.4468
16.4683
16.4904
16.5129
16.5357
16.5587
16.5817
16.6045
16.6272
16.6497
16.6719
16.6939
16.7158
16.738
16.7605
16.7836
16.8071
16.8313
16.856
16.8812
16.9068
16.9328
16.9591
16.9857
17.0124
17.0391
17.0657
17.092
17.1178
17.143
17.1673
17.1905
17.2126
17.2333
17.2524
17.2697
17.2852
17.2985
17.3096
17.3184
17.3249
17.329
17.3308
17.3302
17.3272
17.3219
17.3142
17.3043
17.2922
17.2781
17.262
17.244
17.2243
17.2029
17.1798
17.1548
17.1281
17.0995
17.0689
17.0361
17.0007
16.9626
16.9213
16.8763
16.8271
16.7728
16.7127
16.6455
16.5702
16.4849
16.3889
16.2751
2.44367
2.66187
2.8896
3.07549
3.17475
3.15982
3.02213
2.76412
2.39395
1.9229
1.36336
0.728491
0.0312303
-0.717062
-1.50709
-2.32825
-3.17096
-4.03187
-4.90246
-5.76438
-6.56304
-7.24499
-7.76988
-8.09117
-8.16507
-7.96115
-7.47496
-6.73479
-5.79763
-4.73397
-3.60899
-2.47121
-1.35275
-0.274982
0.747653
1.70655
2.59867
3.42536
4.1907
4.89989
5.55828
6.17086
6.74215
7.27629
7.77705
8.24775
8.69129
9.11015
9.50655
9.88244
10.2395
10.5792
10.9027
11.2113
11.5059
11.7876
12.057
12.3149
12.5617
12.7981
13.0245
13.2413
13.4487
13.6472
13.8369
14.0181
14.1909
14.3556
14.5122
14.6608
14.8015
14.9344
15.0594
15.1767
15.2864
15.3887
15.4837
15.5715
15.6525
15.7268
15.7948
15.8567
15.913
15.9638
16.0095
16.0504
16.0867
16.1189
16.1473
16.1722
16.194
16.2129
16.2295
16.244
16.2569
16.2685
16.2794
16.2901
16.301
16.3125
16.3249
16.3384
16.3531
16.3691
16.3861
16.4042
16.4232
16.4428
16.463
16.4837
16.5047
16.526
16.5472
16.5685
16.5896
16.6105
16.6313
16.6518
16.6722
16.6925
16.7129
16.7337
16.755
16.7771
16.7998
16.8234
16.8476
16.8726
16.8982
16.9244
16.9511
16.9782
17.0057
17.0334
17.0611
17.0886
17.1157
17.1423
17.168
17.1928
17.2164
17.2385
17.259
17.2777
17.2943
17.3087
17.3207
17.3303
17.3374
17.342
17.3441
17.3437
17.3409
17.3356
17.3278
17.3177
17.3054
17.2909
17.2745
17.2563
17.2363
17.2146
17.1912
17.166
17.139
17.1102
17.0794
17.0464
17.0109
16.9725
16.9309
16.8855
16.8356
16.7807
16.7197
16.6515
16.575
16.4884
16.391
16.2768
2.51295
2.82147
3.17432
3.48464
3.67549
3.72293
3.62384
3.38528
3.02011
2.54375
1.97191
1.32208
0.610897
-0.149971
-0.954874
-1.79438
-2.65902
-3.54966
-4.42803
-5.2296
-5.92565
-6.48191
-6.85749
-7.01338
-6.92203
-6.5781
-6.00532
-5.25308
-4.38224
-3.44742
-2.48676
-1.52349
-0.573213
0.351194
1.2391
2.08329
2.88029
3.62967
4.33284
4.99216
5.61043
6.1906
6.73575
7.24892
7.73301
8.1906
8.62398
9.03517
9.42598
9.79803
10.1527
10.491
10.8141
11.1229
11.4183
11.7011
11.9721
12.2317
12.4805
12.719
12.9475
13.1665
13.3763
13.5771
13.7693
13.9529
14.1282
14.2953
14.4544
14.6056
14.7489
14.8843
15.0119
15.1318
15.244
15.3488
15.4461
15.5361
15.6191
15.6953
15.765
15.8285
15.8863
15.9386
15.9857
16.028
16.0659
16.0999
16.1302
16.1574
16.1816
16.2032
16.2226
16.2401
16.2559
16.2704
16.2841
16.2974
16.3106
16.3241
16.3382
16.3531
16.3689
16.3857
16.4033
16.4217
16.4407
16.4602
16.48
16.5
16.5201
16.5401
16.5599
16.5795
16.5989
16.6179
16.6367
16.6552
16.6737
16.6923
16.7111
16.7304
16.7505
16.7714
16.7932
16.8161
16.8399
16.8645
16.8901
16.9164
16.9435
16.9712
16.9995
17.0281
17.0569
17.0857
17.1143
17.1423
17.1697
17.1961
17.2214
17.2452
17.2672
17.2873
17.3053
17.3208
17.3338
17.3441
17.3519
17.3569
17.3594
17.3592
17.3563
17.3509
17.3429
17.3325
17.3198
17.305
17.2882
17.2696
17.2493
17.2272
17.2034
17.178
17.1508
17.1218
17.0907
17.0575
17.0218
16.9833
16.9414
16.8956
16.8454
16.7898
16.7282
16.6592
16.5817
16.4943
16.3957
16.2815
2.39711
2.95533
3.5145
3.95852
4.22266
4.30939
4.2266
3.98857
3.61387
3.12148
2.52789
1.85566
1.12663
0.347234
-0.490885
-1.38164
-2.27422
-3.11405
-3.88972
-4.58223
-5.15204
-5.56288
-5.78109
-5.78331
-5.56524
-5.14723
-4.57093
-3.88657
-3.13795
-2.35407
-1.55077
-0.738017
0.074358
0.875682
1.65624
2.40886
3.12916
3.81499
4.46569
5.08161
5.66393
6.2144
6.73518
7.22857
7.69677
8.14178
8.56538
8.96919
9.35461
9.72289
10.075
10.4118
10.7341
11.0428
11.3386
11.6222
11.8942
12.155
12.4053
12.6453
12.8756
13.0964
13.3081
13.5109
13.7049
13.8905
14.0679
14.2371
14.3983
14.5517
14.6973
14.835
14.965
15.0872
15.2018
15.3089
15.4085
15.5007
15.5856
15.6637
15.7351
15.8002
15.8595
15.913
15.9613
16.0048
16.0439
16.079
16.1107
16.1392
16.1651
16.1887
16.2102
16.2301
16.2485
16.2657
16.2821
16.2981
16.3139
16.3299
16.3463
16.3632
16.3808
16.399
16.4178
16.4371
16.4567
16.4765
16.4963
16.5161
16.5356
16.5547
16.5734
16.5916
16.6094
16.6267
16.6436
16.6603
16.6769
16.6937
16.7108
16.7287
16.7474
16.7671
16.788
16.8101
16.8333
16.8577
16.8831
16.9096
16.937
16.9652
16.9942
17.0238
17.0538
17.0839
17.114
17.1437
17.1727
17.2009
17.2279
17.2534
17.2771
17.2988
17.318
17.3348
17.3487
17.3599
17.3683
17.3738
17.3764
17.3763
17.3733
17.3676
17.3593
17.3485
17.3354
17.3201
17.3029
17.2838
17.263
17.2405
17.2164
17.1906
17.1632
17.1339
17.1027
17.0694
17.0336
16.9948
16.9527
16.9068
16.8562
16.8003
16.7382
16.6687
16.5907
16.5026
16.4033
16.2897
2.00335
3.17532
3.94133
4.45027
4.74249
4.83339
4.73638
4.47641
4.0778
3.55979
2.9315
2.21414
1.44286
0.636528
-0.179978
-0.985841
-1.77682
-2.52934
-3.20623
-3.77938
-4.21529
-4.48642
-4.5753
-4.47955
-4.21488
-3.81227
-3.30919
-2.73881
-2.12319
-1.47375
-0.796958
-0.100022
0.607367
1.31448
2.01172
2.69181
3.34973
3.98226
4.58755
5.16492
5.71472
6.23806
6.73649
7.21172
7.6654
8.09901
8.51383
8.91101
9.29155
9.6563
10.0059
10.3411
10.6624
10.9706
11.2664
11.5504
11.8229
12.0845
12.3357
12.5769
12.8085
13.0306
13.2437
13.448
13.6436
13.8308
14.0098
14.1808
14.3439
14.4991
14.6466
14.7863
14.9184
15.0427
15.1595
15.2687
15.3704
15.4646
15.5516
15.6315
15.7047
15.7714
15.8321
15.887
15.9365
15.9811
16.0212
16.0573
16.0899
16.1195
16.1464
16.1712
16.1942
16.2157
16.236
16.2554
16.2741
16.2925
16.3108
16.3292
16.348
16.3672
16.3868
16.4069
16.4273
16.4481
16.4689
16.4896
16.51
16.5301
16.5496
16.5684
16.5864
16.6037
16.6203
16.6362
16.6515
16.6666
16.6816
16.6967
16.7123
16.7287
16.7461
16.7647
16.7847
16.806
16.8286
16.8526
16.8779
16.9044
16.9321
16.9609
16.9906
17.0212
17.0523
17.0837
17.1152
17.1465
17.1772
17.2072
17.236
17.2632
17.2886
17.3117
17.3324
17.3503
17.3652
17.3772
17.3861
17.392
17.3948
17.3946
17.3915
17.3855
17.3767
17.3654
17.3517
17.3359
17.3181
17.2985
17.2772
17.2543
17.2298
17.2037
17.176
17.1465
17.1152
17.0817
17.0458
17.007
16.9648
16.9188
16.8682
16.8121
16.7498
16.6802
16.6019
16.5138
16.4141
16.3014
0.729433
3.64084
4.46319
4.8356
5.11166
5.20547
5.0992
4.82212
4.40318
3.86873
3.25346
2.57861
1.85097
1.0876
0.31398
-0.441817
-1.16056
-1.82032
-2.3922
-2.85327
-3.18266
-3.36684
-3.40223
-3.29634
-3.06706
-2.7386
-2.3347
-1.87254
-1.36169
-0.807866
-0.217597
0.39983
1.03321
1.67153
2.30564
2.92869
3.53583
4.12369
4.69015
5.23425
5.756
6.25607
6.73552
7.19551
7.63715
8.06135
8.46887
8.86043
9.23666
9.59811
9.94525
10.2786
10.5986
10.906
11.2014
11.4851
11.7577
12.0196
12.2713
12.5131
12.7455
12.9686
13.1827
13.3881
13.5849
13.7734
13.9538
14.1262
14.2908
14.4476
14.5967
14.7382
14.872
14.9983
15.1169
15.2281
15.3317
15.4279
15.5167
15.5984
15.6733
15.7416
15.8038
15.8601
15.9109
15.9566
15.9978
16.0349
16.0684
16.0987
16.1265
16.1522
16.1762
16.1988
16.2204
16.2412
16.2616
16.2818
16.302
16.3226
16.3434
16.3647
16.3864
16.4084
16.4308
16.4532
16.4756
16.4977
16.5192
16.5401
16.5601
16.5792
16.5972
16.6142
16.6301
16.6451
16.6594
16.6733
16.6869
16.7008
16.7151
16.7303
16.7465
16.7641
16.7831
16.8036
16.8258
16.8494
16.8746
16.9012
16.9291
16.9584
16.9889
17.0203
17.0525
17.0852
17.1181
17.1509
17.1833
17.2149
17.2454
17.2743
17.3013
17.3259
17.3478
17.3668
17.3827
17.3954
17.4048
17.411
17.414
17.4137
17.4103
17.4039
17.3946
17.3827
17.3685
17.352
17.3336
17.3134
17.2916
17.2682
17.2433
17.2169
17.1889
17.1593
17.1279
17.0944
17.0585
17.0198
16.9777
16.9317
16.8812
16.8253
16.7632
16.6938
16.6159
16.5281
16.4285
16.3171
5.0957
6.07854
6.14157
6.00078
5.92535
5.78069
5.51594
5.14188
4.67299
4.1232
3.51198
2.85542
2.16289
1.45148
0.742967
0.0594168
-0.581194
-1.16062
-1.65809
-2.0566
-2.34219
-2.50621
-2.54704
-2.47096
-2.29103
-2.02311
-1.68113
-1.27506
-0.812588
-0.301992
0.246247
0.819974
1.40712
1.99747
2.58355
3.16028
3.72419
4.27287
4.80476
5.31905
5.81558
6.29463
6.75676
7.2026
7.63267
8.04734
8.44697
8.83197
9.20272
9.55958
9.90288
10.233
10.5505
10.8559
11.1496
11.4321
11.7038
11.9651
12.2166
12.4584
12.691
12.9144
13.1291
13.3352
13.5329
13.7225
13.9039
14.0775
14.2433
14.4014
14.5519
14.6948
14.8301
14.9579
15.0782
15.191
15.2962
15.394
15.4844
15.5676
15.644
15.7138
15.7773
15.8348
15.8867
15.9336
15.9758
16.0138
16.048
16.0792
16.1076
16.1339
16.1586
16.1819
16.2043
16.226
16.2475
16.2689
16.2906
16.3126
16.335
16.3579
16.3813
16.405
16.429
16.4531
16.477
16.5005
16.5234
16.5454
16.5663
16.586
16.6045
16.6216
16.6374
16.6521
16.6658
16.6789
16.6917
16.7046
16.7179
16.7321
16.7474
16.7641
16.7824
16.8023
16.824
16.8474
16.8725
16.8992
16.9275
16.9573
16.9884
17.0207
17.054
17.0879
17.1221
17.1564
17.1903
17.2236
17.2557
17.2862
17.3147
17.3408
17.364
17.3841
17.4008
17.4142
17.4241
17.4305
17.4334
17.433
17.4293
17.4225
17.4127
17.4001
17.3852
17.3681
17.3491
17.3282
17.3059
17.282
17.2567
17.2299
17.2018
17.1722
17.1407
17.1073
17.0715
17.033
16.9911
16.9455
16.8954
16.84
16.7785
16.7097
16.6325
16.5455
16.4463
16.337
6.07827
5.95637
5.9883
5.9338
5.88049
5.75372
5.51468
5.17145
4.73886
4.23145
3.66599
3.058
2.42045
1.76929
1.12343
0.501266
-0.0808924
-0.607299
-1.06156
-1.42926
-1.69849
-1.86136
-1.91531
-1.86348
-1.71353
-1.4751
-1.15783
-0.771351
-0.326344
0.164803
0.688429
1.23105
1.78114
2.33037
2.87362
3.40806
3.93198
4.44415
4.94363
5.42975
5.90211
6.3606
6.80529
7.23629
7.65361
8.05728
8.44736
8.82408
9.18764
9.53824
9.87614
10.2017
10.5153
10.8175
11.1085
11.3887
11.6587
11.9188
12.1693
12.4106
12.6428
12.8662
13.081
13.2875
13.4858
13.6761
13.8583
14.0328
14.1995
14.3587
14.5103
14.6544
14.791
14.92
15.0416
15.1557
15.2624
15.3615
15.4534
15.538
15.6157
15.6868
15.7515
15.8102
15.8633
15.9113
15.9546
15.9935
16.0287
16.0606
16.0898
16.1168
16.142
16.166
16.189
16.2114
16.2336
16.2559
16.2785
16.3015
16.325
16.349
16.3734
16.3984
16.4236
16.4489
16.474
16.4987
16.5227
16.5457
16.5675
16.5881
16.6071
16.6247
16.6408
16.6555
16.6691
16.6819
16.6943
16.7067
16.7195
16.7332
16.7479
16.7641
16.7819
16.8015
16.8229
16.8462
16.8713
16.8982
16.9268
16.9571
16.9889
17.022
17.0563
17.0913
17.1267
17.1623
17.1977
17.2324
17.2659
17.2979
17.3278
17.3551
17.3795
17.4005
17.4181
17.4321
17.4424
17.449
17.452
17.4514
17.4474
17.4401
17.4299
17.4168
17.4012
17.3836
17.3639
17.3424
17.3195
17.2952
17.2695
17.2426
17.2143
17.1847
17.1533
17.1201
17.0846
17.0465
17.0052
16.9602
16.9108
16.8563
16.7957
16.728
16.6518
16.566
16.4677
16.3613
6.57932
6.22715
6.17225
6.05908
5.919
5.73043
5.46599
5.12469
4.71421
4.24422
3.72672
3.17408
2.59776
2.01125
1.43008
0.869825
0.344911
-0.130562
-0.54201
-0.875981
-1.12149
-1.27124
-1.32226
-1.27579
-1.13647
-0.911282
-0.608939
-0.239882
0.183633
0.647884
1.13878
1.64355
2.15235
2.65899
3.16036
3.65507
4.14234
4.6214
5.09141
5.55151
6.00101
6.43948
6.86661
7.28213
7.68576
8.07731
8.45674
8.82407
9.17937
9.52273
9.85434
10.1745
10.4836
10.7818
11.0696
11.3472
11.6151
11.8735
12.1228
12.3631
12.5947
12.8178
13.0326
13.2392
13.4378
13.6285
13.8114
13.9865
14.154
14.314
14.4665
14.6115
14.7491
14.8792
15.0019
15.1172
15.2251
15.3256
15.4188
15.5048
15.5839
15.6563
15.7224
15.7825
15.8371
15.8864
15.931
15.9712
16.0076
16.0406
16.0709
16.0988
16.1248
16.1495
16.1732
16.1963
16.2192
16.2422
16.2655
16.2892
16.3134
16.3381
16.3633
16.389
16.415
16.4411
16.4671
16.4925
16.5173
16.5411
16.5637
16.5849
16.6047
16.6229
16.6394
16.6546
16.6685
16.6815
16.6941
16.7066
16.7194
16.7329
16.7475
16.7636
16.7813
16.8009
16.8224
16.8457
16.871
16.8982
16.9272
16.9579
16.9903
17.0241
17.0591
17.095
17.1315
17.1681
17.2046
17.2404
17.2752
17.3083
17.3393
17.3677
17.393
17.4149
17.4333
17.4478
17.4585
17.4654
17.4684
17.4678
17.4635
17.4559
17.4453
17.4318
17.4158
17.3976
17.3774
17.3555
17.3321
17.3074
17.2815
17.2544
17.2261
17.1966
17.1655
17.1326
17.0976
17.0602
17.0197
16.9756
16.9274
16.8741
16.8149
16.7487
16.6741
16.5901
16.4932
16.3903
6.66088
6.29429
6.14894
5.97856
5.7892
5.56811
5.29476
4.96438
4.58046
4.14963
3.68065
3.18371
2.66844
2.14663
1.63141
1.13627
0.674421
0.258806
-0.0977152
-0.383482
-0.589262
-0.708954
-0.739856
-0.682713
-0.541348
-0.322062
-0.0332118
0.314988
0.710621
1.14065
1.59224
2.05453
2.51995
2.98438
3.44601
3.90406
4.35783
4.80638
5.24862
5.68351
6.11022
6.52813
6.93677
7.33568
7.72446
8.10282
8.47058
8.82759
9.17378
9.50918
9.83391
10.1482
10.4523
10.7464
11.0306
11.3054
11.5709
11.8275
12.0753
12.3146
12.5454
12.7681
12.9827
13.1893
13.3881
13.5791
13.7624
13.938
14.1061
14.2667
14.4199
14.5657
14.7041
14.8351
14.9587
15.075
15.184
15.2856
15.38
15.4674
15.5478
15.6217
15.6892
15.7508
15.8068
15.8577
15.9038
15.9456
15.9834
16.0179
16.0495
16.0786
16.1057
16.1313
16.1559
16.1799
16.2036
16.2273
16.2513
16.2756
16.3004
16.3257
16.3514
16.3776
16.4041
16.4307
16.4571
16.483
16.5083
16.5325
16.5557
16.5776
16.5979
16.6167
16.6339
16.6496
16.6641
16.6777
16.6907
16.7037
16.7169
16.7308
16.7457
16.762
16.78
16.7999
16.8216
16.8453
16.8709
16.8985
16.9279
16.9591
16.992
17.0264
17.0621
17.0986
17.1358
17.1733
17.2106
17.2473
17.2829
17.3169
17.3488
17.378
17.4042
17.4269
17.4458
17.4609
17.472
17.4791
17.4823
17.4817
17.4774
17.4696
17.4587
17.445
17.4286
17.4101
17.3895
17.3673
17.3436
17.3186
17.2925
17.2654
17.2372
17.2079
17.1772
17.1449
17.1106
17.074
17.0346
16.9918
16.9451
16.8935
16.8361
16.772
16.6995
16.6178
16.5228
16.4244
6.55977
6.20941
6.01394
5.80707
5.58817
5.34707
5.06941
4.75037
4.39168
3.99818
3.57664
3.13533
2.6829
2.22918
1.78514
1.36238
0.972159
0.625251
0.332053
0.101884
-0.0578643
-0.142216
-0.148975
-0.0788577
0.0647523
0.276236
0.548044
0.870855
1.2338
1.62526
2.0345
2.45322
2.87631
3.30124
3.72676
4.15179
4.57505
4.99511
5.41063
5.82058
6.2242
6.62092
7.01025
7.39172
7.76488
8.12934
8.48475
8.83085
9.16745
9.49453
9.81215
10.1204
10.4194
10.7092
10.9899
11.2617
11.5248
11.7795
12.0258
12.264
12.4941
12.7162
12.9305
13.1371
13.336
13.5272
13.7108
13.8869
14.0555
14.2167
14.3704
14.5168
14.6559
14.7876
14.912
15.0291
15.1389
15.2416
15.3371
15.4256
15.5073
15.5825
15.6514
15.7145
15.7721
15.8245
15.8723
15.9157
15.9553
15.9914
16.0245
16.0551
16.0835
16.1104
16.1361
16.1611
16.1858
16.2104
16.2352
16.2602
16.2856
16.3113
16.3376
16.3642
16.3911
16.418
16.4447
16.4709
16.4965
16.5212
16.5448
16.5671
16.588
16.6074
16.6252
16.6415
16.6567
16.671
16.6847
16.6984
16.7122
16.7267
16.7423
16.7592
16.7778
16.7982
16.8204
16.8446
16.8707
16.8987
16.9286
16.9603
16.9938
17.0287
17.0649
17.102
17.1397
17.1777
17.2156
17.2529
17.2892
17.3238
17.3564
17.3863
17.4131
17.4364
17.4559
17.4715
17.4831
17.4905
17.4939
17.4934
17.4891
17.4813
17.4703
17.4565
17.4399
17.4211
17.4004
17.3779
17.354
17.3288
17.3027
17.2756
17.2476
17.2186
17.1884
17.1568
17.1235
17.088
17.05
17.0089
16.964
16.9145
16.8595
16.798
16.7282
16.6493
16.5569
16.4635
6.35415
6.02786
5.81588
5.59772
5.37157
5.12981
4.86212
4.56449
4.23816
3.88691
3.51664
3.13393
2.74639
2.36193
1.98934
1.63793
1.31674
1.03468
0.800165
0.620575
0.501638
0.447105
0.458498
0.535104
0.674176
0.871131
1.11957
1.41132
1.73691
2.08678
2.4529
2.82977
3.21421
3.60423
3.99794
4.3932
4.78787
5.18022
5.56907
5.95373
6.33376
6.70879
7.07842
7.44218
7.79954
8.14998
8.49303
8.8283
9.15554
9.47461
9.78543
10.0879
10.3821
10.6678
10.9451
11.2142
11.4751
11.728
11.973
12.2101
12.4394
12.6611
12.8751
13.0816
13.2805
13.4719
13.6558
13.8322
14.0013
14.1629
14.3172
14.4642
14.6038
14.7362
14.8613
14.9791
15.0897
15.1933
15.2898
15.3794
15.4623
15.5388
15.609
15.6735
15.7326
15.7866
15.8361
15.8813
15.9226
15.9605
15.9954
16.0276
16.0577
16.0861
16.1132
16.1395
16.1653
16.191
16.2166
16.2424
16.2684
16.2948
16.3216
16.3487
16.3759
16.4031
16.43
16.4565
16.4824
16.5074
16.5314
16.5542
16.5756
16.5956
16.6141
16.6312
16.6472
16.6623
16.6769
16.6914
16.7061
16.7215
16.7378
16.7556
16.7749
16.796
16.819
16.8439
16.8706
16.8992
16.9296
16.9619
16.9958
17.0312
17.0678
17.1054
17.1435
17.1819
17.2201
17.2577
17.2943
17.3294
17.3623
17.3927
17.4199
17.4438
17.4638
17.4799
17.4919
17.4997
17.5033
17.503
17.4989
17.4912
17.4803
17.4665
17.4499
17.4311
17.4102
17.3876
17.3636
17.3383
17.3122
17.2853
17.2576
17.2289
17.1994
17.1686
17.1364
17.1023
17.0659
17.0268
16.9842
16.9373
16.8852
16.8267
16.7603
16.6848
16.5956
16.5077
6.11201
5.82435
5.61769
5.40367
5.18484
4.95664
4.71138
4.44572
4.16003
3.85697
3.5413
3.21819
2.89375
2.57447
2.26737
1.97975
1.71875
1.49138
1.30421
1.16287
1.07183
1.03419
1.05151
1.12365
1.24889
1.42384
1.64319
1.89993
2.18627
2.49509
2.82117
3.16111
3.51236
3.87208
4.23694
4.60371
4.97002
5.33458
5.69687
6.05677
6.41418
6.76889
7.12045
7.46827
7.81165
8.14991
8.48243
8.80869
9.12829
9.44091
9.74629
10.0442
10.3345
10.617
10.8916
11.1585
11.4177
11.6692
11.9131
12.1494
12.3781
12.5994
12.8132
13.0196
13.2186
13.4102
13.5944
13.7713
13.9409
14.1031
14.258
14.4057
14.5461
14.6792
14.8051
14.9239
15.0354
15.14
15.2377
15.3285
15.4127
15.4904
15.5621
15.628
15.6886
15.7442
15.7954
15.8424
15.8856
15.9254
15.9621
15.9961
16.0279
16.0579
16.0866
16.1144
16.1415
16.1683
16.195
16.2216
16.2485
16.2756
16.3029
16.3305
16.3581
16.3856
16.4128
16.4396
16.4658
16.4913
16.5158
16.5392
16.5613
16.582
16.6013
16.6193
16.6363
16.6524
16.668
16.6835
16.6992
16.7156
16.7329
16.7516
16.7719
16.7939
16.8177
16.8433
16.8708
16.9001
16.9311
16.9639
16.9983
17.0341
17.0711
17.109
17.1474
17.1859
17.2243
17.2621
17.2988
17.334
17.3671
17.3977
17.4253
17.4495
17.4699
17.4864
17.4988
17.5069
17.5109
17.5109
17.5071
17.4997
17.489
17.4753
17.4589
17.44
17.4192
17.3966
17.3726
17.3474
17.3214
17.2946
17.2672
17.2391
17.2102
17.1804
17.1494
17.1169
17.0825
17.0456
17.0058
16.962
16.9132
16.8584
16.7959
16.7245
16.639
16.5571
5.90883
5.66253
5.46747
5.26216
5.0541
4.84025
4.61488
4.37533
4.12168
3.85604
3.58177
3.30344
3.02604
2.755
2.49614
2.2556
2.03932
1.85299
1.70193
1.59083
1.52345
1.50248
1.5293
1.60392
1.72475
1.88828
2.08906
2.32049
2.57635
2.85217
3.14527
3.45367
3.77466
4.10455
4.4395
4.77669
5.11463
5.45289
5.7915
6.13046
6.46956
6.80833
7.14603
7.48177
7.81463
8.14377
8.46842
8.78791
9.10166
9.40919
9.71013
10.0042
10.2911
10.5708
10.843
11.1079
11.3654
11.6155
11.8583
12.0936
12.3216
12.5423
12.7558
12.962
13.161
13.3528
13.5373
13.7145
13.8846
14.0474
14.203
14.3514
14.4926
14.6266
14.7534
14.873
14.9856
15.0912
15.19
15.2819
15.3672
15.446
15.5188
15.5858
15.6476
15.7045
15.757
15.8053
15.8499
15.891
15.9292
15.9647
15.9979
16.0294
16.0594
16.0884
16.1167
16.1445
16.172
16.1995
16.2271
16.2549
16.2828
16.3108
16.3388
16.3667
16.3943
16.4215
16.4481
16.4741
16.4991
16.5231
16.5459
16.5674
16.5877
16.6067
16.6247
16.6419
16.6586
16.6752
16.692
16.7094
16.7278
16.7475
16.7688
16.7917
16.8164
16.8429
16.8712
16.9013
16.933
16.9664
17.0013
17.0375
17.0748
17.113
17.1516
17.1902
17.2287
17.2664
17.3031
17.3382
17.3713
17.4019
17.4296
17.4539
17.4746
17.4914
17.504
17.5125
17.5169
17.5172
17.5138
17.5067
17.4963
17.4829
17.4667
17.4481
17.4274
17.405
17.3811
17.3562
17.3303
17.3039
17.2769
17.2494
17.2214
17.1927
17.1632
17.1326
17.1005
17.0665
17.0299
16.9899
16.9455
16.8954
16.8379
16.7716
16.6912
16.6155
5.74778
5.53076
5.34744
5.15412
4.95889
4.75959
4.55176
4.33329
4.10406
3.86642
3.62306
3.37803
3.1361
2.90221
2.68153
2.47945
2.30131
2.15197
2.03583
1.95666
1.91747
1.92021
1.96567
2.05317
2.18022
2.34229
2.53327
2.7468
2.97803
3.22444
3.48513
3.75925
4.04495
4.33961
4.64078
4.94691
5.25729
5.5716
5.88959
6.21081
6.53455
6.85986
7.18563
7.51071
7.83405
8.15467
8.4717
8.78432
9.09184
9.39372
9.68956
9.97907
10.262
10.5381
10.8072
11.0694
11.3246
11.5727
11.8136
12.0475
12.2743
12.494
12.7067
12.9124
13.111
13.3025
13.4869
13.6642
13.8345
13.9976
14.1537
14.3026
14.4444
14.579
14.7065
14.827
14.9404
15.047
15.1467
15.2396
15.3258
15.4056
15.4794
15.5474
15.6101
15.668
15.7214
15.7707
15.8163
15.8585
15.8978
15.9344
15.9689
16.0015
16.0327
16.0627
16.0919
16.1206
16.1489
16.1771
16.2054
16.2337
16.2622
16.2907
16.3191
16.3473
16.3753
16.4029
16.4299
16.4564
16.4819
16.5066
16.5301
16.5525
16.5737
16.5937
16.6128
16.6311
16.6489
16.6666
16.6845
16.703
16.7225
16.7433
16.7656
16.7896
16.8153
16.8427
16.8718
16.9026
16.9351
16.969
17.0045
17.0411
17.0788
17.1172
17.1559
17.1947
17.2331
17.2708
17.3073
17.3423
17.3752
17.4056
17.4332
17.4575
17.4783
17.4952
17.5081
17.5168
17.5215
17.5222
17.5191
17.5124
17.5024
17.4894
17.4737
17.4554
17.4351
17.413
17.3894
17.3648
17.3394
17.3134
17.287
17.2603
17.2332
17.2058
17.1781
17.1497
17.1205
17.0898
17.0572
17.0219
16.9829
16.9387
16.8876
16.8279
16.7539
16.6855
5.64701
5.45475
5.28317
5.10426
4.92494
4.74365
4.55666
4.36239
4.16082
3.95348
3.74329
3.53397
3.32954
3.13446
2.95338
2.79092
2.6514
2.53883
2.45673
2.40791
2.39433
2.41706
2.47601
2.56951
2.69395
2.8441
3.0142
3.19963
3.39804
3.60917
3.83351
4.07091
4.3203
4.58018
4.84931
5.12688
5.41229
5.70492
6.00401
6.30859
6.61747
6.92934
7.24283
7.55666
7.86968
8.18083
8.48913
8.79369
9.09378
9.38886
9.67855
9.96251
10.2404
10.5121
10.7773
11.036
11.288
11.5333
11.7719
12.0037
12.2287
12.4469
12.6583
12.8629
13.0606
13.2514
13.4353
13.6123
13.7824
13.9455
14.1017
14.2508
14.3929
14.528
14.6561
14.7773
14.8916
14.9991
15.0998
15.1938
15.2811
15.3621
15.437
15.5062
15.5701
15.6291
15.6837
15.7341
15.7808
15.8242
15.8647
15.9025
15.9382
15.972
16.0043
16.0354
16.0655
16.095
16.1242
16.1531
16.182
16.2109
16.2399
16.2687
16.2975
16.3261
16.3545
16.3826
16.4101
16.4371
16.4633
16.4886
16.5129
16.5363
16.5585
16.5798
16.6001
16.6196
16.6387
16.6576
16.6768
16.6965
16.7172
16.7392
16.7626
16.7876
16.8142
16.8426
16.8726
16.9042
16.9373
16.9719
17.0078
17.0449
17.0828
17.1214
17.1603
17.1991
17.2375
17.275
17.3113
17.346
17.3787
17.4089
17.4364
17.4606
17.4813
17.4982
17.5112
17.5202
17.5252
17.5263
17.5236
17.5174
17.5079
17.4954
17.4801
17.4624
17.4425
17.4208
17.3978
17.3737
17.3488
17.3233
17.2976
17.2718
17.2459
17.22
17.1942
17.1683
17.1421
17.1153
17.0872
17.0572
17.0243
16.987
16.9433
16.8913
16.8246
16.7634
5.64951
5.47514
5.31216
5.14723
4.98482
4.82301
4.65863
4.48979
4.31682
4.14074
3.96413
3.79039
3.62298
3.4656
3.32219
3.19664
3.09239
3.01244
2.95929
2.93485
2.94011
2.97506
3.03837
3.1271
3.2369
3.36309
3.50209
3.65255
3.81527
3.99178
4.18289
4.38823
4.60668
4.83715
5.07886
5.33123
5.59365
5.86532
6.14525
6.43222
6.72481
7.02151
7.32087
7.62156
7.92237
8.2222
8.51999
8.81484
9.10604
9.39306
9.67544
9.9528
10.2248
10.4911
10.7515
11.0059
11.2541
11.4961
11.7317
11.9609
12.1836
12.3998
12.6095
12.8125
13.0089
13.1987
13.3817
13.5581
13.7277
13.8904
14.0464
14.1955
14.3377
14.473
14.6016
14.7233
14.8383
14.9467
15.0484
15.1435
15.2321
15.3144
15.3907
15.4614
15.5267
15.5872
15.6431
15.6949
15.7429
15.7877
15.8294
15.8686
15.9056
15.9407
15.9741
16.0062
16.0374
16.0678
16.0978
16.1275
16.157
16.1864
16.2157
16.245
16.2742
16.3032
16.332
16.3605
16.3885
16.416
16.4429
16.469
16.4943
16.5186
16.5421
16.5645
16.5862
16.6071
16.6275
16.6478
16.6684
16.6895
16.7115
16.7347
16.7593
16.7854
16.8131
16.8424
16.8733
16.9057
16.9395
16.9747
17.011
17.0485
17.0867
17.1255
17.1644
17.2033
17.2416
17.279
17.3151
17.3495
17.3819
17.4119
17.439
17.4631
17.4836
17.5006
17.5136
17.5228
17.5281
17.5295
17.5273
17.5216
17.5126
17.5006
17.4859
17.4688
17.4495
17.4285
17.4061
17.3826
17.3584
17.3337
17.3088
17.284
17.2594
17.2352
17.2116
17.1884
17.1657
17.1431
17.1202
17.0962
17.0702
17.0407
17.0056
16.9624
16.9041
16.8501
5.83262
5.66601
5.5049
5.35015
5.20232
5.05805
4.91389
4.76797
4.62025
4.4718
4.3248
4.18205
4.04662
3.92167
3.81025
3.71528
3.63944
3.5848
3.55275
3.54395
3.55805
3.5936
3.6479
3.7174
3.7987
3.88991
3.99138
4.10535
4.23432
4.3796
4.54096
4.7173
4.90756
5.11102
5.32723
5.55571
5.79581
6.04661
6.30694
6.57542
6.85052
7.13069
7.41449
7.70057
7.98771
8.27477
8.56072
8.84469
9.12596
9.40393
9.67808
9.94794
10.2131
10.4733
10.7282
10.9777
11.2215
11.4596
11.6917
11.9178
12.1378
12.3516
12.5591
12.7603
12.955
13.1433
13.3252
13.5006
13.6694
13.8315
13.987
14.1357
14.2778
14.4133
14.5421
14.6642
14.7798
14.8889
14.9915
15.0877
15.1776
15.2613
15.3392
15.4116
15.4786
15.5407
15.5983
15.6518
15.7015
15.7479
15.7912
15.832
15.8704
15.9069
15.9417
15.975
16.0073
16.0387
16.0696
16.1
16.1301
16.1601
16.1898
16.2195
16.249
16.2784
16.3077
16.3366
16.3652
16.3932
16.4208
16.4477
16.4739
16.4994
16.524
16.5478
16.5708
16.5932
16.6151
16.6369
16.659
16.6815
16.7049
16.7295
16.7553
16.7825
16.8114
16.8417
16.8735
16.9068
16.9413
16.9771
17.0139
17.0517
17.0902
17.1292
17.1683
17.2071
17.2453
17.2826
17.3185
17.3527
17.3848
17.4145
17.4413
17.4651
17.4855
17.5023
17.5154
17.5246
17.5301
17.5319
17.5301
17.5249
17.5165
17.5052
17.4911
17.4746
17.4561
17.4358
17.4141
17.3915
17.3681
17.3444
17.3205
17.2969
17.2738
17.2515
17.2303
17.2102
17.1913
17.1733
17.156
17.1387
17.1204
17.0998
17.0745
17.0415
16.9932
16.9469
6.31512
6.14275
5.97128
5.81743
5.67518
5.5391
5.40531
5.27238
5.13988
5.00885
4.8814
4.75984
4.64649
4.54382
4.45418
4.37943
4.32094
4.2794
4.25458
4.24532
4.24961
4.26495
4.28897
4.32047
4.3601
4.4105
4.47513
4.55674
4.6563
4.77326
4.90646
5.05494
5.21823
5.39605
5.58809
5.79381
6.01239
6.24272
6.48346
6.73315
6.99022
7.25319
7.52063
7.79124
8.06381
8.33724
8.61054
8.88282
9.15334
9.42142
9.68646
9.94799
10.2056
10.4589
10.7077
10.9516
11.1904
11.4239
11.652
11.8745
12.0912
12.3021
12.507
12.7058
12.8985
13.085
13.2654
13.4394
13.6071
13.7683
13.923
14.0713
14.2131
14.3484
14.4773
14.5997
14.7157
14.8253
14.9287
15.0258
15.1169
15.2021
15.2816
15.3556
15.4245
15.4885
15.5481
15.6035
15.6551
15.7034
15.7487
15.7912
15.8314
15.8696
15.9059
15.9408
15.9744
16.007
16.0389
16.0703
16.1011
16.1317
16.162
16.1921
16.2221
16.252
16.2817
16.3111
16.3402
16.3689
16.3972
16.425
16.4522
16.4788
16.5047
16.5298
16.5542
16.578
16.6015
16.6249
16.6486
16.6727
16.6976
16.7235
16.7506
16.7791
16.8091
16.8405
16.8733
16.9074
16.9427
16.9791
17.0165
17.0546
17.0934
17.1326
17.1718
17.2107
17.2489
17.286
17.3217
17.3557
17.3875
17.4169
17.4434
17.4669
17.487
17.5036
17.5166
17.526
17.5317
17.5337
17.5323
17.5276
17.5198
17.509
17.4956
17.4799
17.4621
17.4427
17.4219
17.4002
17.3778
17.3552
17.3325
17.3103
17.2889
17.2687
17.2501
17.2334
17.2185
17.2056
17.1945
17.1845
17.1749
17.1642
17.15
17.1288
17.0922
17.0547
7.19886
7.00111
6.79732
6.62369
6.46714
6.3196
6.17731
6.03938
5.90586
5.77758
5.65602
5.5428
5.43929
5.34646
5.26487
5.19436
5.13407
5.0825
5.03783
4.99839
4.96322
4.93271
4.90884
4.89507
4.89537
4.913
4.94952
5.00486
5.07802
5.16799
5.27425
5.39665
5.53517
5.68966
5.85963
6.04427
6.24251
6.45308
6.67456
6.90548
7.14438
7.38984
7.64051
7.89512
8.15254
8.41168
8.67159
8.93137
9.19024
9.44748
9.7025
9.95481
10.204
10.4496
10.6914
10.9289
11.1618
11.3901
11.6134
11.8316
12.0444
12.2518
12.4535
12.6495
12.8397
13.024
13.2024
13.3747
13.5409
13.7009
13.8547
14.0023
14.1436
14.2786
14.4073
14.5298
14.646
14.7561
14.8601
14.9581
15.0503
15.1367
15.2177
15.2934
15.364
15.43
15.4916
15.5491
15.6028
15.6532
15.7006
15.7452
15.7874
15.8275
15.8658
15.9024
15.9378
15.9719
16.0052
16.0376
16.0695
16.1009
16.132
16.1628
16.1935
16.224
16.2542
16.2843
16.3141
16.3436
16.3727
16.4015
16.4298
16.4575
16.4847
16.5111
16.537
16.5624
16.5875
16.6126
16.6378
16.6635
16.6899
16.7173
16.7458
16.7755
16.8067
16.8392
16.873
16.908
16.944
16.981
17.0189
17.0575
17.0965
17.1359
17.1752
17.2141
17.2522
17.2893
17.3249
17.3586
17.3902
17.4192
17.4454
17.4686
17.4884
17.5048
17.5177
17.527
17.5328
17.5352
17.5341
17.5298
17.5225
17.5123
17.4996
17.4846
17.4677
17.4492
17.4294
17.4087
17.3874
17.366
17.3447
17.324
17.3046
17.2867
17.271
17.2577
17.2473
17.2398
17.2352
17.2332
17.2331
17.2336
17.2319
17.2243
17.2016
17.1747
8.41021
8.16256
7.89814
7.67829
7.48482
7.30663
7.14098
6.98713
6.84466
6.71337
6.59259
6.48097
6.37647
6.27642
6.17806
6.07921
5.97888
5.87759
5.7774
5.68155
5.59403
5.51891
5.45962
5.41841
5.3961
5.39242
5.4066
5.438
5.48642
5.55203
5.63507
5.73566
5.8536
5.9884
6.13923
6.30501
6.48452
6.67645
6.87944
7.09211
7.31312
7.54113
7.77489
8.01321
8.255
8.49924
8.745
8.9914
9.23766
9.48313
9.7272
9.96939
10.2092
10.4462
10.68
10.9101
11.1364
11.3585
11.5762
11.7893
11.9976
12.2008
12.3988
12.5915
12.7786
12.9603
13.1362
13.3064
13.4708
13.6294
13.782
13.9287
14.0693
14.2038
14.3322
14.4546
14.571
14.6814
14.786
14.8848
14.978
15.0656
15.1479
15.2252
15.2976
15.3655
15.4291
15.4887
15.5446
15.5971
15.6466
15.6934
15.7379
15.7802
15.8206
15.8594
15.8967
15.9327
15.9676
16.0017
16.0349
16.0676
16.0998
16.1317
16.1633
16.1947
16.2258
16.2568
16.2875
16.318
16.3482
16.3781
16.4077
16.4367
16.4652
16.4931
16.5205
16.5475
16.5743
16.6011
16.628
16.6554
16.6833
16.7121
16.7419
16.7729
16.8051
16.8386
16.8733
16.9091
16.9458
16.9833
17.0216
17.0605
17.0998
17.1393
17.1786
17.2175
17.2555
17.2924
17.3279
17.3614
17.3927
17.4215
17.4473
17.4701
17.4897
17.5058
17.5186
17.5279
17.5338
17.5363
17.5356
17.5316
17.5248
17.5152
17.5032
17.489
17.4729
17.4554
17.4367
17.4171
17.397
17.3769
17.3571
17.3382
17.3207
17.3053
17.2926
17.2831
17.2773
17.2755
17.2779
17.2844
17.2946
17.3072
17.3198
17.328
17.3218
17.3084
9.63172
9.32484
8.99424
8.72703
8.50279
8.30664
8.13384
7.98045
7.84127
7.71032
7.58099
7.44683
7.30277
7.14668
6.98024
6.80869
6.63936
6.4795
6.33465
6.20796
6.10041
6.01155
5.94035
5.88579
5.84736
5.82511
5.8196
5.83152
5.86148
5.90983
5.97661
6.06154
6.16404
6.28326
6.41818
6.56763
6.73043
6.90533
7.0911
7.2865
7.49029
7.70125
7.91825
8.1402
8.3661
8.59502
8.82609
9.0585
9.29154
9.52457
9.75702
9.98834
10.218
10.4456
10.6706
10.8927
11.1115
11.3269
11.5384
11.7459
11.9491
12.1476
12.3415
12.5303
12.7141
12.8927
13.066
13.2339
13.3963
13.5532
13.7044
13.8499
13.9897
14.1236
14.2517
14.374
14.4905
14.6014
14.7065
14.8061
14.9002
14.989
15.0727
15.1516
15.2258
15.2956
15.3612
15.4229
15.4809
15.5356
15.5873
15.6363
15.683
15.7275
15.7703
15.8113
15.8509
15.8891
15.9261
15.9621
15.9972
16.0317
16.0656
16.099
16.132
16.1648
16.1972
16.2294
16.2615
16.2933
16.3249
16.3562
16.3871
16.4176
16.4475
16.477
16.506
16.5347
16.5632
16.5917
16.6203
16.6493
16.6787
16.7089
16.74
16.7721
16.8053
16.8396
16.875
16.9113
16.9484
16.9863
17.0248
17.0639
17.1032
17.1426
17.1819
17.2205
17.2584
17.2951
17.3303
17.3636
17.3946
17.423
17.4486
17.4711
17.4904
17.5063
17.519
17.5283
17.5343
17.537
17.5366
17.533
17.5267
17.5177
17.5064
17.493
17.4779
17.4614
17.4438
17.4254
17.4066
17.3879
17.3698
17.3527
17.3374
17.3245
17.315
17.3094
17.3083
17.3124
17.322
17.3374
17.3586
17.3847
17.4133
17.4398
17.4536
17.4573
10.6937
10.3622
10.0007
9.71652
9.48322
9.27782
9.0888
8.90652
8.72187
8.52766
8.32009
8.09967
7.87103
7.64192
7.42125
7.21656
7.03208
6.8684
6.72384
6.59622
6.48402
6.38668
6.30443
6.23796
6.18816
6.15582
6.14153
6.14565
6.16822
6.20905
6.26774
6.34368
6.43611
6.54413
6.66676
6.80296
6.95165
7.11176
7.28221
7.46191
7.64976
7.84473
8.04583
8.25211
8.4627
8.67678
8.89356
9.11233
9.33244
9.55327
9.77423
9.99478
10.2144
10.4326
10.6489
10.8631
11.0747
11.2834
11.4889
11.6908
11.889
12.0831
12.2729
12.4582
12.6388
12.8146
12.9854
13.1512
13.3118
13.4671
13.617
13.7616
13.9006
14.0341
14.162
14.2844
14.4013
14.5127
14.6186
14.7192
14.8145
14.9047
14.9901
15.0707
15.1469
15.2188
15.2866
15.3505
15.4108
15.4679
15.5219
15.5733
15.6224
15.6694
15.7145
15.7579
15.7999
15.8405
15.8799
15.9183
15.9559
15.9928
16.029
16.0647
16.0999
16.1346
16.169
16.2031
16.2369
16.2705
16.3037
16.3366
16.3691
16.4011
16.4326
16.4636
16.4942
16.5246
16.5548
16.5849
16.6151
16.6456
16.6765
16.708
16.7402
16.7733
16.8073
16.8422
16.878
16.9145
16.9518
16.9897
17.0283
17.0672
17.1064
17.1455
17.1844
17.2226
17.2601
17.2963
17.3311
17.364
17.3946
17.4227
17.448
17.4703
17.4893
17.5052
17.5178
17.5272
17.5333
17.5363
17.5363
17.5333
17.5275
17.5192
17.5088
17.4964
17.4823
17.4669
17.4506
17.4335
17.4161
17.3989
17.3825
17.3674
17.3544
17.3443
17.338
17.3362
17.34
17.35
17.3671
17.3919
17.4248
17.4654
17.5119
17.5597
17.5975
17.6232
11.3442
10.9761
10.5582
10.2146
9.91594
9.63876
9.37439
9.1178
8.86548
8.61642
8.37248
8.13709
7.91335
7.70287
7.50603
7.32262
7.15251
6.9959
6.85337
6.72578
6.6141
6.51913
6.44141
6.38124
6.33875
6.31388
6.30646
6.31619
6.34269
6.38551
6.44417
6.51808
6.60658
6.70895
6.82436
6.95199
7.09095
7.24037
7.39935
7.56699
7.7424
7.92474
8.11316
8.3069
8.50518
8.7073
8.91256
9.12031
9.32994
9.54087
9.75253
9.96439
10.1759
10.3867
10.5962
10.8042
11.0101
11.2138
11.4147
11.6125
11.807
11.9979
12.1849
12.3677
12.5462
12.7202
12.8895
13.054
13.2136
13.3681
13.5175
13.6616
13.8005
13.9342
14.0625
14.1855
14.3033
14.4157
14.5229
14.6248
14.7218
14.8139
14.9013
14.9841
15.0626
15.1369
15.2072
15.2737
15.3366
15.3963
15.453
15.5071
15.5587
15.6083
15.6559
15.7018
15.7462
15.7894
15.8315
15.8727
15.9131
15.9529
15.9921
16.0306
16.0687
16.1062
16.1432
16.1797
16.2158
16.2514
16.2865
16.3211
16.3551
16.3885
16.4214
16.4539
16.4859
16.5177
16.5493
16.5808
16.6124
16.6441
16.6762
16.7088
16.742
16.7759
16.8104
16.8456
16.8815
16.9181
16.9552
16.9929
17.0311
17.0696
17.1083
17.1469
17.1851
17.2226
17.2594
17.295
17.3291
17.3614
17.3915
17.4192
17.4441
17.466
17.4849
17.5007
17.5133
17.5228
17.5292
17.5326
17.5331
17.5308
17.5259
17.5186
17.5092
17.498
17.4853
17.4712
17.4563
17.4409
17.4252
17.4098
17.3953
17.3825
17.372
17.3649
17.362
17.3644
17.3732
17.3896
17.4146
17.4496
17.4955
17.5528
17.6205
17.6945
17.7636
17.8191
11.1496
10.7214
10.2535
9.8703
9.54337
9.24984
8.9804
8.72759
8.4845
8.24647
8.01238
7.78406
7.56518
7.35961
7.17039
6.99938
6.84739
6.71438
6.59987
6.50313
6.42343
6.36011
6.31265
6.28063
6.2637
6.26159
6.27399
6.3006
6.34109
6.39516
6.46248
6.54268
6.63529
6.73978
6.85554
6.98191
7.11823
7.26383
7.418
7.58005
7.74927
7.92498
8.10648
8.29313
8.48427
8.67929
8.87759
9.07859
9.28174
9.48651
9.69239
9.89887
10.1055
10.3117
10.5172
10.7215
10.9242
11.1249
11.3232
11.5189
11.7116
11.9009
12.0867
12.2686
12.4464
12.6199
12.7889
12.9532
13.1128
13.2674
13.4171
13.5618
13.7013
13.8358
13.9651
14.0893
14.2084
14.3223
14.4312
14.535
14.634
14.7283
14.8179
14.9031
14.9839
15.0606
15.1334
15.2024
15.2679
15.3303
15.3897
15.4464
15.5007
15.5526
15.6026
15.6508
15.6974
15.7428
15.7872
15.8309
15.8741
15.9167
15.9588
16.0005
16.0415
16.082
16.1218
16.1609
16.1993
16.2369
16.2737
16.3098
16.345
16.3796
16.4135
16.4469
16.48
16.5127
16.5453
16.5778
16.6103
16.6431
16.6761
16.7095
16.7434
16.7777
16.8126
16.848
16.8839
16.9203
16.9573
16.9947
17.0325
17.0705
17.1086
17.1465
17.184
17.2208
17.2568
17.2917
17.3251
17.3568
17.3864
17.4136
17.4381
17.4598
17.4785
17.4942
17.5069
17.5166
17.5234
17.5272
17.5282
17.5267
17.5226
17.5163
17.508
17.4981
17.4868
17.4742
17.4608
17.447
17.4331
17.4196
17.4071
17.3964
17.3885
17.3843
17.3848
17.3912
17.405
17.4274
17.4602
17.5054
17.5648
17.6399
17.7312
17.8358
17.9438
18.0398
10.5474
10.1123
9.66514
9.29823
8.97918
8.68451
8.40656
8.14322
7.89437
7.66062
7.4429
7.24193
7.05813
6.89168
6.74251
6.61038
6.49493
6.39576
6.31239
6.24427
6.1909
6.1518
6.12659
6.11498
6.11671
6.13151
6.1591
6.1992
6.25151
6.31577
6.39175
6.47914
6.57754
6.68647
6.80542
6.93384
7.07118
7.21691
7.37043
7.53117
7.6985
7.87182
8.05054
8.2341
8.42195
8.61355
8.80838
9.00593
9.2057
9.40725
9.61009
9.81378
10.0179
10.2219
10.4254
10.6279
10.8292
11.0287
11.2262
11.4213
11.6136
11.8029
11.9888
12.171
12.3492
12.5233
12.693
12.8582
13.0188
13.1745
13.3254
13.4713
13.6123
13.7482
13.8791
14.005
14.1259
14.2417
14.3526
14.4587
14.5599
14.6565
14.7485
14.836
14.9191
14.9981
15.0732
15.1446
15.2126
15.2775
15.3395
15.3987
15.4554
15.5097
15.5617
15.6119
15.6603
15.7075
15.7538
15.7994
15.8447
15.8897
15.9344
15.9787
16.0226
16.0657
16.108
16.1493
16.1896
16.2287
16.2666
16.3035
16.3394
16.3745
16.4088
16.4426
16.476
16.5092
16.5422
16.5751
16.6081
16.6414
16.6749
16.7087
16.743
16.7776
16.8126
16.848
16.8839
16.9202
16.957
16.9942
17.0317
17.0694
17.107
17.1443
17.1813
17.2175
17.2529
17.2872
17.32
17.3513
17.3805
17.4074
17.4316
17.4531
17.4718
17.4875
17.5003
17.5102
17.5173
17.5215
17.5231
17.5222
17.519
17.5136
17.5063
17.4974
17.4873
17.476
17.464
17.4515
17.4391
17.4273
17.4166
17.4079
17.4022
17.4004
17.4038
17.4136
17.4315
17.4591
17.4987
17.5528
17.6243
17.7159
17.83
17.9652
18.1148
18.2555
9.84262
9.43528
9.02905
8.68308
8.37802
8.10166
7.85018
7.62155
7.41365
7.22438
7.0518
6.89421
6.7504
6.61968
6.5017
6.39627
6.30338
6.22309
6.15553
6.10075
6.05882
6.02972
6.01346
6.00999
6.01921
6.0409
6.07478
6.12052
6.17782
6.24644
6.32611
6.41651
6.51723
6.62779
6.74773
6.87656
7.01384
7.15907
7.31171
7.47119
7.63693
7.80837
7.985
8.16633
8.35187
8.54112
8.7336
8.92883
9.12638
9.32583
9.52676
9.72875
9.93136
10.1341
10.3366
10.5384
10.7392
10.9385
11.1361
11.3314
11.5243
11.7143
11.901
12.0841
12.2634
12.4387
12.6098
12.7764
12.9384
13.0957
13.248
13.3955
13.538
13.6756
13.8083
13.9361
14.0589
14.1767
14.2897
14.3979
14.5014
14.6001
14.6943
14.7839
14.8692
14.9503
15.0274
15.101
15.1711
15.2382
15.3025
15.364
15.4229
15.4794
15.5334
15.5852
15.6352
15.6837
15.7313
15.7783
15.8251
15.8719
15.9186
15.9652
16.0113
16.0566
16.1009
16.1439
16.1854
16.2254
16.264
16.3012
16.3372
16.3722
16.4065
16.4402
16.4736
16.5067
16.5398
16.5729
16.6061
16.6395
16.6732
16.7072
16.7415
16.7762
16.8112
16.8465
16.8824
16.9186
16.9553
16.9924
17.0297
17.0671
17.1043
17.1412
17.1777
17.2133
17.2483
17.2822
17.3146
17.3455
17.3744
17.401
17.4251
17.4465
17.4652
17.4808
17.4937
17.5038
17.5112
17.5158
17.5179
17.5176
17.5151
17.5104
17.504
17.4961
17.4869
17.4768
17.4659
17.4547
17.4435
17.4331
17.4239
17.4169
17.4131
17.4134
17.4192
17.432
17.4533
17.4853
17.5306
17.5924
17.6745
17.7811
17.9164
18.0816
18.2744
18.4615
9.28031
8.92007
8.57108
8.266
7.99628
7.7548
7.53757
7.34125
7.16299
7.00061
6.85257
6.71765
6.59476
6.48284
6.38149
6.2909
6.21122
6.14248
6.0848
6.03839
6.00343
5.9801
5.96856
5.96898
5.98139
6.00568
6.04162
6.08896
6.14746
6.21695
6.29718
6.38778
6.48832
6.59833
6.71738
6.84506
6.98094
7.12454
7.27531
7.43268
7.59612
7.76514
7.93928
8.11811
8.30114
8.4879
8.67792
8.87075
9.06602
9.26335
9.46236
9.66264
9.86378
10.0653
10.2669
10.468
10.6684
10.8676
11.0652
11.2609
11.4543
11.6449
11.8324
12.0164
12.1967
12.3732
12.5455
12.7133
12.8766
13.0351
13.1887
13.3374
13.4812
13.6202
13.7544
13.8838
14.0082
14.1278
14.2426
14.3526
14.4578
14.5583
14.6543
14.7457
14.8327
14.9156
14.9945
15.0698
15.1417
15.2107
15.2768
15.3404
15.4014
15.4598
15.5155
15.5688
15.6199
15.6694
15.7178
15.7657
15.8135
15.8616
15.9098
15.9579
16.0057
16.0526
16.0983
16.1424
16.1848
16.2253
16.264
16.3011
16.3368
16.3715
16.4054
16.4388
16.4719
16.5049
16.5378
16.5709
16.6041
16.6376
16.6713
16.7053
16.7396
16.7741
16.809
16.8444
16.8802
16.9164
16.9531
16.9902
17.0273
17.0646
17.1015
17.138
17.1742
17.2095
17.2439
17.2775
17.3097
17.3403
17.369
17.3955
17.4195
17.4406
17.4593
17.4749
17.4879
17.4981
17.5058
17.5108
17.5133
17.5135
17.5115
17.5075
17.5018
17.4946
17.4863
17.477
17.4671
17.4568
17.4468
17.4374
17.4295
17.424
17.4217
17.4238
17.4317
17.4468
17.471
17.5066
17.5567
17.625
17.7163
17.8359
17.9903
18.1835
18.4198
18.6529
8.97382
8.66218
8.36798
8.10169
7.86173
7.6449
7.44792
7.26783
7.10251
6.95042
6.81043
6.68168
6.56374
6.45642
6.35945
6.27254
6.1959
6.12993
6.07481
6.03067
5.99763
5.97582
5.96544
5.96666
5.97953
6.00394
6.03966
6.08653
6.1444
6.21314
6.29247
6.38202
6.48133
6.58996
6.70754
6.83366
6.96789
7.10972
7.25858
7.4139
7.57519
7.74199
7.91389
8.09043
8.27114
8.45552
8.64313
8.83359
9.02657
9.22173
9.41871
9.61716
9.81667
10.0168
10.2173
10.4175
10.6172
10.816
11.0134
11.2091
11.4026
11.5936
11.7815
11.9662
12.1473
12.3246
12.4978
12.6665
12.8306
12.9899
13.1442
13.2937
13.4385
13.5786
13.7141
13.8448
13.9707
14.0917
14.2078
14.3192
14.4258
14.5278
14.6251
14.718
14.8065
14.8908
14.9712
15.0478
15.1212
15.1917
15.2596
15.325
15.3877
15.4478
15.505
15.5594
15.6114
15.6615
15.7105
15.7589
15.8075
15.8563
15.9055
15.9548
16.0037
16.0518
16.0984
16.1432
16.1859
16.2265
16.2651
16.3019
16.3372
16.3715
16.4049
16.4379
16.4707
16.5035
16.5363
16.5694
16.6026
16.6361
16.6697
16.7036
16.7378
16.7723
16.8072
16.8426
16.8785
16.9148
16.9516
16.9887
17.0258
17.063
17.0998
17.1359
17.1718
17.2069
17.241
17.2743
17.3062
17.3367
17.3652
17.3915
17.4155
17.4364
17.4551
17.4706
17.4837
17.494
17.5018
17.5072
17.51
17.5106
17.509
17.5055
17.5003
17.4936
17.4858
17.4771
17.4679
17.4585
17.4493
17.4409
17.434
17.4295
17.4285
17.432
17.4416
17.4586
17.4851
17.5236
17.5775
17.6509
17.7495
17.8799
18.0508
18.269
18.548
18.8252
8.92498
8.65257
8.40032
8.16073
7.93696
7.72925
7.53597
7.35572
7.18757
7.03079
6.88481
6.74947
6.62488
6.51114
6.40833
6.31639
6.23532
6.16541
6.10692
6.05987
6.02425
6.00016
5.98774
5.9871
5.99816
6.02073
6.05461
6.09963
6.1557
6.22262
6.30011
6.38776
6.48514
6.59186
6.70759
6.83193
6.96444
7.10455
7.25169
7.40528
7.56486
7.72996
7.90013
8.07489
8.2537
8.4361
8.62168
8.81013
9.00112
9.19436
9.38952
9.58626
9.78424
9.98307
10.1823
10.3816
10.5806
10.7787
10.9758
11.1713
11.3647
11.5558
11.7441
11.9292
12.1108
12.2887
12.4624
12.6317
12.7963
12.956
13.1108
13.2608
13.4061
13.5471
13.6837
13.8157
13.9429
14.065
14.1823
14.2947
14.4024
14.5055
14.6041
14.6981
14.7878
14.8732
14.9547
15.0325
15.1071
15.179
15.2483
15.3152
15.3795
15.4409
15.4993
15.5546
15.6073
15.6579
15.7072
15.7561
15.805
15.8544
15.9042
15.9543
16.0039
16.0526
16.0998
16.145
16.188
16.2286
16.267
16.3035
16.3384
16.3722
16.4053
16.438
16.4706
16.5032
16.5361
16.5691
16.6023
16.6357
16.6693
16.7032
16.7372
16.7717
16.8066
16.8421
16.8782
16.9147
16.9516
16.9889
17.026
17.063
17.0998
17.1357
17.1714
17.2063
17.2401
17.2732
17.305
17.3352
17.3636
17.3898
17.4136
17.4343
17.4529
17.4682
17.4812
17.4915
17.4994
17.5049
17.508
17.5088
17.5075
17.5043
17.4994
17.493
17.4856
17.4774
17.4687
17.4598
17.4512
17.4435
17.4373
17.4337
17.4336
17.4382
17.4489
17.4674
17.4955
17.5362
17.5929
17.6701
17.7743
17.9133
18.0978
18.3384
18.6584
18.9757
9.07616
8.82897
8.60142
8.37376
8.15243
7.94071
7.73898
7.54733
7.3659
7.19483
7.03434
6.88479
6.74658
6.61992
6.50503
6.40221
6.31158
6.23321
6.16718
6.11343
6.07196
6.04279
6.02596
6.02141
6.02893
6.04825
6.07912
6.12135
6.17478
6.23917
6.31418
6.39941
6.49446
6.599
6.7127
6.83519
6.96597
7.10448
7.25011
7.40231
7.56058
7.72444
7.89336
8.06677
8.24415
8.42505
8.60911
8.79602
8.98547
9.17716
9.37079
9.56608
9.76273
9.96037
10.1586
10.3569
10.5551
10.7526
10.9492
11.1444
11.3378
11.5288
11.7172
11.9026
12.0846
12.2628
12.4369
12.6065
12.7713
12.9312
13.0861
13.2362
13.3818
13.5235
13.6612
13.7945
13.9229
14.0462
14.1645
14.2778
14.3863
14.4903
14.5897
14.6846
14.7751
14.8614
14.9437
15.0224
15.098
15.1709
15.2414
15.3095
15.3749
15.4374
15.4966
15.5527
15.6059
15.6568
15.7065
15.7556
15.8048
15.8545
15.9047
15.9552
16.0053
16.0545
16.1021
16.1476
16.1908
16.2314
16.2697
16.306
16.3407
16.3743
16.4072
16.4397
16.4723
16.5049
16.5378
16.5709
16.6041
16.6375
16.671
16.7047
16.7387
16.773
16.8079
16.8433
16.8794
16.9158
16.9526
16.9897
17.0265
17.0632
17.0997
17.1352
17.1705
17.2051
17.2385
17.2713
17.3028
17.3328
17.361
17.387
17.4108
17.4313
17.4498
17.465
17.4781
17.4884
17.4964
17.5021
17.5055
17.5066
17.5056
17.5026
17.4981
17.492
17.485
17.4771
17.4689
17.4605
17.4524
17.4452
17.4397
17.4366
17.4373
17.4426
17.4542
17.4737
17.503
17.5453
17.604
17.6842
17.7929
17.9388
18.1346
18.3943
18.7514
19.1025
9.3455
9.11242
8.89758
8.67366
8.44848
8.22715
8.0115
7.80295
7.60273
7.41205
7.23193
7.06316
6.90642
6.76225
6.63115
6.51355
6.4097
6.31962
6.24324
6.18051
6.13135
6.09564
6.07321
6.06376
6.06693
6.08232
6.1096
6.14853
6.19888
6.26036
6.3326
6.41521
6.50783
6.61014
6.72183
6.84252
6.97168
7.10873
7.25307
7.40417
7.56151
7.72454
7.89266
8.06522
8.24171
8.42169
8.60482
8.79077
8.97919
9.16976
9.36225
9.55642
9.75202
9.94869
10.146
10.3436
10.541
10.738
10.9342
11.1291
11.3223
11.5133
11.7016
11.8871
12.0692
12.2475
12.4217
12.5914
12.7562
12.9159
13.0706
13.2204
13.3658
13.508
13.6469
13.7816
13.9112
14.0354
14.1543
14.2682
14.3772
14.4815
14.5812
14.6765
14.7674
14.8541
14.9368
15.0161
15.0923
15.166
15.2373
15.3062
15.3725
15.4358
15.4958
15.5525
15.6064
15.6579
15.708
15.7575
15.8071
15.8572
15.9078
15.9587
16.0092
16.0588
16.1067
16.1523
16.1955
16.2359
16.2739
16.3097
16.3439
16.3769
16.4092
16.4413
16.4733
16.5056
16.5381
16.5707
16.6035
16.6364
16.6694
16.7026
16.7362
16.7702
16.8048
16.84
16.8759
16.9121
16.9485
16.9854
17.022
17.0584
17.0946
17.1299
17.1648
17.1991
17.2323
17.265
17.2964
17.3264
17.3547
17.3807
17.4047
17.4255
17.4442
17.4597
17.4731
17.4838
17.4922
17.4984
17.5022
17.5038
17.5033
17.5007
17.4966
17.4909
17.4843
17.4768
17.4689
17.461
17.4533
17.4466
17.4416
17.439
17.4402
17.4461
17.4583
17.4785
17.5088
17.5522
17.6126
17.6951
17.8073
17.9586
18.1632
18.4378
18.8262
19.2045
9.65561
9.43192
9.22491
9.00285
8.77348
8.54293
8.31396
8.08893
7.87008
7.6594
7.45861
7.26908
7.09196
6.92827
6.77879
6.64404
6.52434
6.41982
6.33052
6.25637
6.19717
6.15263
6.12239
6.10605
6.10311
6.11309
6.13554
6.17013
6.21653
6.27441
6.34336
6.42296
6.51285
6.61273
6.72226
6.84102
6.96847
7.10403
7.24714
7.3973
7.55395
7.71648
7.88417
8.05636
8.23252
8.41223
8.59511
8.78076
8.96878
9.15887
9.35082
9.54447
9.73959
9.93586
10.1328
10.3302
10.5275
10.7244
10.9207
11.1157
11.3091
11.5004
11.6891
11.8749
12.0574
12.2363
12.4108
12.5808
12.7458
12.9056
13.06
13.2092
13.3543
13.4972
13.6381
13.7748
13.9061
14.0316
14.1514
14.2658
14.3751
14.4795
14.5792
14.6743
14.7651
14.8517
14.9344
15.0137
15.0899
15.1636
15.2349
15.3039
15.3703
15.4337
15.4938
15.5506
15.6045
15.6561
15.7062
15.7555
15.8048
15.8545
15.9049
15.9555
16.0058
16.0552
16.1029
16.1484
16.1912
16.2313
16.2688
16.304
16.3376
16.37
16.4017
16.4331
16.4646
16.4964
16.5284
16.5606
16.593
16.6255
16.6582
16.6912
16.7246
16.7587
16.7935
16.8288
16.865
16.9016
16.9384
16.9757
17.0127
17.0494
17.086
17.1216
17.1569
17.1916
17.225
17.258
17.2897
17.3201
17.3487
17.3751
17.3996
17.4207
17.4398
17.4557
17.4695
17.4805
17.4894
17.4959
17.5001
17.5021
17.5019
17.4997
17.4959
17.4904
17.484
17.4769
17.4692
17.4616
17.4542
17.4478
17.4431
17.4409
17.4424
17.4487
17.4614
17.4821
17.5131
17.5574
17.6189
17.7032
17.8178
17.9729
18.1838
18.4687
18.8812
19.2818
9.96005
9.74668
9.54646
9.32688
9.09448
8.85646
8.61646
8.37748
8.1424
7.91381
7.69403
7.48503
7.28852
7.10583
6.93787
6.7853
6.64864
6.52826
6.42436
6.33683
6.26541
6.20973
6.16942
6.14399
6.1329
6.13558
6.1515
6.18024
6.22141
6.27458
6.3393
6.41512
6.50166
6.59856
6.70546
6.8219
6.9473
7.08112
7.22284
7.37198
7.52795
7.69003
7.85746
8.02955
8.20576
8.38565
8.56879
8.75469
8.94292
9.13316
9.32525
9.51908
9.71444
9.91101
10.1084
10.3062
10.5041
10.7018
10.8988
11.0947
11.289
11.4813
11.6712
11.8583
12.0422
12.2224
12.3986
12.57
12.7365
12.8976
13.0528
13.2022
13.3472
13.4916
13.6356
13.7752
13.9083
14.0348
14.1552
14.2697
14.3789
14.4831
14.5825
14.6773
14.7677
14.854
14.9365
15.0154
15.0912
15.1644
15.2351
15.3033
15.3688
15.4313
15.4905
15.5464
15.5993
15.6498
15.6986
15.7466
15.7944
15.8427
15.8916
15.941
15.9903
16.0389
16.086
16.1311
16.1737
16.2136
16.251
16.2862
16.3198
16.3523
16.3841
16.4158
16.4476
16.4798
16.5122
16.5449
16.5778
16.6108
16.6441
16.6777
16.7118
16.7465
16.7821
16.8183
16.8552
16.8926
16.9301
16.9681
17.0058
17.0431
17.0803
17.1164
17.1521
17.1872
17.221
17.2543
17.2863
17.3169
17.3458
17.3724
17.3972
17.4185
17.4379
17.454
17.4679
17.4792
17.4882
17.4949
17.4992
17.5014
17.5014
17.4994
17.4957
17.4904
17.4841
17.477
17.4695
17.462
17.4548
17.4486
17.4441
17.4421
17.4438
17.4504
17.4633
17.4844
17.5157
17.5605
17.6229
17.7081
17.8242
17.9816
18.1961
18.4872
18.9156
19.3351
10.213
10.0092
9.81337
9.59608
9.36087
9.11586
8.86572
8.61401
8.36419
8.11953
7.88295
7.65693
7.44359
7.24455
7.06076
6.89289
6.74175
6.60799
6.49173
6.39282
6.31093
6.24572
6.19682
6.16373
6.14586
6.14257
6.15325
6.17741
6.21455
6.26419
6.32583
6.39896
6.48319
6.57814
6.68337
6.79839
6.92262
7.05554
7.19669
7.34554
7.50146
7.66367
7.83138
8.0039
8.18071
8.36131
8.54521
8.73185
8.92078
9.11169
9.30443
9.49889
9.69486
9.89203
10.09
10.2884
10.487
10.6854
10.8831
11.0797
11.2747
11.4677
11.6583
11.8461
12.0307
12.2116
12.3881
12.5598
12.726
12.8863
13.0391
13.1838
13.3229
13.4643
13.6093
13.751
13.8866
14.0159
14.1391
14.2566
14.3687
14.4755
14.5772
14.674
14.7662
14.854
14.9376
15.0174
15.0938
15.1672
15.2378
15.3056
15.3705
15.4322
15.4905
15.5454
15.5974
15.6468
15.6944
15.7411
15.7876
15.8345
15.8821
15.9303
15.9786
16.0263
16.0729
16.1176
16.1599
16.1996
16.237
16.2723
16.306
16.3387
16.3707
16.4027
16.4349
16.4674
16.5003
16.5334
16.5667
16.6002
16.6339
16.668
16.7026
16.7378
16.7739
16.8105
16.8478
16.8857
16.9236
16.9619
17
17.0375
17.075
17.1115
17.1473
17.1826
17.2167
17.2501
17.2823
17.313
17.3422
17.3689
17.3939
17.4154
17.4349
17.4513
17.4654
17.4768
17.486
17.4929
17.4974
17.4998
17.5
17.4981
17.4945
17.4894
17.4833
17.4763
17.4688
17.4614
17.4544
17.4482
17.4438
17.4419
17.4437
17.4504
17.4634
17.4846
17.516
17.561
17.6236
17.7091
17.8257
17.9838
18.1996
18.4928
18.9271
19.3619
10.4343
10.2454
10.0557
9.84364
9.60926
9.36105
9.10468
8.84412
8.58334
8.32625
8.07635
7.83657
7.6092
7.39583
7.19793
7.01681
6.85326
6.70779
6.58054
6.47136
6.37996
6.30603
6.24916
6.20883
6.18439
6.17519
6.18058
6.20002
6.23295
6.27883
6.3371
6.40724
6.48885
6.58148
6.68468
6.79789
6.92056
7.05218
7.19228
7.34031
7.49557
7.65726
7.82458
7.99688
8.1736
8.35423
8.53821
8.72496
8.91401
9.10507
9.298
9.49266
9.68882
9.88616
10.0843
10.2829
10.4817
10.6803
10.8783
11.0751
11.2704
11.4636
11.6545
11.8427
12.0276
12.2089
12.3858
12.558
12.7248
12.8858
13.0407
13.1907
13.3399
13.4915
13.6407
13.7814
13.9135
14.0386
14.1579
14.2721
14.3815
14.4863
14.5864
14.6822
14.7736
14.8608
14.944
15.0235
15.0996
15.1726
15.2428
15.3101
15.3745
15.4357
15.4936
15.5481
15.5996
15.6485
15.6956
15.7417
15.7875
15.8338
15.8807
15.9281
15.9758
16.023
16.0691
16.1134
16.1553
16.1947
16.2318
16.2668
16.3003
16.3327
16.3645
16.3963
16.4283
16.4607
16.4934
16.5264
16.5596
16.5931
16.6267
16.6608
16.6953
16.7306
16.7666
16.8033
16.8407
16.8786
16.9166
16.955
16.9932
17.0308
17.0684
17.1051
17.141
17.1765
17.2108
17.2444
17.2767
17.3077
17.3371
17.3641
17.3892
17.411
17.4308
17.4474
17.4617
17.4734
17.4828
17.49
17.4947
17.4973
17.4977
17.4959
17.4926
17.4876
17.4816
17.4747
17.4673
17.46
17.453
17.4469
17.4426
17.4407
17.4425
17.4491
17.4621
17.4832
17.5146
17.5595
17.6219
17.7073
17.8236
17.9814
18.1967
18.4894
18.9218
19.3639
17.6305
17.1281
16.5809
16.2363
15.9579
15.674
15.3807
15.0787
14.7623
14.4257
14.0634
13.6708
13.2425
12.7726
12.2548
11.6819
11.0458
10.3369
9.54518
8.65427
7.66003
6.50766
5.28626
3.57909
2.57299
17.3042
16.9364
16.4866
16.1752
15.9106
15.6358
15.3485
15.0502
14.7359
14.4004
14.0386
13.646
13.2175
12.7471
12.2288
11.6552
11.0183
10.3085
9.51588
8.62384
7.62884
6.47444
5.25391
3.53995
2.54084
17.0689
16.8176
16.4497
16.1539
15.8894
15.6153
15.3288
15.0306
14.716
14.3799
14.0175
13.6243
13.1951
12.724
12.2049
11.6305
10.9929
10.2823
9.48898
8.59586
7.60076
6.44339
5.22769
3.49821
2.53418
16.8949
16.6982
16.389
16.1117
15.853
15.5842
15.3018
15.0058
14.6921
14.3562
13.9936
13.5998
13.1698
12.6978
12.1777
11.6023
10.9637
10.2518
9.45742
8.56262
7.56711
6.40523
5.19585
3.44383
2.52961
16.7614
16.5934
16.3299
16.0723
15.8211
15.5576
15.2789
14.9849
14.6719
14.3361
13.9731
13.5786
13.1477
12.6747
12.1535
11.5769
10.9369
10.2236
9.42769
8.53071
7.53444
6.36705
5.16446
3.38669
2.52987
16.6562
16.5046
16.2743
16.0341
15.7903
15.5322
15.2573
14.9654
14.6535
14.318
13.9549
13.56
13.1284
12.6546
12.1324
11.5547
10.9134
10.1986
9.40129
8.5021
7.50508
6.33209
5.13663
3.33349
2.53639
16.5713
16.429
16.222
15.9961
15.7597
15.5067
15.2357
14.9461
14.6355
14.3006
13.9377
13.5426
13.1107
12.6362
12.1133
11.5346
10.8922
10.176
9.37729
8.47604
7.47844
6.30011
5.11208
3.28496
2.54646
16.5013
16.3639
16.1733
15.9592
15.7296
15.4815
15.2141
14.927
14.6179
14.2838
13.9212
13.5262
13.0939
12.619
12.0954
11.5158
10.8723
10.1548
9.35486
8.45169
7.45369
6.27036
5.08993
3.24024
2.55742
16.4428
16.3079
16.1288
15.9243
15.7007
15.4572
15.1933
14.9085
14.6008
14.2676
13.9055
13.5105
13.0781
12.6027
12.0784
11.4979
10.8534
10.1347
9.33363
8.42871
7.43049
6.24254
5.06972
3.19894
2.56784
16.3938
16.2599
16.089
15.892
15.6737
15.4343
15.1736
14.891
14.5847
14.2524
13.8907
13.4957
13.0631
12.5873
12.0623
11.4809
10.8354
10.1155
9.31342
8.40697
7.40871
6.2166
5.0513
3.16102
2.57704
16.353
16.2193
16.0542
15.863
15.6492
15.4134
15.1554
14.8747
14.5698
14.2381
13.8768
13.4818
13.0489
12.5725
12.0468
11.4645
10.8181
10.0972
9.29419
8.38643
7.38833
6.1926
5.03467
3.12668
2.58489
16.3193
16.1851
16.024
15.8374
15.6273
15.3945
15.1389
14.8599
14.556
14.2249
13.8637
13.4687
13.0354
12.5584
12.032
11.4488
10.8015
10.0796
9.27595
8.36715
7.36941
6.17069
5.01995
3.09635
2.59177
16.2912
16.1564
15.998
15.8149
15.6078
15.3775
15.1239
14.8462
14.5432
14.2125
13.8514
13.4562
13.0224
12.5449
12.0176
11.4337
10.7856
10.0629
9.25873
8.34918
7.35205
6.15106
5.00731
3.07065
2.59935
16.2676
16.132
15.9753
15.7948
15.5902
15.362
15.11
14.8335
14.5311
14.2008
13.8396
13.4441
13.0098
12.5317
12.0038
11.4192
10.7704
10.0472
9.24262
8.33264
7.33635
6.13388
4.99693
3.05045
2.61133
16.2472
16.1108
15.9553
15.7768
15.5741
15.3476
15.097
14.8214
14.5196
14.1894
13.8282
13.4323
12.9976
12.5189
11.9904
11.4052
10.7559
10.0323
9.22768
8.31759
7.3224
6.11934
4.98913
3.03673
2.6305
16.2294
16.0923
15.9374
15.7604
15.5592
15.3341
15.0846
14.8097
14.5083
14.1783
13.8169
13.4207
12.9856
12.5064
11.9774
11.3918
10.7423
10.0185
9.21401
8.30417
7.31035
6.1077
4.98434
3.03006
2.65548
16.2137
16.076
15.9214
15.7454
15.5454
15.3213
15.0726
14.7984
14.4972
14.1672
13.8057
13.4093
12.9738
12.4943
11.965
11.3792
10.7296
10.0059
9.20177
8.29259
7.30045
6.09934
4.9829
3.0306
2.68221
16.1999
16.0617
15.9071
15.7317
15.5325
15.3092
15.0611
14.7873
14.4864
14.1564
13.7947
13.3981
12.9623
12.4826
11.9531
11.3672
10.7177
9.9943
9.1908
8.28262
7.2923
6.09382
4.98312
3.03695
2.70311
16.1878
16.0492
15.8945
15.7192
15.5205
15.2977
15.0501
14.7766
14.4758
14.1457
13.7838
13.3869
12.9508
12.4708
11.9411
11.3551
10.7056
9.98232
9.17916
8.27186
7.28272
6.08733
4.97899
3.043
2.70734
16.178
16.0389
15.8837
15.7085
15.51
15.2875
15.0402
14.7668
14.466
14.1358
13.7737
13.3765
12.9401
12.4598
11.93
11.3438
10.6942
9.97108
9.16822
8.26166
7.27362
6.08065
4.97445
3.04448
2.71212
16.1704
16.0308
15.8752
15.6997
15.5012
15.2788
15.0316
14.7582
14.4573
14.1269
13.7645
13.3669
12.9302
12.4497
11.9196
11.3333
10.6837
9.96068
9.15807
8.25213
7.26493
6.07387
4.96906
3.04321
2.71539
16.1655
16.0253
15.8692
15.6933
15.4946
15.2721
15.0247
14.7512
14.4501
14.1194
13.7565
13.3586
12.9214
12.4406
11.9103
11.3238
10.6742
9.95118
9.14875
8.24332
7.2567
6.06729
4.96296
3.04122
2.71665
16.1634
16.0226
15.866
15.6895
15.4905
15.2677
15.0201
14.7462
14.4446
14.1134
13.75
13.3515
12.9139
12.4326
11.902
11.3153
10.6655
9.94248
9.14008
8.23501
7.24862
6.06058
4.95588
3.03844
2.71551
16.1644
16.0229
15.8658
15.6888
15.4893
15.266
15.0179
14.7435
14.4413
14.1093
13.7452
13.346
12.9077
12.4258
11.8947
11.3076
10.6576
9.93442
9.13189
8.22697
7.24046
6.05349
4.94769
3.03467
2.71174
16.1689
16.0266
15.8689
15.6913
15.4912
15.2673
15.0184
14.7432
14.4401
14.1073
13.7422
13.342
12.9029
12.4202
11.8885
11.3009
10.6504
9.92691
9.12406
8.21908
7.23211
6.04594
4.93841
3.02994
2.70516
16.1768
16.0338
15.8757
15.6974
15.4965
15.2717
15.0219
14.7456
14.4413
14.1072
13.7409
13.3396
12.8994
12.4157
11.8832
11.2949
10.6439
9.91992
9.11658
8.21136
7.22363
6.03802
4.9282
3.02433
2.69583
16.1885
16.0447
15.8863
15.7073
15.5054
15.2794
15.0283
14.7506
14.4449
14.1093
13.7415
13.3387
12.8972
12.4124
11.8789
11.2899
10.6382
9.91368
9.10977
8.20417
7.2155
6.03017
4.91783
3.01804
2.6851
16.2038
16.0595
15.9009
15.7209
15.5177
15.2903
15.0376
14.7582
14.4506
14.1132
13.7437
13.3393
12.8963
12.4103
11.8758
11.2859
10.6336
9.90866
9.10428
8.19839
7.20889
6.02382
4.90943
3.01282
2.67676
16.2229
16.0781
15.9192
15.7382
15.5334
15.3043
15.0495
14.7679
14.4581
14.1186
13.7471
13.3408
12.8962
12.4088
11.8732
11.2825
10.6296
9.90426
9.09946
8.1934
7.20303
6.01865
4.90123
3.01058
2.6641
16.2461
16.1009
15.9419
15.7596
15.5529
15.3215
15.0643
14.7801
14.4678
14.1258
13.7519
13.3435
12.8971
12.4081
11.8713
11.2797
10.6261
9.90044
9.09528
8.18919
7.19797
6.0147
4.89354
3.01101
2.64858
16.2735
16.128
15.969
15.7851
15.5761
15.3421
15.0819
14.7948
14.4795
14.1347
13.7581
13.3474
12.8989
12.4082
11.87
11.2774
10.6231
9.89708
9.09161
8.18562
7.19362
6.01185
4.88657
3.01365
2.63111
16.3055
16.1599
16.0008
15.8151
15.6033
15.3661
15.1026
14.812
14.4933
14.1452
13.7658
13.3524
12.9016
12.409
11.8693
11.2755
10.6206
9.89409
9.08832
8.18253
7.18985
6.00991
4.8802
3.01829
2.61178
16.3424
16.1967
16.0375
15.8496
15.6345
15.3935
15.1261
14.8316
14.509
14.1574
13.7747
13.3584
12.9051
12.4104
11.869
11.2741
10.6182
9.89129
9.08518
8.17963
7.18629
6.00846
4.87397
3.0244
2.59021
16.3849
16.2391
16.0795
15.8888
15.6697
15.4244
15.1524
14.8534
14.5265
14.171
13.7848
13.3653
12.9093
12.4124
11.8691
11.2728
10.6159
9.88837
9.08186
8.17652
7.18247
6.00696
4.86727
3.03133
2.566
16.437
16.2913
16.1311
15.9368
15.7128
15.4619
15.1843
14.8798
14.5479
14.1877
13.7973
13.3743
12.9151
12.4155
11.8702
11.2722
10.6141
9.88591
9.07893
8.17382
7.17903
6.0061
4.86082
3.03961
2.54106
16.5014
16.3562
16.1946
15.9956
15.7651
15.5073
15.2228
14.9116
14.5736
14.208
13.8128
13.3856
12.9229
12.4203
11.8724
11.2725
10.6129
9.88378
9.0761
8.17096
7.1752
6.00449
4.85308
3.04627
2.51222
16.5761
16.4316
16.2674
16.0622
15.8239
15.558
15.2654
14.9467
14.602
14.2304
13.8302
13.3986
12.9321
12.4263
11.8758
11.2738
10.6127
9.88249
9.07401
8.16872
7.17191
6.0031
4.84534
3.05208
2.4825
16.6629
16.5185
16.3501
16.137
15.8894
15.6139
15.3121
14.9849
14.6327
14.2548
13.8491
13.4129
12.9425
12.4335
11.8804
11.2763
10.6135
9.88216
9.07282
8.16731
7.1694
6.00226
4.83791
3.05742
2.45229
16.7632
16.6177
16.4433
16.2204
15.9616
15.6749
15.3626
15.026
14.6657
14.2808
13.8694
13.4284
12.9541
12.4419
11.8861
11.2798
10.6154
9.88287
9.07265
8.16689
7.16787
6.00227
4.83119
3.0628
2.4222
16.8784
16.7302
16.5474
16.3124
16.0404
15.741
15.4168
15.0698
14.7006
14.3084
13.891
13.4452
12.9669
12.4514
11.8929
11.2845
10.6184
9.88474
9.07364
8.1676
7.1675
6.00336
4.82555
3.06873
2.39278
17.0095
16.8573
16.6629
16.4132
16.1258
15.8118
15.4745
15.116
14.7373
14.3374
13.9138
13.463
12.9808
12.462
11.9009
11.2905
10.6228
9.88792
9.07593
8.16959
7.16843
6.00571
4.82129
3.07557
2.36439
17.1578
17.0006
16.7908
16.5228
16.2176
15.8872
15.5353
15.1645
14.7758
14.3678
13.9378
13.4819
12.9957
12.4739
11.9103
11.2978
10.6286
9.89251
9.07965
8.17299
7.17082
6.00946
4.8186
3.08353
2.33725
17.3251
17.1624
16.9321
16.6413
16.3156
15.967
15.5991
15.2151
14.8159
14.3995
13.9629
13.502
13.0118
12.4869
11.9209
11.3065
10.6357
9.89856
9.08484
8.17785
7.17472
6.01471
4.81761
3.09292
2.3113
17.5147
17.3452
17.088
16.7687
16.4196
16.0507
15.6655
15.2675
14.8572
14.4323
13.9891
13.523
13.0289
12.501
11.9327
11.3165
10.6443
9.906
9.09144
8.18413
7.18008
6.02146
4.81818
3.10424
2.28555
17.7438
17.5655
17.2702
16.9134
16.5361
16.1438
15.7387
15.325
14.9027
14.4686
14.0182
13.5467
13.0485
12.5174
11.9467
11.3286
10.655
9.91557
9.1001
8.19234
7.18723
6.02993
4.81984
3.11728
2.2566
18.0139
17.8212
17.4708
17.067
16.6579
16.2398
15.8134
15.3835
14.9491
14.5057
14.0483
13.5716
13.0694
12.5353
11.9624
11.3425
10.6675
9.92704
9.11073
8.20248
7.19663
6.03995
4.82555
3.12743
2.2391
18.2992
18.0841
17.6633
17.2086
16.7684
16.3254
15.879
15.4345
14.9893
14.5379
14.0746
13.5933
13.0878
12.5512
11.9763
11.355
10.6789
9.93742
9.12041
8.21174
7.20552
6.04928
4.83258
3.13576
2.22868
18.6028
18.352
17.8437
17.3363
16.8668
16.4
15.9353
15.4778
15.0234
14.5651
14.0967
13.6117
13.1034
12.5647
11.9884
11.366
10.6891
9.9471
9.12982
8.22121
7.21526
6.06008
4.84239
3.1473
2.22335
18.9278
18.6221
18.0094
17.4497
16.9532
16.4644
15.9832
15.5146
15.0524
14.5886
14.1162
13.6283
13.1181
12.5781
12.001
11.3781
10.701
9.95909
9.14216
8.23423
7.22917
6.07573
4.85782
3.16574
2.22506
19.2755
18.8903
18.1599
17.5513
17.0308
16.5218
16.0261
15.5481
15.0796
14.6113
14.1358
13.6459
13.1344
12.5936
12.0161
11.3931
10.7161
9.97439
9.15785
8.25054
7.2462
6.09426
4.87596
3.18706
2.23129
19.6434
19.1481
18.2929
17.6414
17.1003
16.5734
16.0652
15.5792
15.1053
14.6331
14.1548
13.6631
13.1503
12.6088
12.0307
11.4074
10.7302
9.98844
9.17195
8.26486
7.26075
6.10965
4.89067
3.20364
2.23656
20.0243
19.3847
18.4041
17.7168
17.1578
16.6154
16.0968
15.6043
15.1258
14.6504
14.1698
13.6765
13.1626
12.6203
12.0417
11.418
10.7406
9.99868
9.18213
8.27509
7.27107
6.12034
4.90093
3.21396
2.24029
20.4028
19.5898
18.4919
17.7762
17.202
16.6467
16.1199
15.6225
15.1406
14.6628
14.1806
13.6861
13.1714
12.6285
12.0496
11.4257
10.7481
10.0062
9.18967
8.28271
7.27883
6.1283
4.90898
3.22078
2.24482
20.7564
19.7548
18.5573
17.8211
17.2347
16.6695
16.1368
15.6358
15.1516
14.6721
14.1888
13.6934
13.1782
12.635
12.0559
11.4319
10.7543
10.0124
9.19602
8.28921
7.28558
6.13522
4.91646
3.22663
2.25142
21.0678
19.8803
18.6042
17.854
17.259
16.687
16.1501
15.6466
15.1606
14.6799
14.1957
13.6998
13.1843
12.6409
12.0617
11.4377
10.7602
10.0184
9.20221
8.29566
7.2924
6.14233
4.92442
3.23346
2.26091
21.3285
19.9834
18.6436
17.8792
17.2772
16.7004
16.1606
15.6553
15.1681
14.6866
14.2018
13.7056
13.1899
12.6465
12.0674
11.4435
10.7663
10.0248
9.20896
8.30283
7.3001
6.15057
4.93374
3.24279
2.275
21.4902
20.0665
18.6868
17.9068
17.2964
16.7148
16.1721
15.6648
15.1763
14.6939
14.2086
13.7121
13.1963
12.6529
12.0738
11.4501
10.7731
10.0319
9.21637
8.31064
7.30843
6.15942
4.94374
3.25287
2.29148
)
;

boundaryField
{
    inlet
    {
        type            zeroGradient;
    }
    outlet
    {
        type            fixedValue;
        value           uniform 0;
    }
    upperWall
    {
        type            zeroGradient;
    }
    lowerWall
    {
        type            zeroGradient;
    }
    frontAndBack
    {
        type            empty;
    }
}


// ************************************************************************* //
