/*--------------------------------*- C++ -*----------------------------------*\
| =========                 |                                                 |
| \\      /  F ield         | OpenFOAM: The Open Source CFD Toolbox           |
|  \\    /   O peration     | Version:  1.4.2                                 |
|   \\  /    A nd           | Web:      http://www.openfoam.org               |
|    \\/     M anipulation  |                                                 |
\*---------------------------------------------------------------------------*/
FoamFile
{
    version     2.0;
    format      ascii;
    class       volScalarField;
    object      epsilon;
    location    "600";
}
// * * * * * * * * * * * * * * * * * * * * * * * * * * * * * * * * * * * * * //

dimensions      [0 2 -3 0 0 0 0];

internalField   nonuniform List<scalar> 
12225
(
443.026
353.451
290.585
245.345
212.188
187.593
169.244
155.571
145.484
138.208
133.181
129.983
128.298
127.878
128.526
130.08
132.406
135.667
60.1657
73.6156
79.5682
83.6956
87.715
92.3552
97.9703
104.742
112.769
122.103
132.764
144.743
158.006
172.488
188.093
204.683
222.016
240.153
26.2959
33.71
37.845
40.6833
42.93
44.953
46.9646
49.0927
51.4171
53.9887
56.8393
59.9871
63.4384
67.1871
71.2128
75.472
79.8751
84.2587
18.7356
22.7236
25.4806
27.3757
28.8177
30.0125
31.0724
32.0708
33.0571
34.064
35.1131
36.2179
37.3858
38.6185
39.9123
41.2565
42.6313
43.9925
16.1687
18.1635
19.9328
21.2921
22.3447
23.1851
23.8876
24.5052
25.0722
25.6101
26.1341
26.6544
27.1776
27.7076
28.2456
28.7905
29.3381
29.87
15.2354
16.0865
17.0485
17.937
18.6894
19.3118
19.831
20.2729
20.6589
21.0057
21.3256
21.6273
21.9168
22.198
22.4735
22.7443
23.0095
23.2589
14.8942
15.1701
15.5865
16.0523
16.5064
16.922
17.2899
17.6104
17.8895
18.1351
18.3544
18.5533
18.7368
18.9083
19.0706
19.2251
19.3718
19.5047
14.7876
14.838
14.9916
15.2092
15.4538
15.7011
15.9371
16.1546
16.3514
16.5281
16.6866
16.8295
16.9594
17.0786
17.1891
17.2923
17.3887
17.4748
14.7441
14.6884
14.7003
14.7662
14.8676
14.9883
15.1165
15.2442
15.3665
15.4809
15.5865
15.6832
15.7718
15.8529
15.9276
15.9967
16.0609
16.1184
14.7239
14.6134
14.5425
14.5091
14.5063
14.5262
14.5614
14.6059
14.6552
14.7059
14.756
14.8042
14.8497
14.8923
14.932
14.9688
15.0031
15.0338
14.7149
14.579
14.4658
14.3758
14.3077
14.2585
14.2249
14.2034
14.191
14.1853
14.1841
14.186
14.1897
14.1945
14.1998
14.2053
14.2107
14.2154
14.7109
14.5642
14.4319
14.3142
14.2111
14.1217
14.0449
13.979
13.9227
13.8743
13.8326
13.7963
13.7644
13.7362
13.711
13.6881
13.6673
13.6482
14.7089
14.5577
14.4176
14.2881
14.1691
14.06
13.9604
13.8697
13.7871
13.7119
13.6434
13.5807
13.5233
13.4704
13.4217
13.3765
13.3347
13.2962
14.7076
14.5544
14.4112
14.2771
14.1517
14.0344
13.9249
13.8226
13.7271
13.638
13.5548
13.4771
13.4044
13.3364
13.2727
13.2128
13.1567
13.1049
14.7067
14.5523
14.4076
14.2717
14.1438
14.0235
13.91
13.8031
13.7023
13.6072
13.5175
13.4328
13.3527
13.277
13.2055
13.1377
13.0738
13.0143
14.706
14.5507
14.4052
14.2683
14.1394
14.0178
13.9029
13.7942
13.6914
13.594
13.5017
13.4141
13.331
13.2521
13.1772
13.1059
13.0384
12.9754
14.7055
14.5497
14.4036
14.2662
14.1367
14.0144
13.8988
13.7894
13.6857
13.5873
13.494
13.4053
13.3211
13.2409
13.1646
13.0921
13.0232
12.9589
14.7053
14.5494
14.403
14.2654
14.1356
14.013
13.8971
13.7873
13.6833
13.5846
13.491
13.402
13.3174
13.237
13.1604
13.0876
13.0185
12.954
14.7055
14.5497
14.4035
14.2659
14.1363
14.0139
13.8982
13.7887
13.6851
13.5869
13.4939
13.4056
13.3218
13.2423
13.1668
13.0952
13.0273
12.9641
14.7059
14.5507
14.4051
14.2683
14.1397
14.0186
13.9046
13.7972
13.6961
13.6008
13.5109
13.4262
13.3463
13.2708
13.1996
13.1322
13.0688
13.0101
14.7068
14.5528
14.4093
14.2755
14.151
14.0354
13.928
13.8285
13.7362
13.6506
13.5711
13.4971
13.4282
13.3639
13.3037
13.2474
13.1948
13.1465
14.7086
14.5589
14.4227
14.3001
14.1905
14.0932
14.0069
13.9304
13.8624
13.8017
13.7471
13.6977
13.6527
13.6114
13.5733
13.5378
13.5047
13.4745
14.7142
14.5802
14.4708
14.3853
14.3209
14.274
14.2406
14.2172
14.2011
14.1897
14.1815
14.1749
14.1692
14.1637
14.1579
14.1517
14.145
14.1382
14.7358
14.6588
14.6349
14.6533
14.7004
14.7639
14.8348
14.9066
14.9752
15.0381
15.0941
15.1429
15.1845
15.2193
15.2479
15.2712
15.2897
15.3045
14.8205
14.9298
15.138
15.3946
15.66
15.9121
16.1397
16.3381
16.507
16.649
16.7673
16.8656
16.947
17.0144
17.07
17.116
17.1542
17.186
15.1412
15.7854
16.5169
17.2066
17.7959
18.2811
18.6741
18.9896
19.2424
19.4453
19.6093
19.7428
19.8528
19.9445
20.0221
20.0886
20.1466
20.1979
16.3188
18.2994
19.962
21.2349
22.1812
22.8821
23.4045
23.7999
24.1052
24.3458
24.5397
24.7002
24.8369
24.9572
25.0663
25.1683
25.266
25.361
20.7544
25.6374
28.6921
30.5982
31.8393
32.6631
33.2221
33.6184
33.9173
34.1609
34.3768
34.5826
34.79
35.0061
35.2354
35.4802
35.7411
36.0172
43.961
54.4815
58.7073
60.4206
60.976
60.9911
60.8469
60.7567
60.7876
60.9686
61.309
61.8071
62.4556
63.2442
64.1614
65.1947
66.3294
67.558
332.626
280.253
240.732
210.192
186.153
166.941
151.387
138.653
128.13
119.363
112.007
105.801
100.538
96.0568
92.2292
88.9517
86.141
83.7277
0.108279
0.150018
0.216088
0.287459
0.360103
0.434712
0.5165
0.614149
0.726292
0.852571
0.994477
1.15559
1.34338
1.55188
1.78174
2.03598
2.31629
2.62381
2.95943
3.32391
3.71793
4.14212
4.59707
5.08337
5.60158
6.15231
6.73617
7.35386
8.00616
8.694
9.4185
10.1811
10.9837
11.829
12.7204
13.6633
14.6654
15.738
16.8989
18.1751
19.6089
21.266
23.2495
25.7218
28.9441
33.3462
35.6133
37.8067
40.0851
42.4651
44.9526
47.5524
50.2694
53.1088
56.0758
59.1756
62.4136
65.7954
69.3263
73.0118
76.8574
80.8684
85.0501
89.4075
93.9452
98.668
103.58
108.685
113.985
119.485
125.186
131.089
137.196
143.506
150.018
156.732
163.645
170.752
178.05
185.534
193.197
201.032
209.032
217.186
225.487
233.923
242.486
251.164
259.947
268.824
277.785
286.822
295.926
305.088
314.303
323.565
332.871
342.218
351.605
361.032
370.502
380.017
389.581
399.2
408.878
418.622
428.439
438.333
448.312
458.381
468.545
478.808
489.172
499.638
510.205
520.87
531.628
542.467
553.377
564.339
575.333
586.332
597.303
608.21
619.009
629.652
640.085
650.253
660.094
669.55
678.564
687.083
695.064
702.48
709.329
715.653
721.029
725.234
728.184
729.801
730.011
728.745
725.946
721.568
715.578
707.964
698.733
687.92
675.584
661.814
646.734
630.502
613.3
595.336
576.838
558.061
539.31
520.959
503.432
487.127
472.554
460.46
451.359
443.9
451.827
467.584
485.706
504.412
522.125
537.256
548.359
554.347
554.656
549.263
538.594
523.306
504.049
480.938
453.543
419.5
0.371913
0.297689
0.307287
0.341092
0.391768
0.457671
0.538992
0.635811
0.749156
0.877172
1.02088
1.18134
1.35942
1.55507
1.7685
2.00008
2.25013
2.51892
2.80664
3.11352
3.43979
3.78573
4.15166
4.53797
4.94514
5.37371
5.82433
6.29779
6.79501
7.31709
7.86539
8.44155
9.04758
9.68598
10.3599
11.0731
11.8307
12.6387
13.505
14.4392
15.4531
16.5599
17.7718
19.094
20.5117
21.9623
23.2779
24.5855
25.931
27.3284
28.7829
30.2974
31.8747
33.5171
35.227
37.007
38.8594
40.7867
42.7914
44.8758
47.0423
49.293
51.6301
54.0555
56.5713
59.1789
61.8799
64.6755
67.5667
70.5544
73.6388
76.8202
80.0983
83.4725
86.942
90.5053
94.1607
97.9061
101.739
105.656
109.654
113.73
117.879
122.098
126.381
130.725
135.123
139.573
144.067
148.603
153.175
157.779
162.411
167.067
171.744
176.44
181.151
185.875
190.611
195.358
200.113
204.876
209.646
214.421
219.2
223.981
228.764
233.545
238.321
243.09
247.848
252.591
257.314
262.012
266.678
271.305
275.887
280.416
284.881
289.273
293.58
297.791
301.893
305.871
309.712
313.402
316.925
320.268
323.419
326.368
329.106
331.63
333.941
336.046
337.965
339.729
341.29
342.446
343.166
343.428
343.213
342.504
341.285
339.545
337.276
334.476
331.149
327.306
322.968
318.164
312.933
307.324
301.393
295.209
288.854
282.426
276.034
269.804
263.863
258.354
253.494
249.47
246.443
244.148
244.895
247.982
252.098
256.558
260.749
264.081
266.031
266.204
264.376
260.511
254.746
247.351
238.689
229.196
219.572
213.358
0.712179
0.492559
0.475527
0.509177
0.569816
0.649858
0.745339
0.856274
0.982983
1.12566
1.28461
1.46015
1.65251
1.86185
2.08826
2.33187
2.59281
2.87123
3.16734
3.48136
3.81358
4.16434
4.53404
4.92315
5.33222
5.76189
6.21288
6.68604
7.18234
7.70292
8.24909
8.82234
9.42442
10.0574
10.7234
11.4252
12.1654
12.9473
13.7739
14.6483
15.5733
16.5505
17.5798
18.6568
19.7718
20.9092
22.0553
23.2269
24.4369
25.6921
26.9963
28.352
29.7614
31.2266
32.7495
34.3321
35.9764
37.6844
39.458
41.2992
43.2098
45.1917
47.2466
49.3761
51.5818
53.8651
56.2273
58.6694
61.1924
63.7971
66.484
69.2535
72.1057
75.0403
78.0571
81.1553
84.334
87.592
90.9278
94.3397
97.8256
101.383
105.01
108.704
112.461
116.279
120.154
124.083
128.063
132.09
136.16
140.271
144.418
148.599
152.81
157.047
161.308
165.589
169.887
174.198
178.519
182.847
187.176
191.503
195.824
200.132
204.423
208.69
212.928
217.129
221.286
225.392
229.44
233.421
237.328
241.152
244.885
248.52
252.047
255.459
258.747
261.905
264.924
267.798
270.519
273.084
275.486
277.723
279.793
281.696
283.432
285.003
286.415
287.675
288.787
289.75
290.465
290.88
290.979
290.75
290.181
289.262
287.98
286.326
284.292
281.869
279.051
275.84
272.242
268.269
263.939
259.279
254.315
249.082
243.632
238.026
232.339
226.659
221.031
215.512
210.182
205.215
201.247
198.708
197.806
198.139
199.214
200.638
201.999
202.902
203.007
202.054
199.888
196.471
191.88
186.292
179.972
173.278
166.751
161.879
1.15572
0.744891
0.694663
0.72554
0.791903
0.879904
0.985998
1.109
1.24858
1.40471
1.57747
1.76697
1.97334
2.19667
2.43708
2.69471
2.96971
3.26229
3.5727
3.90126
4.24833
4.6143
4.99966
5.40493
5.83071
6.27765
6.7465
7.23809
7.75336
8.29333
8.85916
9.4521
10.0736
10.725
11.4081
12.1244
12.8756
13.6632
14.4887
15.3529
16.2564
17.1991
18.1802
19.1979
20.2498
21.3333
22.4486
23.6002
24.7929
26.0304
27.3154
28.6501
30.0365
31.4764
32.9719
34.5249
36.1372
37.8107
39.5475
41.3494
43.2183
45.156
47.1645
49.2453
51.4002
53.6308
55.9386
58.3251
60.7914
63.3388
65.9683
68.6808
71.4769
74.3573
77.3223
80.3719
83.5063
86.7251
90.0278
93.4139
96.8823
100.432
104.062
107.769
111.554
115.413
119.344
123.345
127.413
131.546
135.74
139.991
144.298
148.655
153.06
157.507
161.993
166.514
171.063
175.636
180.228
184.832
189.441
194.049
198.648
203.229
207.784
212.304
216.778
221.197
225.55
229.827
234.018
238.111
242.097
245.966
249.707
253.312
256.773
260.08
263.228
266.209
269.018
271.651
274.103
276.374
278.462
280.368
282.093
283.64
285.012
286.213
287.247
288.118
288.831
289.335
289.573
289.522
289.172
288.512
287.532
286.22
284.564
282.549
280.164
277.392
274.219
270.632
266.628
262.208
257.383
252.175
246.6
240.659
234.39
227.841
221.076
214.203
207.238
200.199
193.124
186.635
181.52
177.762
175.288
173.873
173.278
173.238
173.391
173.391
172.942
171.817
169.852
166.985
163.247
158.759
153.72
148.408
143.196
138.736
1.69363
1.03983
0.941625
0.959063
1.02306
1.11534
1.2292
1.36183
1.51201
1.67924
1.86337
2.06439
2.28238
2.51748
2.76988
3.03978
3.32744
3.63316
3.95729
4.30022
4.66237
5.04421
5.44627
5.8691
6.31331
6.77957
7.2686
7.78118
8.31816
8.88046
9.46906
10.085
10.7294
11.4034
12.1082
12.8449
13.6145
14.4181
15.2565
16.1302
17.0396
17.9849
18.9661
19.9832
21.0363
22.126
23.254
24.4225
25.6344
26.8921
28.1978
29.5536
30.9613
32.423
33.9405
35.5159
37.1511
38.8483
40.6093
42.4363
44.3314
46.2966
48.3339
50.4454
52.633
54.8988
57.2446
59.6722
62.1836
64.7804
67.4641
70.2365
73.0988
76.0524
79.0984
82.238
85.4719
88.8009
92.2254
95.7459
99.3624
103.075
106.883
110.786
114.784
118.875
123.057
127.33
131.69
136.137
140.666
145.276
149.961
154.72
159.547
164.438
169.387
174.389
179.439
184.528
189.65
194.798
199.962
205.133
210.301
215.455
220.583
225.674
230.713
235.687
240.582
245.385
250.083
254.661
259.106
263.404
267.545
271.515
275.307
278.909
282.315
285.518
288.511
291.29
293.85
296.191
298.311
300.213
301.897
303.368
304.628
305.68
306.525
307.168
307.607
307.767
307.62
307.154
306.359
305.225
303.74
301.889
299.658
297.029
293.987
290.515
286.585
282.168
277.25
271.827
265.903
259.511
252.683
245.365
237.578
229.362
220.767
211.849
202.628
193.211
184.194
176.314
169.747
164.48
160.475
157.635
155.816
154.797
154.267
153.882
153.344
152.424
150.915
148.711
145.788
142.219
138.15
133.796
129.422
125.341
2.2765
1.35298
1.19124
1.18752
1.2463
1.34055
1.45999
1.60008
1.75865
1.93472
2.12785
2.33794
2.56506
2.80942
3.07128
3.35096
3.64885
3.96534
4.30089
4.65596
5.03106
5.4267
5.84344
6.28186
6.74257
7.22623
7.73353
8.2652
8.82203
9.40484
10.0145
10.6519
11.318
12.0136
12.7399
13.4976
14.2876
15.1108
15.968
16.8597
17.7866
18.7493
19.7484
20.7847
21.8593
22.9734
24.1288
25.3273
26.571
27.862
29.2023
30.5939
32.0388
33.5389
35.0964
36.7132
38.3916
40.1338
41.9419
43.8183
45.7652
47.7849
49.8799
52.0524
54.3049
56.6396
59.0591
61.5655
64.1613
66.8488
69.6301
72.5076
75.4833
78.5593
81.7376
85.0201
88.4084
91.9042
95.5089
99.2238
103.05
106.988
111.04
115.204
119.481
123.871
128.374
132.988
137.712
142.544
147.482
152.522
157.663
162.899
168.227
173.642
179.138
184.709
190.348
196.048
201.801
207.598
213.429
219.284
225.151
231.018
236.869
242.691
248.466
254.179
259.81
265.344
270.762
276.048
281.185
286.156
290.942
295.53
299.907
304.062
307.984
311.665
315.098
318.278
321.194
323.842
326.22
328.329
330.169
331.742
333.048
334.091
334.869
335.381
335.615
335.49
334.996
334.125
332.867
331.212
329.145
326.649
323.704
320.292
316.395
312.002
307.091
301.593
295.484
288.753
281.383
273.377
264.741
255.478
245.602
235.159
224.185
212.78
200.94
189.51
178.952
169.526
161.331
154.428
148.865
144.653
141.736
139.952
139.02
138.579
138.259
137.743
136.839
135.39
133.311
130.616
127.407
123.853
120.152
116.493
2.84911
1.64622
1.42237
1.39834
1.45114
1.54588
1.6691
1.81465
1.97953
2.16226
2.36218
2.57906
2.81298
3.06418
3.33303
3.61995
3.92543
4.24999
4.59417
4.95852
5.34361
5.75
6.17829
6.62907
7.10297
7.60064
8.12274
8.66999
9.24313
9.84292
10.4702
11.1257
11.8103
12.5248
13.2702
14.0473
14.8569
15.6998
16.5769
17.489
18.4369
19.4216
20.4441
21.5055
22.607
23.7502
24.9368
26.1686
27.4474
28.7752
30.1539
31.5856
33.0723
34.6161
36.2192
37.8839
39.6124
41.407
43.2704
45.2048
47.2129
49.2974
51.4608
53.7059
56.0354
58.4521
60.9589
63.5585
66.2538
69.0476
71.9428
74.9423
78.0487
81.265
84.5936
88.0374
91.5987
95.2799
99.0834
103.011
107.065
111.247
115.558
119.999
124.572
129.276
134.112
139.08
144.178
149.406
154.761
160.241
165.843
171.564
177.399
183.344
189.392
195.539
201.778
208.1
214.497
220.962
227.484
234.053
240.657
247.282
253.914
260.536
267.13
273.674
280.148
286.529
292.797
298.932
304.916
310.723
316.328
321.712
326.858
331.749
336.373
340.718
344.777
348.55
352.014
355.155
357.967
360.447
362.594
364.408
365.887
367.029
367.834
368.296
368.37
367.996
367.173
365.894
364.15
361.929
359.216
355.99
352.228
347.903
342.989
337.455
331.256
324.337
316.672
308.246
299.043
289.051
278.265
266.753
254.48
241.569
227.98
214.146
200.561
187.64
175.625
164.658
154.851
146.323
139.2
133.59
129.537
126.967
125.656
125.242
125.291
125.384
125.206
124.59
123.399
121.585
119.207
116.396
113.311
110.096
3.35253
1.90287
1.62658
1.58452
1.63112
1.72512
1.85037
1.99943
2.16856
2.35585
2.56042
2.78194
3.02047
3.27628
3.54979
3.84152
4.15204
4.48197
4.83192
5.20252
5.59439
6.00815
6.44443
6.90386
7.38708
7.89475
8.42755
8.98617
9.57134
10.1838
10.8244
11.4938
12.1929
12.9225
13.6835
14.4768
15.3031
16.1635
17.0589
17.9902
18.9584
19.9647
21.0103
22.0964
23.2245
24.3962
25.6131
26.877
28.1898
29.5535
30.97
32.4414
33.9698
35.5575
37.2068
38.9201
40.6999
42.5486
44.4691
46.4639
48.536
50.6882
52.9235
55.2449
57.6555
60.1585
62.7572
65.4548
68.2545
71.1599
74.1741
77.3007
80.5428
83.904
87.3875
90.9965
94.7342
98.6035
102.607
106.749
111.03
115.453
120.021
124.734
129.595
134.604
139.763
145.07
150.527
156.131
161.883
167.779
173.817
179.993
186.305
192.747
199.315
206.002
212.802
219.709
226.714
233.81
240.988
248.24
255.554
262.919
270.322
277.745
285.17
292.572
299.929
307.211
314.391
321.446
328.365
335.119
341.663
347.969
354.013
359.775
365.236
370.377
375.181
379.636
383.722
387.428
390.744
393.665
396.187
398.306
400.017
401.315
402.196
402.648
402.568
401.948
400.78
399.059
396.776
393.916
390.461
386.385
381.659
376.245
370.113
363.223
355.525
346.963
337.502
327.121
315.842
303.642
290.465
276.553
261.707
246.323
230.774
215.416
200.541
186.384
173.096
160.789
149.58
139.608
131.038
124.05
118.792
115.314
113.495
113.021
113.425
114.189
114.861
115.143
114.886
113.982
112.442
110.366
107.891
105.142
3.78885
2.12309
1.80117
1.74263
1.78263
1.87455
2.00007
2.15065
2.32194
2.5117
2.71883
2.9429
3.18395
3.44224
3.71823
4.01249
4.32564
4.65834
5.01127
5.38512
5.78055
6.19825
6.63887
7.10308
7.59158
8.10503
8.64415
9.20965
9.80227
10.4228
11.072
11.7506
12.4596
13.1998
13.9721
14.7774
15.6166
16.4907
17.4009
18.3481
19.3335
20.3585
21.4242
22.5321
23.6837
24.8808
26.1249
27.418
28.7619
30.1586
31.6103
33.119
34.6871
36.3169
38.0109
39.7717
41.6018
43.5042
45.4815
47.5369
49.6733
51.894
54.2022
56.6013
59.0946
61.6858
64.3784
67.176
70.0825
73.1015
76.2368
79.4923
82.8719
86.3793
90.0183
93.7927
97.706
101.762
105.964
110.315
114.818
119.475
124.291
129.265
134.401
139.699
145.162
150.788
156.579
162.533
168.65
174.927
181.363
187.955
194.698
201.589
208.623
215.794
223.096
230.524
238.071
245.73
253.495
261.358
269.313
277.351
285.462
293.635
301.851
310.082
318.31
326.498
334.598
342.578
350.41
358.061
365.493
372.676
379.582
386.181
392.45
398.363
403.897
409.033
413.75
418.033
421.871
425.254
428.175
430.627
432.6
434.088
435.079
435.54
435.344
434.499
432.998
430.835
427.998
424.469
420.224
415.235
409.463
402.862
395.388
386.994
377.645
367.287
355.862
343.308
329.779
315.248
299.467
283.162
266.293
249.269
232.355
215.839
199.916
184.747
170.45
157.12
144.855
133.773
124.03
115.826
109.384
104.884
102.363
101.627
102.241
103.616
105.16
106.416
107.13
107.169
106.493
105.17
103.321
101.071
4.14875
2.30413
1.94399
1.87074
1.90381
1.99237
2.11641
2.26653
2.43791
2.62804
2.83565
3.06024
3.30177
3.5605
3.83688
4.13148
4.44494
4.77794
5.13118
5.50539
5.90127
6.31955
6.76093
7.22614
7.7159
8.23093
8.77199
9.33984
9.93527
10.5591
11.2121
11.8952
12.6092
13.3551
14.1339
14.9465
15.794
16.6774
17.598
18.5568
19.5553
20.5947
21.6765
22.8022
23.9735
25.192
26.4596
27.7781
29.1497
30.5763
32.0602
33.6037
35.2092
36.8793
38.6164
40.4235
42.3034
44.259
46.2934
48.4099
50.6118
52.9025
55.2856
57.7647
60.3435
63.0259
65.8158
68.7172
71.7342
74.8709
78.1314
81.5201
85.041
88.6983
92.4963
96.4389
100.53
104.774
109.174
113.734
118.457
123.346
128.404
133.632
139.034
144.609
150.361
156.288
162.392
168.672
175.126
181.754
188.552
195.518
202.648
209.938
217.383
224.979
232.72
240.599
248.611
256.752
265.015
273.397
281.896
290.507
299.23
308.061
316.991
325.978
334.968
343.92
352.793
361.552
370.163
378.589
386.795
394.747
402.41
409.751
416.741
423.348
429.545
435.307
440.609
445.434
449.765
453.59
456.898
459.68
461.923
463.618
464.748
465.239
464.966
463.934
462.133
459.551
456.172
451.973
446.925
440.992
434.129
426.28
417.38
407.352
396.221
383.942
370.435
355.491
339.61
322.803
305.107
286.995
268.628
250.326
232.319
214.83
198.03
182.058
167.017
152.987
140.037
128.243
117.715
108.616
101.176
95.6606
92.2771
91.0286
91.6077
93.4252
95.7715
98.0162
99.7405
100.756
100.978
100.44
99.2489
97.5322
4.42548
2.44393
2.0538
1.96803
1.99412
2.07824
2.19919
2.34697
2.51647
2.70495
2.91104
3.13416
3.37421
3.6314
3.90615
4.19899
4.51054
4.84147
5.19249
5.56433
5.95772
6.37343
6.8122
7.27481
7.76203
8.27466
8.81349
9.37936
9.97311
10.5956
11.2478
11.9305
12.6448
13.3917
14.1722
14.9874
15.8385
16.7266
17.6531
18.6192
19.6264
20.6762
21.77
22.9096
24.0967
25.3331
26.6209
27.9619
29.3584
30.8126
32.3268
33.9037
35.5456
37.2554
39.0359
40.89
42.8209
44.8317
46.9259
49.1069
51.3783
53.7437
56.2071
58.7724
61.4435
64.2246
67.1199
70.1338
73.2706
76.5347
79.9307
83.4628
87.1357
90.9538
94.9214
99.0429
103.322
107.764
112.372
117.149
122.1
127.226
132.531
138.017
143.685
149.537
155.574
161.796
168.203
174.795
181.57
188.527
195.661
202.972
210.453
218.102
225.913
233.881
242.001
250.266
258.672
267.212
275.885
284.688
293.623
302.693
311.905
321.273
330.772
340.334
349.906
359.446
368.916
378.277
387.495
396.531
405.349
413.912
422.182
430.123
437.7
444.878
451.626
457.913
463.712
469.001
473.76
477.973
481.627
484.708
487.203
489.103
490.386
490.92
490.599
489.414
487.344
484.367
480.459
475.592
469.726
462.819
454.818
445.66
435.256
423.433
410.4
396.105
380.519
363.649
345.831
327.204
307.963
288.423
268.824
249.429
230.465
212.136
194.61
178.019
162.46
147.996
134.672
122.524
111.604
102.005
93.8989
87.5506
83.2776
81.304
81.5545
83.5537
86.5404
89.718
92.4781
94.4923
95.6459
95.9301
95.4349
94.2905
4.61669
2.54195
2.13047
2.03471
2.05412
2.13302
2.24952
2.39333
2.55914
2.74413
2.94684
3.16664
3.40337
3.65716
3.92837
4.21747
4.52504
4.85171
5.19817
5.56514
5.95337
6.36366
6.79678
7.25357
7.73486
8.2415
8.77437
9.33438
9.92246
10.5396
11.1867
11.8649
12.5752
13.3188
14.0968
14.9105
15.7611
16.6499
17.5785
18.5482
19.5606
20.6174
21.7203
22.871
24.0715
25.3239
26.6301
27.9925
29.4133
30.895
32.4403
34.0517
35.732
37.4844
39.3118
41.2175
43.2049
45.2774
47.4388
49.6927
52.0431
54.4941
57.0497
59.7141
62.4916
65.3866
68.4037
71.5474
74.8223
78.2331
81.7844
85.481
89.3275
93.3283
97.4882
101.811
106.302
110.964
115.802
120.819
126.019
131.403
136.976
142.736
148.687
154.829
161.163
167.688
174.404
181.311
188.405
195.684
203.145
210.784
218.597
226.578
234.722
243.023
251.477
260.077
268.814
277.684
286.685
295.818
305.085
314.495
324.062
333.812
343.701
353.657
363.628
373.571
383.448
393.222
402.855
412.311
421.551
430.539
439.234
447.599
455.596
463.188
470.338
477.015
483.188
488.831
493.92
498.436
502.364
505.685
508.383
510.458
511.865
512.425
512.052
510.715
508.376
504.99
500.528
494.957
488.226
480.28
471.065
460.522
448.581
435.184
420.431
404.346
386.995
368.496
349.085
328.971
308.396
287.632
266.94
246.577
226.774
207.737
189.634
172.594
156.705
142.019
128.56
116.331
105.335
95.5971
87.2023
80.3393
75.3266
72.5443
72.1992
74.0639
77.4427
81.4198
85.1836
88.2207
90.3296
91.4716
91.711
91.1781
4.72347
2.59906
2.17489
2.07193
2.08529
2.15857
2.26965
2.40819
2.56884
2.74877
2.94653
3.16141
3.39319
3.64195
3.90795
4.19158
4.49335
4.81385
5.15373
5.5137
5.89453
6.29701
6.72198
7.1703
7.64288
8.14064
8.66456
9.21561
9.79485
10.4033
11.0422
11.7126
12.4158
13.153
13.9255
14.7348
15.5823
16.4694
17.3979
18.3693
19.3854
20.4481
21.5593
22.721
23.9353
25.2045
26.5309
27.917
29.3654
30.8788
32.4601
34.1123
35.8384
37.6418
39.5258
41.4941
43.5504
45.6985
47.9425
50.2864
52.7346
55.2914
57.9613
60.7488
63.6584
66.6947
69.8624
73.1665
76.6117
80.203
83.9449
87.8424
91.9
96.1224
100.514
105.079
109.821
114.745
119.853
125.15
130.638
136.321
142.199
148.273
154.541
161.005
167.665
174.52
181.569
188.808
196.237
203.85
211.643
219.611
227.75
236.051
244.51
253.119
261.874
270.772
279.795
288.936
298.197
307.578
317.085
326.726
336.52
346.495
356.61
366.791
376.986
387.151
397.248
407.24
417.092
426.768
436.231
445.442
454.364
462.958
471.185
479.007
486.387
493.29
499.683
505.537
510.826
515.528
519.622
523.085
525.902
528.074
529.517
530.024
529.53
527.979
525.316
521.489
516.456
510.169
502.572
493.609
483.228
471.387
458.056
443.233
426.976
409.359
390.501
370.563
349.761
328.335
306.55
284.682
263.009
241.796
221.286
201.686
183.164
165.843
149.803
135.08
121.678
109.576
98.738
89.1373
80.7795
73.7513
68.2819
64.7812
63.6838
65.1011
68.5582
73.1208
77.7916
81.843
84.9207
86.9475
87.9566
88.0722
4.74942
2.61719
2.18878
2.08159
2.08995
2.15765
2.26281
2.39523
2.5497
2.72347
2.91511
3.12389
3.34954
3.59203
3.85154
4.12839
4.42301
4.73593
5.06776
5.41921
5.79103
6.18406
6.59916
7.03726
7.49934
7.98642
8.49954
9.03984
9.60846
10.2066
10.8356
11.4968
12.1915
12.9212
13.6875
14.4919
15.3361
16.2219
17.151
18.1255
19.1473
20.2186
21.3415
22.5184
23.7517
25.044
26.398
27.8164
29.3022
30.8586
32.4887
34.196
35.984
37.8563
39.8169
41.8697
44.0189
46.2687
48.6238
51.0886
53.6678
56.3664
59.1892
62.1413
65.2269
68.4508
71.8181
75.3338
79.0028
82.8301
86.8205
90.9785
95.3086
99.8152
104.502
109.373
114.432
119.682
125.126
130.767
136.607
142.65
148.899
155.344
161.986
168.826
175.861
183.091
190.513
198.122
205.916
213.888
222.032
230.344
238.814
247.436
256.201
265.101
274.128
283.275
292.53
301.887
311.343
320.899
330.559
340.332
350.235
360.295
370.487
380.737
390.991
401.204
411.341
421.366
431.245
440.944
450.428
459.662
468.608
477.23
485.489
493.348
500.77
507.719
514.161
520.064
525.401
530.144
534.269
537.747
540.569
542.722
544.064
544.421
543.713
541.867
538.817
534.503
528.87
521.859
513.413
503.476
492.003
478.97
464.372
448.232
430.609
411.604
391.365
370.082
347.985
325.338
302.43
279.558
257.018
235.09
214.022
194.024
175.259
157.84
141.832
127.252
114.084
102.281
91.7822
82.5197
74.4417
67.5458
61.9362
57.9492
56.1096
56.8481
60.0475
64.9093
70.3168
75.3176
79.363
82.2833
84.0867
84.8816
4.70063
2.5992
2.17463
2.06636
2.07119
2.13391
2.23323
2.35931
2.50722
2.67437
2.85938
3.06154
3.28049
3.51615
3.7686
4.03806
4.32491
4.62963
4.9528
5.29513
5.65739
6.04045
6.44523
6.87275
7.32408
7.80035
8.30274
8.83248
9.39092
9.97947
10.5996
11.2529
11.941
12.6656
13.4284
14.2315
15.0767
15.9661
16.9019
17.8864
18.9219
20.0109
21.1561
22.3602
23.626
24.9567
26.3552
27.8251
29.3696
30.9924
32.6974
34.4883
36.3695
38.345
40.4193
42.597
44.8828
47.2816
49.7984
52.4383
55.2066
58.1086
61.1501
64.3374
67.6734
71.1623
74.8099
78.6213
82.6015
86.7551
91.0867
95.6004
100.3
105.189
110.271
115.549
121.024
126.7
132.577
138.657
144.94
151.428
158.119
165.009
172.095
179.376
186.847
194.507
202.349
210.369
218.561
226.918
235.433
244.097
252.901
261.837
270.894
280.062
289.33
298.69
308.13
317.645
327.229
336.882
346.608
356.414
366.317
376.341
386.473
396.641
406.793
416.887
426.887
436.762
446.48
456.009
465.318
474.373
483.142
491.59
499.681
507.38
514.651
521.458
527.767
533.546
538.764
543.391
547.393
550.743
553.433
555.415
556.51
556.581
555.534
553.285
549.757
544.881
538.591
530.819
521.504
510.594
498.05
483.854
468.018
450.582
431.62
411.256
389.664
367.062
343.709
319.9
295.951
272.183
248.911
226.426
204.979
184.777
165.97
148.655
132.875
118.624
105.863
94.5207
84.5114
75.741
68.1076
61.5482
56.0805
51.8964
49.4829
49.4621
52.1138
56.9451
62.8461
68.6659
73.6351
77.4383
80.0456
81.5404
4.58592
2.54883
2.13565
2.02969
2.03303
2.0921
2.18644
2.30681
2.44866
2.60966
2.78853
2.98452
3.19724
3.4265
3.67234
3.93493
4.21457
4.51172
4.82699
5.1611
5.51488
5.88927
6.2853
6.7041
7.1469
7.61502
8.10981
8.63255
9.18488
9.76848
10.3851
11.0367
11.7252
12.4527
13.2214
14.0335
14.8914
15.7977
16.7551
17.7662
18.8341
19.9617
21.1523
22.4093
23.7362
25.1366
26.6145
28.1739
29.819
31.5541
33.3839
35.313
37.3464
39.4891
41.7462
44.1232
46.6255
49.2586
52.0281
54.9398
57.9993
61.2122
64.5842
68.1207
71.8262
75.7054
79.7632
84.0042
88.4327
93.0527
97.8678
102.881
108.095
113.511
119.132
124.958
130.989
137.226
143.668
150.313
157.161
164.208
171.451
178.885
186.506
194.309
202.288
210.437
218.751
227.221
235.841
244.601
253.492
262.505
271.63
280.855
290.169
299.559
309.014
318.524
328.077
337.666
347.286
356.937
366.62
376.345
386.127
395.988
405.911
415.834
425.711
435.504
445.181
454.712
464.071
473.229
482.158
490.83
499.215
507.282
515
522.334
529.253
535.723
541.709
547.179
552.1
556.436
560.15
563.213
565.609
567.232
567.897
567.504
565.95
563.142
558.994
553.426
546.359
537.72
527.443
515.474
501.778
486.343
469.194
450.386
430.02
408.246
385.269
361.341
336.76
311.852
286.964
262.44
238.609
215.767
194.161
173.982
155.364
138.376
123.038
109.309
97.1297
86.4018
77.0037
68.8155
61.7236
55.635
50.5076
46.4196
43.7005
43.0126
44.9462
49.4278
55.5233
61.964
67.7567
72.4037
75.8021
78.0033
4.41706
2.47077
2.07611
1.97633
1.98105
2.0388
2.13015
2.24663
2.3843
2.54109
2.71576
2.90752
3.11589
3.3407
3.58202
3.8401
4.11499
4.40728
4.71768
5.047
5.39621
5.76636
6.15865
6.57438
7.01496
7.48191
7.97686
8.50155
9.05791
9.648
10.274
10.9384
11.6435
12.392
13.1867
14.0305
14.9264
15.8778
16.8878
17.9603
19.0988
20.3074
21.5902
22.9516
24.3961
25.9286
27.5539
29.2773
31.1042
33.0399
35.0903
37.2613
39.5587
41.9888
44.5578
47.2719
50.1374
53.1605
56.3475
59.7044
63.2368
66.9505
70.8504
74.9415
79.228
83.7137
88.4023
93.297
98.4003
103.714
109.24
114.979
120.93
127.093
133.466
140.046
146.832
153.818
161.002
168.378
175.941
183.686
191.607
199.695
207.943
216.344
224.89
233.573
242.384
251.314
260.354
269.494
278.724
288.034
297.412
306.846
316.323
325.83
335.356
344.887
354.415
363.934
373.438
382.926
392.403
401.88
411.371
420.892
430.406
439.871
449.253
458.52
467.645
476.604
485.373
493.928
502.248
510.306
518.079
525.539
532.658
539.409
545.759
551.677
557.132
562.089
566.512
570.36
573.592
576.176
578.055
579.069
579.082
577.995
575.707
572.12
567.139
560.67
552.626
542.924
531.493
518.277
503.245
486.397
467.769
447.444
425.552
402.279
377.871
352.62
326.861
300.96
275.288
250.205
226.046
203.102
181.605
161.72
143.554
127.139
112.469
99.4625
88.016
78.0097
69.313
61.7942
55.3273
49.8017
45.1405
41.3463
38.607
37.4622
38.6637
42.5503
48.5233
55.3285
61.7857
67.1992
71.347
74.2421
4.20875
2.37163
2.0027
1.91389
1.9241
1.98439
2.07651
2.19304
2.33068
2.48747
2.66212
2.85388
3.06205
3.28657
3.52761
3.78552
4.06077
4.35408
4.66629
4.99845
5.35173
5.72744
6.12704
6.55214
7.00449
7.48601
7.99878
8.54509
9.12747
9.74867
10.4116
11.1196
11.876
12.6843
13.5484
14.4723
15.4602
16.5166
17.6462
18.8539
20.1451
21.5252
23.0003
24.5763
26.2597
28.0572
29.9756
32.022
34.2036
36.5277
39.0016
41.6329
44.4291
47.3974
50.5452
53.8795
57.407
61.1341
65.0667
69.21
73.5684
78.146
82.9455
87.9695
93.2192
98.6955
104.398
110.327
116.481
122.856
129.451
136.261
143.28
150.502
157.921
165.529
173.318
181.279
189.404
197.684
206.11
214.673
223.362
232.168
241.081
250.089
259.184
268.356
277.595
286.891
296.234
305.615
315.025
324.454
333.893
343.327
352.744
362.132
371.479
380.773
390.009
399.186
408.298
417.345
426.337
435.298
444.211
453.071
461.859
470.55
479.12
487.547
495.81
503.891
511.77
519.429
526.85
534.014
540.898
547.481
553.738
559.645
565.172
570.289
574.966
579.165
582.844
585.958
588.46
590.299
591.345
591.433
590.485
588.404
585.085
580.423
574.311
566.647
557.332
546.274
533.401
518.658
502.025
483.516
463.194
441.174
417.628
392.786
366.94
340.426
313.617
286.911
260.698
235.342
211.166
188.448
167.388
148.111
130.696
115.117
101.313
89.1846
78.6081
69.4449
61.5509
54.784
49.0099
44.109
39.9872
36.604
34.0476
32.6935
33.2839
36.4514
42.0165
48.8962
55.8058
61.8591
66.6869
70.2425
4.02324
2.28304
1.94076
1.86596
1.88568
1.95383
2.05289
2.17597
2.31987
2.48283
2.66351
2.86109
3.07539
3.30661
3.5552
3.8218
4.10725
4.41261
4.73911
5.08816
5.46136
5.86046
6.28739
6.74427
7.23342
7.75744
8.31923
8.922
9.56937
10.2653
11.0143
11.8211
12.6908
13.6288
14.6409
15.7331
16.912
18.1842
19.5568
21.0376
22.6346
24.3563
26.2117
28.2101
30.3612
32.6747
35.1604
37.8282
40.6878
43.7485
47.0194
50.5092
54.2259
58.1769
62.3688
66.8071
71.4965
76.4405
81.6411
87.0989
92.8129
98.7807
104.999
111.462
118.166
125.102
132.264
139.644
147.235
155.027
163.009
171.171
179.5
187.983
196.608
205.361
214.229
223.198
232.258
241.397
250.606
259.872
269.186
278.533
287.904
297.288
306.675
316.056
325.422
334.765
344.077
353.351
362.584
371.77
380.9
389.96
398.94
407.827
416.612
425.287
433.851
442.32
450.686
458.939
467.082
475.123
483.063
490.895
498.613
506.201
513.645
520.93
528.043
534.97
541.698
548.212
554.497
560.537
566.314
571.808
576.998
581.858
586.362
590.478
594.172
597.4
600.114
602.259
603.775
604.549
604.412
603.284
601.085
597.714
593.063
587.018
579.462
570.284
559.377
546.649
532.028
515.472
496.979
476.593
454.412
430.595
405.363
378.997
351.837
324.26
296.668
269.484
243.101
217.868
194.081
171.992
151.752
133.43
117.034
102.515
89.7801
78.7026
69.1369
60.9281
53.9208
47.9661
42.9269
38.6815
35.1301
32.2117
29.9537
28.5961
28.7618
31.2129
36.1592
42.8203
49.9265
56.4427
61.8422
65.996
3.83299
2.19724
1.88879
1.83321
1.86701
1.94701
2.05738
2.19144
2.34607
2.51982
2.71111
2.91963
3.14569
3.38995
3.6533
3.93684
4.24194
4.57016
4.92336
5.3036
5.71319
6.15459
6.63048
7.14381
7.69787
8.29637
8.94357
9.64435
10.4042
11.2296
12.1273
13.1051
14.1712
15.3347
16.6048
17.9916
19.5054
21.1573
22.9589
24.9225
27.0611
29.3883
31.9181
34.6649
37.6428
40.8656
44.3464
48.0975
52.1298
56.4527
61.0742
66.0005
71.2358
76.7822
82.64
88.8069
95.2789
102.05
109.113
116.455
124.064
131.925
140.023
148.341
156.863
165.571
174.45
183.484
192.661
201.965
211.381
220.889
230.472
240.114
249.796
259.504
269.222
278.935
288.634
298.311
307.963
317.578
327.143
336.648
346.081
355.436
364.703
373.877
382.953
391.925
400.788
409.542
418.194
426.749
435.188
443.5
451.674
459.701
467.574
475.288
482.842
490.244
497.495
504.593
511.543
518.353
525.027
531.568
537.971
544.232
550.342
556.293
562.078
567.688
573.113
578.341
583.359
588.152
592.705
596.999
601.012
604.718
608.088
611.087
613.671
615.79
617.382
618.377
618.666
618.09
616.559
614.01
610.352
605.48
599.277
591.623
582.396
571.478
558.763
544.163
527.621
509.115
488.672
466.373
442.362
416.847
390.096
362.437
334.254
305.952
277.946
250.669
224.507
199.768
176.708
155.516
136.299
119.088
103.849
90.4969
78.905
68.9223
60.3848
53.1254
46.9828
41.8065
37.4606
33.8262
30.8047
28.3272
26.3861
25.1248
25.0108
26.8
30.9909
37.1741
44.2173
51.0001
56.845
61.5181
3.63648
2.11663
1.85164
1.82221
1.87709
1.97676
2.10633
2.25925
2.4326
2.62539
2.83587
3.06473
3.31317
3.58266
3.87489
4.19178
4.53556
4.90882
5.31463
5.75648
6.23823
6.76396
7.33797
7.96497
8.65033
9.40032
10.2224
11.1252
12.1191
13.2159
14.429
15.7731
17.2643
18.9203
20.7595
22.8012
25.0652
27.5718
30.3418
33.3968
36.7588
40.4495
44.4897
48.8988
53.6939
58.8888
64.4937
70.5151
76.9549
83.8102
91.0737
98.734
106.776
115.18
123.926
132.987
142.338
151.955
161.809
171.869
182.103
192.478
202.964
213.532
224.155
234.81
245.475
256.139
266.799
277.437
288.03
298.559
309.006
319.354
329.59
339.699
349.672
359.499
369.176
378.716
388.14
397.423
406.551
415.516
424.31
432.929
441.372
449.637
457.724
465.634
473.366
480.927
488.323
495.557
502.621
509.509
516.214
522.731
529.058
535.194
541.141
546.904
552.489
557.901
563.15
568.244
573.194
578.009
582.689
587.235
591.645
595.916
600.047
604.033
607.867
611.537
615.031
618.336
621.434
624.307
626.929
629.272
631.299
632.968
634.22
634.993
635.199
634.733
633.438
631.226
628.045
623.815
618.435
611.793
603.767
594.233
583.066
570.15
555.387
538.702
520.061
499.473
477.005
452.786
427.008
399.927
371.862
343.172
314.287
285.617
257.572
230.554
204.918
180.957
158.885
138.837
120.868
104.959
91.032
78.9617
68.5928
59.753
52.2649
45.9553
40.6618
36.2368
32.5498
29.4886
26.9598
24.8944
23.2666
22.1548
21.8855
23.1157
26.5016
32.0063
38.7427
45.5874
51.7375
56.8378
3.43884
2.05371
1.846
1.85494
1.94426
2.07741
2.24014
2.42591
2.63217
2.85847
3.10354
3.37015
3.66133
3.9802
4.32997
4.71419
5.13694
5.60312
6.11877
6.6911
7.32833
8.03911
8.83238
9.71794
10.7073
11.814
13.0549
14.4506
16.0258
17.8093
19.8335
22.1344
24.751
27.7247
31.0981
34.913
39.2078
44.0177
49.3747
55.3072
61.8382
68.984
76.7531
85.1447
94.1484
103.743
113.9
124.586
135.757
147.361
159.344
171.647
184.21
196.972
209.877
222.867
235.896
248.938
261.953
274.892
287.709
300.368
312.837
325.091
337.111
348.883
360.4
371.685
382.797
393.688
404.331
414.711
424.816
434.64
444.18
453.433
462.401
471.086
479.493
487.641
495.557
503.239
510.682
517.884
524.845
531.571
538.065
544.336
550.389
556.231
561.869
567.318
572.584
577.66
582.545
587.236
591.735
596.042
600.157
604.083
607.825
611.388
614.779
618.007
621.082
624.013
626.813
629.496
632.072
634.54
636.905
639.171
641.338
643.407
645.371
647.218
648.937
650.512
651.926
653.153
654.163
654.919
655.375
655.474
655.135
654.269
652.764
650.468
647.315
643.247
638.188
632.044
624.705
616.054
605.966
594.314
580.977
565.849
548.844
529.914
509.056
486.322
461.829
435.756
408.352
379.912
350.811
321.41
292.126
263.391
235.619
209.191
184.429
161.577
140.795
122.156
105.658
91.2271
78.7417
68.0421
58.9485
51.2736
44.8334
39.4544
34.9786
31.2659
28.1948
25.6622
23.5833
21.8932
20.5586
19.617
19.2834
20.0752
22.6797
27.3703
33.5781
40.2717
46.5664
51.9852
3.23791
2.03629
1.91233
1.98489
2.13448
2.32887
2.5544
2.80337
3.07372
3.3648
3.67885
4.02382
4.40729
4.8363
5.31812
5.86081
6.47399
7.16982
7.96417
8.87746
9.93434
11.1615
12.5863
14.2394
16.1572
18.3819
20.9669
23.9783
27.4941
31.6013
36.3932
41.9656
48.4129
55.8217
64.2633
73.7864
84.4039
96.0997
108.835
122.549
137.167
152.594
168.724
185.44
202.621
220.142
237.887
255.794
273.752
291.648
309.375
326.837
343.951
360.649
376.874
392.583
407.759
422.513
436.802
450.557
463.748
476.36
488.395
499.86
510.768
521.138
531.001
540.409
549.392
557.955
566.1
573.832
581.162
588.101
594.663
600.864
606.72
612.247
617.462
622.401
627.102
631.548
635.738
639.684
643.397
646.893
650.183
653.283
656.202
658.951
661.537
663.954
666.202
668.297
670.249
672.062
673.739
675.281
676.689
677.965
679.111
680.13
681.025
681.802
682.467
683.025
683.482
683.833
684.094
684.28
684.4
684.462
684.466
684.413
684.307
684.132
683.875
683.522
683.049
682.425
681.609
680.549
679.185
677.438
675.206
672.363
668.808
664.471
659.284
653.168
646.031
637.768
628.263
617.393
605.033
591.06
575.363
557.852
538.466
517.19
494.067
469.202
442.772
415.007
386.221
356.707
326.838
297.024
267.701
239.298
212.214
186.791
163.298
141.914
122.732
105.759
90.9293
78.1214
67.1721
57.8947
50.0929
43.573
38.1516
33.6616
29.9544
26.9015
24.3932
22.3379
20.6608
19.3041
18.2331
17.4611
17.1226
17.5931
19.4956
23.3073
28.8018
35.1327
41.3956
47.0057
3.00459
2.15982
2.18345
2.3712
2.64315
2.97778
3.35863
3.76753
4.20157
4.65795
5.15573
5.71996
6.37415
7.14008
8.04206
9.10912
10.3776
11.8955
13.7283
15.9645
18.7171
22.1112
26.2719
31.3341
37.4541
44.7896
53.5368
63.8997
76.0737
90.2147
106.421
124.725
145.081
167.369
191.393
216.95
243.7
271.266
299.289
327.441
355.427
382.991
409.913
436.01
461.136
485.181
508.109
530.308
551.527
571.613
590.478
608.085
624.428
639.524
653.41
666.132
677.752
688.357
698.018
706.792
714.733
721.892
728.325
734.082
739.214
743.768
747.819
751.444
754.632
757.395
759.759
761.757
763.419
764.776
765.857
766.688
767.295
767.698
767.916
767.95
767.777
767.448
766.995
766.439
765.795
765.076
764.293
763.453
762.564
761.629
760.652
759.632
758.57
757.465
756.318
755.128
753.892
752.608
751.271
749.879
748.427
746.914
745.338
743.699
741.996
740.232
738.411
736.533
734.605
732.63
730.615
728.563
726.47
724.331
722.138
719.897
717.599
715.227
712.751
710.132
707.319
704.247
700.828
696.965
692.571
687.56
681.845
675.35
667.99
659.674
650.298
639.748
627.905
614.644
599.845
583.397
565.205
545.205
523.372
499.738
474.403
447.54
419.395
390.23
360.336
330.065
299.824
270.047
241.169
213.6
187.697
163.743
141.935
122.376
105.082
89.9929
76.9855
65.8935
56.5239
48.6728
42.1378
36.7276
32.2674
28.6023
25.598
23.1403
21.1334
19.4986
18.1719
17.1038
16.2621
15.6467
15.3375
15.5885
16.9038
19.8442
24.4925
30.2621
36.3058
41.9626
2.70165
2.97206
3.34573
3.83907
4.51429
5.37878
6.39356
7.47031
8.58202
9.76054
11.0929
12.7047
14.7178
17.251
20.4538
24.5162
29.681
36.2634
44.6765
55.4475
69.1976
86.5181
107.8
133.228
162.877
196.604
234.549
276.333
321.32
368.705
417.595
467.083
516.302
564.47
610.955
656.186
699.272
739.544
776.664
810.492
841.013
868.301
892.48
913.714
932.183
948.079
961.685
973.366
983.119
991.02
997.192
1001.78
1004.96
1006.86
1007.64
1007.45
1006.39
1004.59
1002.16
999.175
995.729
991.885
987.705
983.242
978.543
973.644
968.548
963.223
957.745
952.166
946.526
940.857
935.185
929.533
923.919
918.358
912.865
907.449
902.12
896.882
891.739
886.695
881.754
876.917
872.182
867.551
863.02
858.588
854.25
850.003
845.842
841.764
837.763
833.835
829.973
826.17
822.418
818.708
815.032
811.38
807.741
804.107
800.47
796.82
793.153
789.462
785.746
781.999
778.219
774.404
770.552
766.662
762.731
758.755
754.725
750.63
746.455
742.175
737.756
733.154
728.313
723.166
717.636
711.639
705.089
697.906
690.004
681.295
671.687
661.077
649.357
636.408
622.112
606.351
589.016
570.015
549.282
526.79
502.563
476.694
449.355
420.804
391.286
361.072
330.506
299.981
269.926
240.775
212.941
186.787
162.603
140.593
120.869
103.45
88.2763
75.2243
64.1234
54.775
46.9691
40.4971
35.1615
30.7824
27.2005
24.2779
21.8976
19.9619
18.3901
17.1163
16.0877
15.2634
14.6154
14.1373
13.8736
13.9855
14.8435
16.9862
20.7218
25.7611
31.396
36.9397
2.44995
10.8352
13.1094
15.0246
18.1174
22.6929
28.3897
34.7569
41.5693
48.985
57.6579
68.6798
83.1792
102.116
126.673
158.177
197.944
247.115
306.478
376.269
455.982
545.698
643.388
744.641
845.969
944.503
1040.39
1129.88
1210.52
1281.11
1341.29
1391.28
1431.67
1463.28
1487.06
1504.07
1515.22
1521.36
1523.21
1521.44
1516.62
1509.28
1499.84
1488.71
1476.18
1462.54
1447.91
1432.3
1415.99
1399.21
1382.13
1364.9
1347.62
1330.38
1313.26
1296.32
1279.6
1263.14
1246.96
1231.1
1215.57
1200.38
1185.54
1171.05
1156.91
1143.13
1129.7
1116.63
1103.91
1091.54
1079.51
1067.81
1056.45
1045.42
1034.71
1024.32
1014.24
1004.49
995.041
985.899
977.06
968.516
960.259
952.279
944.566
937.105
929.886
922.896
916.121
909.551
903.173
896.978
890.955
885.094
879.385
873.819
868.384
863.068
857.859
852.742
847.704
842.728
837.799
832.902
828.021
823.141
818.249
813.33
808.372
803.364
798.295
793.157
787.94
782.633
777.222
771.688
766.01
760.158
754.096
747.778
741.15
734.149
726.703
718.738
710.173
700.925
690.906
680.025
668.185
655.28
641.2
625.833
609.067
590.8
570.945
549.439
526.261
501.434
475.046
447.263
418.351
388.566
358.164
327.471
296.87
266.777
237.618
209.8
183.683
159.557
137.624
117.996
100.691
85.6474
72.738
61.7883
52.5958
44.9462
38.6272
33.4384
29.1975
25.7436
22.9378
20.6625
18.82
17.3292
16.1246
15.1529
14.3719
13.7486
13.2601
12.8975
12.6837
12.715
13.2418
14.7108
17.5434
21.7322
26.7797
32.0398
7.03698
155.146
162.04
139.138
134.425
152.315
188.693
240.763
307.82
390.61
490.659
609.98
754.974
915.787
1085.17
1257.11
1426.32
1588.18
1738.78
1874.98
1994.56
2096.29
2179.8
2245.35
2293.68
2326.32
2342.06
2343.11
2332.04
2311.29
2283.11
2249.44
2211.92
2171.86
2130.29
2088
2045.6
2003.5
1962
1921.32
1881.59
1842.89
1805.28
1768.77
1733.37
1699.08
1665.9
1633.82
1602.82
1572.87
1543.91
1515.9
1488.8
1462.58
1437.2
1412.64
1388.87
1365.86
1343.59
1322.04
1301.19
1281.01
1261.49
1242.6
1224.33
1206.66
1189.57
1173.05
1157.08
1141.66
1126.77
1112.4
1098.52
1085.13
1072.21
1059.75
1047.73
1036.14
1024.98
1014.22
1003.86
993.887
984.287
975.045
966.147
957.578
949.322
941.361
933.681
926.264
919.097
912.167
905.459
898.963
892.666
886.558
880.628
874.864
869.252
863.779
858.427
853.179
848.015
842.913
837.85
832.802
827.742
822.646
817.488
812.243
806.888
801.4
795.757
789.936
783.913
777.662
771.155
764.358
757.232
749.733
741.808
733.399
724.439
714.859
704.583
693.531
681.615
668.748
654.832
639.769
623.457
605.797
586.697
566.08
543.896
520.13
494.814
468.045
439.985
410.882
381.032
350.678
320.13
289.756
259.957
231.142
203.704
177.99
154.279
132.765
113.55
96.6466
81.9873
69.4402
58.8278
49.9453
42.5774
36.5118
31.5489
27.5077
24.2292
21.5764
19.4339
17.7056
16.3127
15.1909
14.2883
13.5633
12.9831
12.522
12.1617
11.8932
11.7264
11.7162
12.0196
12.9651
14.9792
18.2664
22.5783
27.3824
263.311
434.111
630.13
837.818
1045.24
1242.85
1423.91
1584.16
1721.36
1834.85
1925.12
1993.56
2042.3
2073.73
2090.37
2094.77
2089.38
2076.52
2058.28
2036.47
2012.59
1987.8
1962.94
1938.57
1915.01
1892.37
1870.88
1850.5
1831
1812.1
1793.52
1775
1756.34
1737.37
1718.03
1698.27
1678.09
1657.51
1636.58
1615.36
1593.92
1572.34
1550.68
1529.02
1507.43
1485.96
1464.68
1443.63
1422.87
1402.42
1382.33
1362.6
1343.25
1324.28
1305.69
1287.48
1269.65
1252.2
1235.13
1218.45
1202.15
1186.22
1170.68
1155.52
1140.74
1126.33
1112.31
1098.66
1085.38
1072.48
1059.96
1047.82
1036.04
1024.64
1013.6
1002.93
992.618
982.658
973.046
963.778
954.846
946.242
937.958
929.984
922.311
914.926
907.818
900.974
894.381
888.026
881.899
875.987
870.281
864.77
859.448
854.305
849.333
844.526
839.873
835.364
830.985
826.72
822.55
818.452
814.399
810.362
806.307
802.198
797.997
793.664
789.16
784.443
779.475
774.215
768.623
762.662
756.29
749.466
742.146
734.283
725.824
716.715
706.893
696.294
684.848
672.482
659.116
644.67
629.06
612.201
594.012
574.418
553.361
530.806
506.754
481.253
454.41
426.405
397.482
367.932
337.997
307.982
278.238
249.149
221.102
194.47
169.577
146.683
125.964
107.507
91.3137
77.3079
65.3534
55.2704
46.8551
39.8948
34.1817
29.5214
25.7384
22.6792
20.2122
18.2266
16.6305
15.3487
14.3199
13.4947
12.8335
12.3047
11.8833
11.5499
11.2901
11.0957
10.9697
10.9418
11.1049
11.678
13.0188
15.4397
18.9271
23.1228
253.317
268.859
287.063
308.095
331.84
357.911
385.736
414.638
443.913
472.888
500.979
527.714
552.749
575.868
596.972
616.059
633.216
648.736
662.98
676.038
688.036
699.127
709.471
719.229
728.553
737.582
746.435
755.217
764.008
772.865
781.819
790.877
800.023
809.246
818.771
828.48
838.259
847.992
857.57
866.887
875.845
884.354
892.332
899.711
906.43
912.444
917.717
922.226
925.96
928.92
931.119
932.577
933.323
933.39
932.819
931.652
929.946
927.754
925.125
922.105
918.737
915.062
911.117
906.936
902.554
897.999
893.3
888.484
883.574
878.594
873.567
868.514
863.454
858.408
853.392
848.425
843.523
838.701
833.973
829.351
824.845
820.464
816.212
812.093
808.11
804.262
800.547
796.963
793.506
790.172
786.958
783.859
780.873
777.996
775.228
772.567
770.013
767.565
765.222
762.981
760.835
758.776
756.789
754.857
752.957
751.058
749.126
747.118
744.989
742.686
740.156
737.339
734.177
730.608
726.573
722.013
716.869
711.084
704.603
697.368
689.325
680.416
670.582
659.765
647.902
634.931
620.787
605.408
588.73
570.696
551.259
530.383
508.06
484.312
459.207
432.869
405.493
377.358
348.705
319.781
290.881
262.341
234.52
207.78
182.464
158.868
137.223
117.683
100.318
85.1182
72.0001
60.8264
51.4206
43.5854
37.117
31.8175
27.5028
24.0076
21.1873
18.9185
17.0973
15.6376
14.4691
13.5344
12.7874
12.1908
11.7151
11.3365
11.0364
10.7999
10.6161
10.4779
10.3845
10.3502
10.4269
10.7481
11.5734
13.2247
15.8617
19.3308
86.7091
89.4479
92.5563
96.0822
100.062
104.509
109.417
114.752
120.461
126.477
132.72
139.108
145.56
152.001
158.366
164.601
170.665
176.535
182.203
187.669
192.939
198.025
202.947
207.73
212.404
217
221.555
226.105
230.689
235.343
240.107
245.015
250.103
255.402
260.949
266.774
272.9
279.347
286.126
293.245
300.706
308.505
316.633
325.076
333.815
342.827
352.083
361.552
371.197
380.979
390.859
400.793
410.738
420.65
430.486
440.231
449.966
459.625
469.15
478.489
487.595
496.428
504.954
513.143
520.974
528.43
535.498
542.174
548.455
554.345
559.852
564.987
569.766
574.205
578.324
582.147
585.702
589.02
592.127
595.045
597.797
600.402
602.876
605.235
607.49
609.652
611.729
613.728
615.655
617.516
619.314
621.055
622.745
624.389
625.995
627.571
629.128
630.674
632.218
633.767
635.325
636.894
638.472
640.048
641.61
643.133
644.589
645.938
647.133
648.118
648.83
649.199
649.148
648.597
647.464
645.664
643.114
639.735
635.449
630.182
623.865
616.432
607.823
597.98
586.851
574.387
560.545
545.287
528.584
510.422
490.8
469.741
447.3
423.572
398.706
372.91
346.486
319.651
292.644
265.748
239.279
213.569
188.944
165.71
144.124
124.385
106.617
90.8675
77.1138
65.2686
55.1968
46.7311
39.6873
33.8781
29.1227
25.2543
22.1235
19.5999
17.5724
15.9475
14.6477
13.6097
12.7818
12.1224
11.5979
11.1815
10.8514
10.5905
10.385
10.224
10.099
10.0042
9.93733
9.9044
9.93156
10.0932
10.5555
11.5832
13.4174
16.0929
44.6947
45.4232
46.2088
47.0623
47.9943
49.0132
50.1246
51.3304
52.6287
54.0141
55.4778
57.0085
58.5928
60.2164
61.8648
63.5237
65.1801
66.8226
68.4416
70.0297
71.5813
73.0925
74.5613
75.9873
77.3718
78.7176
80.0288
81.3107
82.5697
83.8134
85.0498
86.288
87.5376
88.8089
90.1128
91.4605
92.8636
94.334
95.8837
97.5245
99.2686
101.128
103.114
105.24
107.516
109.953
112.564
115.358
118.347
121.539
124.943
128.568
132.42
136.507
140.832
145.401
150.219
155.29
160.616
166.192
172.016
178.078
184.37
190.88
197.593
204.493
211.564
218.786
226.141
233.607
241.163
248.79
256.466
264.172
271.888
279.599
287.364
295.161
302.967
310.761
318.524
326.242
333.9
341.487
348.99
356.402
363.714
370.919
378.012
384.987
391.842
398.575
405.187
411.678
418.06
424.342
430.535
436.648
442.691
448.672
454.601
460.481
466.315
472.102
477.835
483.499
489.072
494.523
499.81
504.883
509.679
514.126
518.141
521.632
524.498
526.634
527.933
528.284
527.583
525.728
522.626
518.192
512.352
505.043
496.215
485.831
473.868
460.32
445.199
428.541
410.406
390.879
370.089
348.215
325.481
302.176
278.499
254.692
231.027
207.794
185.292
163.81
143.605
124.894
107.836
92.5223
78.9817
67.1793
57.0289
48.4054
41.1593
35.1293
30.1535
26.0774
22.7588
20.071
17.9032
16.1612
14.7653
13.6496
12.7598
12.0519
11.4899
11.0449
10.6937
10.4174
10.2007
10.0314
9.89947
9.79684
9.71713
9.65558
9.6096
9.5809
9.58176
9.65057
9.88196
10.4572
11.6129
13.5072
30.1311
30.3867
30.6533
30.9336
31.2302
31.5458
31.8826
32.2424
32.626
33.0339
33.4654
33.9192
34.3932
34.8847
35.3906
35.9073
36.4312
36.9586
37.486
38.0101
38.5281
39.0372
39.5354
40.0209
40.4922
40.9484
41.3892
41.8143
42.2241
42.6193
43.0008
43.37
43.7284
44.0781
44.4209
44.7594
45.0961
45.4336
45.7748
46.1228
46.4807
46.8516
47.239
47.6463
48.077
48.5347
49.0231
49.5461
50.1076
50.7117
51.3626
52.0647
52.8224
53.6406
54.5241
55.4781
56.5082
57.6202
58.82
60.1139
61.5082
63.0094
64.6241
66.3589
68.2205
70.2155
72.3506
74.6324
77.0672
79.6613
82.4207
85.3512
88.4581
91.7465
95.2209
98.8856
102.747
106.811
111.081
115.559
120.248
125.147
130.255
135.57
141.089
146.807
152.716
158.812
165.084
171.523
178.119
184.862
191.74
198.743
205.913
213.24
220.709
228.306
236.02
243.842
251.763
259.775
267.869
276.036
284.264
292.537
300.833
309.124
317.375
325.543
333.575
341.405
348.954
356.126
362.816
368.904
374.263
378.761
382.261
384.631
385.744
385.486
383.753
380.464
375.556
368.989
360.749
350.847
339.33
326.286
311.819
296.059
279.204
261.516
243.166
224.376
205.389
186.462
167.861
149.846
132.662
116.52
101.594
88.004
75.8178
65.0481
55.6596
47.578
40.7004
34.9074
30.0721
26.0687
22.7775
20.0886
17.9034
16.136
14.7123
13.5696
12.6555
11.9268
11.3481
10.8904
10.5303
10.2486
10.0296
9.8607
9.73123
9.63252
9.55731
9.49962
9.4545
9.41808
9.38778
9.36332
9.34985
9.36592
9.4611
9.74347
10.392
11.601
23.3729
23.478
23.5845
23.6933
23.8053
23.9214
24.0425
24.1695
24.303
24.4437
24.5918
24.7474
24.9103
25.0802
25.2565
25.4383
25.6247
25.8146
26.0068
26.2002
26.3936
26.5858
26.7759
26.9628
27.1456
27.3235
27.4959
27.6623
27.8221
27.9752
28.1214
28.2607
28.393
28.5187
28.638
28.7512
28.8589
28.9616
29.06
29.1548
29.2466
29.3365
29.4252
29.5136
29.6027
29.6936
29.7872
29.8846
29.9869
30.0952
30.2108
30.3347
30.4683
30.6128
30.7695
30.9399
31.1254
31.3276
31.5479
31.7882
32.0501
32.3356
32.6465
32.9849
33.3529
33.7529
34.1872
34.6584
35.1691
35.7222
36.3209
36.9685
37.6684
38.4245
39.2408
40.1219
41.0726
42.0981
43.2041
44.3966
45.6821
47.0671
48.5588
50.1644
51.8917
53.7484
55.7426
57.8825
60.1764
62.6327
65.2595
68.0653
71.058
74.2457
77.6388
81.2469
85.079
89.1433
93.4477
97.9991
102.804
107.869
113.197
118.793
124.657
130.788
137.179
143.821
150.697
157.805
165.131
172.623
180.216
187.834
195.382
202.752
209.822
216.455
222.506
227.823
232.255
235.656
237.89
238.838
238.404
236.52
233.147
228.282
221.964
214.333
205.464
195.467
184.496
172.741
160.405
147.706
134.87
122.121
109.677
97.7339
86.4614
75.9935
66.4242
57.8059
50.152
43.4416
37.6272
32.6426
28.4108
24.8495
21.8765
19.4127
17.3844
15.7248
14.3742
13.2807
12.3997
11.6933
11.1299
10.6833
10.3321
10.0584
9.84758
9.68753
9.56806
9.48057
9.41775
9.37332
9.34185
9.31869
9.29987
9.28212
9.26299
9.24134
9.21883
9.20386
9.2208
9.32769
9.6377
10.316
19.5616
19.6089
19.6544
19.6987
19.7424
19.7862
19.8304
19.8756
19.9223
19.9707
20.0213
20.074
20.1293
20.187
20.2471
20.3096
20.3743
20.4409
20.5091
20.5785
20.6487
20.7194
20.7901
20.8603
20.9297
20.9977
21.0641
21.1284
21.1904
21.2497
21.3062
21.3595
21.4096
21.4563
21.4995
21.5393
21.5756
21.6085
21.6382
21.6646
21.688
21.7087
21.7267
21.7424
21.756
21.7678
21.7782
21.7875
21.796
21.8042
21.8123
21.8207
21.83
21.8404
21.8525
21.8667
21.8834
21.9031
21.9262
21.9534
21.9851
22.0218
22.0641
22.1126
22.1678
22.2305
22.3012
22.3806
22.4695
22.5686
22.6787
22.8006
22.9354
23.0838
23.2471
23.4263
23.6227
23.8376
24.0725
24.3291
24.6089
24.914
25.2464
25.6084
26.0023
26.4308
26.8968
27.4034
27.954
28.5523
29.2024
29.9085
30.6757
31.5091
32.4146
33.3988
34.4688
35.6323
36.8977
38.2744
39.7721
41.4016
43.1744
45.1025
47.1987
49.4759
51.9472
54.6251
57.5211
60.6459
64.0077
67.6098
71.4485
75.5117
79.7766
84.2082
88.7568
93.3576
97.9297
102.377
106.589
110.447
113.826
116.602
118.659
119.893
120.224
119.595
117.984
115.406
111.904
107.55
102.444
96.7122
90.4958
83.9487
77.2276
70.4855
63.8634
57.4848
51.4504
45.8355
40.6897
36.0388
31.8884
28.2275
25.0334
22.2748
19.915
17.9145
16.2329
14.8306
13.6701
12.7165
11.9382
11.3074
10.8
10.3952
10.0757
9.82706
9.63705
9.49538
9.39326
9.32308
9.2782
9.25269
9.24125
9.23906
9.2418
9.24556
9.24692
9.24295
9.23131
9.2105
9.18061
9.14513
9.11549
9.12067
9.22344
9.53541
17.5046
17.5273
17.548
17.5668
17.5838
17.5993
17.6139
17.6279
17.6416
17.6554
17.6693
17.6837
17.6986
17.7143
17.7307
17.748
17.7662
17.7851
17.8048
17.8251
17.8459
17.867
17.8882
17.9095
17.9305
17.951
17.9709
17.99
18.008
18.0248
18.0401
18.054
18.0661
18.0765
18.0849
18.0914
18.0958
18.0981
18.0983
18.0964
18.0924
18.0864
18.0784
18.0684
18.0566
18.043
18.0278
18.0111
17.9929
17.9736
17.9531
17.9318
17.9096
17.8869
17.8638
17.8405
17.8171
17.7939
17.7712
17.749
17.7276
17.7072
17.6881
17.6704
17.6545
17.6405
17.6288
17.6194
17.6129
17.6092
17.6089
17.6121
17.6192
17.6304
17.6461
17.6667
17.6925
17.7239
17.7614
17.8053
17.8562
17.9146
17.981
18.0561
18.1405
18.2348
18.3399
18.4565
18.5855
18.7279
18.8847
19.0571
19.2464
19.4538
19.681
19.9297
20.2018
20.4995
20.825
21.1811
21.5706
21.9969
22.4636
22.9747
23.5347
24.1483
24.8211
25.5587
26.3674
27.2535
28.2237
29.2846
30.4422
31.7012
33.0645
34.5325
36.1014
37.7628
39.5016
41.2957
43.1147
44.9193
46.6622
48.2889
49.7398
50.9538
51.8718
52.4406
52.6177
52.3752
51.7017
50.6038
49.1061
47.2492
45.0872
42.6837
40.1079
37.4296
34.7155
32.0261
29.4133
26.9198
24.5786
22.4133
20.4391
18.663
17.0855
15.7013
14.5006
13.4705
12.596
11.8612
11.2499
10.7465
10.336
10.0054
9.7427
9.53817
9.38331
9.27077
9.19403
9.14728
9.12523
9.12297
9.13589
9.15955
9.18972
9.22233
9.25352
9.27969
9.29761
9.30442
9.29781
9.27611
9.23869
9.18673
9.12523
9.06734
9.04326
9.11382
16.1356
16.1467
16.156
16.1635
16.169
16.1726
16.1745
16.1749
16.1739
16.1718
16.1687
16.165
16.1607
16.1562
16.1516
16.1469
16.1422
16.1377
16.1333
16.129
16.1248
16.1208
16.1168
16.1127
16.1085
16.104
16.0992
16.094
16.0883
16.082
16.0749
16.067
16.0582
16.0484
16.0375
16.0254
16.0121
15.9975
15.9817
15.9644
15.9458
15.9258
15.9044
15.8816
15.8574
15.8319
15.8051
15.777
15.7477
15.7173
15.6857
15.6531
15.6195
15.585
15.5497
15.5138
15.4772
15.44
15.4025
15.3646
15.3265
15.2883
15.25
15.2119
15.174
15.1364
15.0993
15.0628
15.0269
14.9919
14.9578
14.9249
14.8931
14.8627
14.8338
14.8066
14.7811
14.7576
14.7362
14.7171
14.7005
14.6864
14.6753
14.6671
14.6622
14.6608
14.6631
14.6693
14.6798
14.6947
14.7145
14.7395
14.7699
14.8062
14.8489
14.8983
14.955
15.0195
15.0925
15.1746
15.2666
15.3693
15.4836
15.6105
15.7512
15.9069
16.0788
16.2684
16.4773
16.7071
16.9596
17.2366
17.5399
17.8714
18.2324
18.6243
19.0475
19.5019
19.986
20.4968
21.0296
21.5771
22.1295
22.6745
23.1971
23.6799
24.1035
24.4473
24.6913
24.8169
24.8092
24.6576
24.3575
23.91
23.3225
22.6081
21.7845
20.8732
19.8984
18.8852
17.8585
16.8417
15.8557
14.918
14.0423
13.2383
12.5118
11.8655
11.299
10.8097
10.3929
10.0433
9.75492
9.52069
9.33421
9.18979
9.08264
9.00926
8.96597
8.94908
8.95506
8.98045
9.02179
9.07551
9.13792
9.20523
9.27352
9.33885
9.39734
9.4453
9.47932
9.49643
9.49417
9.47078
9.42537
9.35831
9.27204
9.17288
9.07514
9.00827
15.0392
15.0407
15.041
15.0401
15.038
15.0345
15.0296
15.0233
15.0156
15.0065
14.9962
14.9846
14.9719
14.9582
14.9437
14.9284
14.9125
14.8959
14.8789
14.8614
14.8438
14.8258
14.8076
14.7892
14.7706
14.7517
14.7326
14.7133
14.6936
14.6736
14.6532
14.6324
14.611
14.5891
14.5665
14.5433
14.5194
14.4947
14.4692
14.4429
14.4158
14.3877
14.3588
14.329
14.2982
14.2666
14.234
14.2005
14.1661
14.1308
14.0946
14.0576
14.0198
13.9812
13.9418
13.9018
13.861
13.8196
13.7777
13.7352
13.6922
13.6488
13.605
13.5609
13.5166
13.472
13.4273
13.3826
13.3378
13.2932
13.2486
13.2042
13.1602
13.1164
13.0731
13.0303
12.988
12.9464
12.9055
12.8654
12.8263
12.7881
12.7509
12.7149
12.6801
12.6467
12.6147
12.5842
12.5554
12.5283
12.5031
12.4798
12.4586
12.4397
12.4232
12.4092
12.3979
12.3896
12.3843
12.3822
12.3838
12.3891
12.3984
12.412
12.4303
12.4535
12.482
12.5163
12.5566
12.6035
12.6573
12.7187
12.788
12.8657
12.9523
13.0481
13.1535
13.2685
13.3929
13.5262
13.6673
13.8146
13.9658
14.1184
14.2697
14.4151
14.5487
14.6635
14.752
14.807
14.8213
14.7888
14.7048
14.5666
14.3733
14.1268
13.8313
13.4931
13.1206
12.7236
12.3122
11.897
11.4875
11.0924
10.7191
10.3732
10.0593
9.77996
9.53652
9.32939
9.15677
9.01661
8.90669
8.82474
8.76868
8.73681
8.72818
8.74181
8.77593
8.82864
8.89784
8.98115
9.07586
9.17887
9.28669
9.39549
9.50117
9.59947
9.68611
9.75697
9.80824
9.8366
9.83935
9.8146
9.7614
9.67998
9.57205
9.44156
9.29649
9.15063
14.2086
14.1997
14.1902
14.1801
14.1692
14.1577
14.1454
14.1323
14.1183
14.1034
14.0876
14.071
14.0534
14.0349
14.0155
13.9953
13.9742
13.9524
13.9297
13.9063
13.8823
13.8577
13.8326
13.8069
13.7808
13.7543
13.7273
13.7
13.6724
13.6444
13.616
13.5873
13.5582
13.5288
13.4989
13.4687
13.438
13.4069
13.3753
13.3432
13.3106
13.2775
13.2438
13.2095
13.1747
13.1393
13.1033
13.0667
13.0294
12.9916
12.9532
12.9141
12.8745
12.8342
12.7934
12.752
12.7101
12.6676
12.6247
12.5812
12.5373
12.4929
12.4481
12.4029
12.3573
12.3115
12.2653
12.2189
12.1722
12.1254
12.0784
12.0313
11.9841
11.9369
11.8896
11.8425
11.7954
11.7485
11.7018
11.6553
11.609
11.5631
11.5175
11.4724
11.4277
11.3835
11.3399
11.2969
11.2545
11.2128
11.1719
11.1318
11.0925
11.0542
11.0169
10.9807
10.9456
10.9117
10.8791
10.848
10.8182
10.7901
10.7636
10.7389
10.7161
10.6953
10.6766
10.6602
10.6463
10.635
10.6264
10.6207
10.6182
10.619
10.6232
10.6309
10.6424
10.6575
10.6763
10.6985
10.7236
10.751
10.7797
10.8085
10.8361
10.8607
10.8805
10.8931
10.8962
10.8872
10.8638
10.8239
10.766
10.689
10.5928
10.4779
10.346
10.1994
10.0411
9.8746
9.70388
9.5329
9.36552
9.20538
9.05591
8.92015
8.80096
8.6997
8.61679
8.55233
8.50614
8.47785
8.4671
8.47356
8.49726
8.53874
8.59839
8.6757
8.76988
8.87986
9.00409
9.14055
9.28663
9.43912
9.59424
9.7477
9.89481
10.0306
10.1502
10.2487
10.3217
10.3653
10.3764
10.3531
10.2942
10.2003
10.0731
9.91624
9.73611
9.53923
13.6292
13.6097
13.59
13.57
13.5498
13.5292
13.5083
13.4869
13.4652
13.4431
13.4204
13.3973
13.3737
13.3495
13.3248
13.2996
13.2738
13.2475
13.2206
13.1932
13.1652
13.1367
13.1077
13.0782
13.0482
13.0177
12.9866
12.9552
12.9232
12.8908
12.8581
12.8249
12.7914
12.7575
12.7233
12.6888
12.6539
12.6187
12.5832
12.5473
12.5111
12.4745
12.4376
12.4004
12.3627
12.3247
12.2863
12.2475
12.2083
12.1688
12.1288
12.0884
12.0477
12.0065
11.9649
11.923
11.8806
11.8379
11.7947
11.7512
11.7074
11.6632
11.6186
11.5737
11.5285
11.483
11.4372
11.3911
11.3448
11.2982
11.2514
11.2045
11.1573
11.11
11.0626
11.0151
10.9675
10.9199
10.8722
10.8245
10.7769
10.7293
10.6818
10.6344
10.5872
10.5401
10.4932
10.4465
10.4
10.3538
10.3079
10.2624
10.2172
10.1724
10.128
10.0841
10.0407
9.99786
9.95561
9.91399
9.87305
9.83285
9.79344
9.75487
9.7172
9.68049
9.64482
9.61026
9.57687
9.54475
9.51397
9.48461
9.45676
9.43047
9.40579
9.38272
9.36123
9.34126
9.32266
9.30524
9.28874
9.27282
9.25707
9.24101
9.22411
9.2058
9.18545
9.16238
9.13592
9.10541
9.07028
9.03009
8.98454
8.93358
8.87741
8.8165
8.75162
8.68379
8.61425
8.54445
8.47594
8.41034
8.34928
8.29443
8.24787
8.21152
8.18612
8.17226
8.1704
8.18092
8.20417
8.24058
8.29072
8.3554
8.43623
8.53399
8.64903
8.78141
8.93084
9.09651
9.277
9.4702
9.6732
9.88233
10.0932
10.3006
10.4992
10.6829
10.8459
10.9825
11.0873
11.1558
11.1844
11.1708
11.1141
11.0152
10.8767
10.7032
10.5026
10.2815
13.2663
13.2373
13.2083
13.1792
13.15
13.1207
13.0912
13.0617
13.032
13.0021
12.9721
12.9418
12.9114
12.8807
12.8497
12.8185
12.787
12.7552
12.7231
12.6907
12.6581
12.6251
12.5917
12.5581
12.5242
12.4899
12.4553
12.4204
12.3851
12.3496
12.3137
12.2775
12.241
12.2042
12.1672
12.1298
12.0922
12.0542
12.0161
11.9776
11.9389
11.8999
11.8607
11.8213
11.7815
11.7416
11.7014
11.6609
11.6202
11.5792
11.538
11.4965
11.4548
11.4128
11.3706
11.3281
11.2854
11.2424
11.1991
11.1556
11.1119
11.0679
11.0236
10.9791
10.9344
10.8895
10.8444
10.799
10.7534
10.7077
10.6618
10.6156
10.5694
10.523
10.4764
10.4297
10.3829
10.336
10.2891
10.2421
10.195
10.1479
10.1007
10.0536
10.0065
9.95938
9.91233
9.86534
9.81842
9.7716
9.72488
9.67829
9.63185
9.58557
9.53949
9.49361
9.44797
9.40258
9.35749
9.31271
9.26827
9.22421
9.18056
9.13736
9.09465
9.05245
9.01082
8.9698
8.92943
8.88976
8.85083
8.81267
8.77532
8.73879
8.70309
8.66822
8.63416
8.60086
8.56828
8.53634
8.50497
8.47406
8.44349
8.41313
8.38287
8.35255
8.32207
8.2913
8.26015
8.22856
8.19653
8.16409
8.13138
8.09859
8.06603
8.03408
8.00324
7.97411
7.94733
7.92367
7.9039
7.88887
7.87946
7.87668
7.88218
7.89673
7.92088
7.95521
8.00028
8.05678
8.1256
8.20777
8.30485
8.41861
8.55016
8.70055
8.87056
9.06063
9.27067
9.49993
9.74685
10.009
10.2829
10.5642
10.8476
11.1271
11.3961
11.6476
11.8745
12.07
12.2278
12.3426
12.4101
12.4278
12.395
12.3133
12.1868
12.0221
11.8283
11.6131
13.0669
13.0306
12.9943
12.958
12.9217
12.8854
12.849
12.8126
12.7761
12.7396
12.703
12.6663
12.6295
12.5927
12.5557
12.5187
12.4815
12.4443
12.4069
12.3693
12.3317
12.2939
12.2559
12.2178
12.1795
12.1411
12.1025
12.0637
12.0248
11.9857
11.9465
11.907
11.8674
11.8277
11.7877
11.7476
11.7073
11.6669
11.6262
11.5855
11.5445
11.5034
11.4622
11.4208
11.3792
11.3375
11.2956
11.2536
11.2114
11.1691
11.1267
11.0841
11.0413
10.9984
10.9554
10.9122
10.8688
10.8254
10.7817
10.738
10.6941
10.65
10.6058
10.5615
10.517
10.4724
10.4277
10.3828
10.3378
10.2927
10.2475
10.2022
10.1568
10.1112
10.0656
10.0199
9.97408
9.92821
9.88228
9.8363
9.79027
9.74421
9.69811
9.652
9.60587
9.55975
9.51363
9.46753
9.42145
9.37542
9.32943
9.2835
9.23764
9.19186
9.14617
9.1006
9.05516
9.00985
8.96471
8.91975
8.875
8.83046
8.78618
8.74216
8.69845
8.65506
8.61203
8.5694
8.52718
8.48542
8.44414
8.40338
8.36317
8.32353
8.2845
8.2461
8.20835
8.17127
8.13488
8.09922
8.06428
8.03011
7.99673
7.96418
7.93249
7.90172
7.87195
7.84325
7.81574
7.78956
7.76487
7.74187
7.7208
7.70193
7.68559
7.67214
7.662
7.65562
7.65351
7.65621
7.66433
7.67851
7.69944
7.72792
7.765
7.81181
7.86903
7.93746
8.01805
8.11196
8.22104
8.347
8.49152
8.65637
8.84327
9.05376
9.28907
9.54991
9.83635
10.1476
10.4819
10.8363
11.2068
11.5883
11.9746
12.3588
12.733
13.0892
13.419
13.7145
13.9681
14.1731
14.3243
14.4186
14.4547
14.4343
14.3616
14.2432
14.088
13.9055
12.9715
12.9307
12.8898
12.8489
12.8079
12.7669
12.7259
12.6848
12.6436
12.6024
12.5611
12.5198
12.4784
12.4369
12.3954
12.3538
12.3122
12.2705
12.2287
12.1869
12.145
12.1031
12.0611
12.019
11.9769
11.9347
11.8924
11.8501
11.8077
11.7652
11.7226
11.68
11.6374
11.5946
11.5518
11.5089
11.466
11.423
11.3799
11.3368
11.2936
11.2503
11.207
11.1636
11.1202
11.0767
11.0331
10.9895
10.9458
10.9021
10.8583
10.8144
10.7705
10.7266
10.6826
10.6385
10.5944
10.5502
10.506
10.4617
10.4174
10.373
10.3286
10.2841
10.2396
10.1951
10.1504
10.1058
10.0611
10.0163
9.97156
9.92675
9.8819
9.83701
9.79211
9.74717
9.70222
9.65725
9.61227
9.56728
9.52229
9.4773
9.43232
9.38735
9.3424
9.29748
9.25258
9.20771
9.16289
9.11811
9.07338
9.02871
8.98412
8.93959
8.89515
8.85081
8.80657
8.76245
8.71846
8.67461
8.63093
8.58742
8.54411
8.50101
8.45816
8.41556
8.37327
8.33129
8.28966
8.24842
8.20761
8.16726
8.12741
8.08812
8.04943
8.01139
7.97407
7.93752
7.90182
7.86703
7.83324
7.80055
7.76904
7.73884
7.71007
7.68287
7.65739
7.63381
7.61233
7.59315
7.57652
7.5627
7.55199
7.5447
7.54119
7.54185
7.54711
7.55744
7.57335
7.59541
7.62425
7.66057
7.70516
7.7589
7.82283
7.89811
7.98606
8.08814
8.20601
8.34154
8.49685
8.67426
8.87619
9.10514
9.36353
9.65352
9.97688
10.3347
10.7274
11.1541
11.6129
12.1008
12.6133
13.1447
13.6881
14.2356
14.7785
15.3071
15.8117
16.2821
16.7085
17.0818
17.3944
17.6406
17.8173
17.9249
17.9669
17.9507
17.8864
17.7863
12.9302
12.8872
12.844
12.8008
12.7574
12.714
12.6705
12.6268
12.5831
12.5393
12.4953
12.4513
12.4073
12.3631
12.3189
12.2746
12.2302
12.1858
12.1413
12.0967
12.0521
12.0074
11.9627
11.918
11.8732
11.8284
11.7835
11.7386
11.6937
11.6488
11.6039
11.5589
11.5139
11.4689
11.424
11.379
11.334
11.289
11.244
11.199
11.154
11.109
11.064
11.019
10.9741
10.9292
10.8842
10.8393
10.7944
10.7495
10.7047
10.6598
10.615
10.5702
10.5254
10.4806
10.4359
10.3911
10.3464
10.3018
10.2571
10.2125
10.1679
10.1233
10.0787
10.0342
9.98973
9.94526
9.90083
9.85642
9.81205
9.76772
9.72342
9.67916
9.63494
9.59076
9.54663
9.50255
9.45852
9.41454
9.37062
9.32676
9.28296
9.23923
9.19557
9.15198
9.10847
9.06504
9.02169
8.97844
8.93527
8.89221
8.84925
8.8064
8.76367
8.72106
8.67859
8.63625
8.59407
8.55206
8.51022
8.46858
8.42714
8.38594
8.34498
8.3043
8.26392
8.22388
8.18421
8.14494
8.10612
8.06781
8.03005
7.99291
7.95644
7.92073
7.88586
7.85191
7.81899
7.78719
7.75665
7.72749
7.69987
7.67393
7.64986
7.62784
7.60809
7.59083
7.57632
7.56483
7.55667
7.55214
7.55162
7.55549
7.56418
7.57815
7.59794
7.6241
7.6573
7.69824
7.74776
7.80676
7.87634
7.95771
8.0523
8.16176
8.288
8.4332
8.59985
8.79074
9.00895
9.25785
9.54093
9.86177
10.2238
10.6302
11.0837
11.586
12.1381
12.7398
13.3895
14.0842
14.8195
15.5893
16.3861
17.2009
18.0231
18.8408
19.641
20.41
21.1339
21.7994
22.3945
22.91
23.3401
23.6837
23.9453
24.1346
24.2658
24.3544
12.9128
12.8689
12.8248
12.7807
12.7364
12.692
12.6475
12.6029
12.5582
12.5133
12.4684
12.4233
12.3782
12.333
12.2877
12.2423
12.1968
12.1513
12.1057
12.0601
12.0144
11.9687
11.9229
11.8771
11.8313
11.7854
11.7395
11.6937
11.6478
11.6019
11.5561
11.5102
11.4644
11.4185
11.3728
11.327
11.2813
11.2356
11.1899
11.1443
11.0987
11.0532
11.0078
10.9624
10.917
10.8717
10.8265
10.7813
10.7362
10.6911
10.6462
10.6012
10.5564
10.5116
10.4669
10.4223
10.3777
10.3332
10.2888
10.2445
10.2002
10.156
10.1119
10.0679
10.024
9.98013
9.93636
9.89268
9.84909
9.80558
9.76217
9.71885
9.67562
9.6325
9.58948
9.54655
9.50374
9.46103
9.41844
9.37596
9.3336
9.29135
9.24924
9.20724
9.16538
9.12365
9.08206
9.0406
8.99929
8.95813
8.91711
8.87625
8.83556
8.79502
8.75466
8.71447
8.67447
8.63465
8.59504
8.55565
8.51647
8.47754
8.43886
8.40046
8.36235
8.32457
8.28714
8.25009
8.21347
8.17732
8.14169
8.10663
8.07222
8.03851
8.0056
7.97358
7.94253
7.91259
7.88386
7.85649
7.83063
7.80645
7.78413
7.76387
7.74589
7.73045
7.7178
7.70824
7.70209
7.69969
7.70144
7.70774
7.71906
7.73591
7.75886
7.78854
7.82565
7.871
7.9255
7.99018
8.06623
8.15504
8.2582
8.37759
8.51538
8.67407
8.85659
9.06625
9.30685
9.58258
9.8981
10.2584
10.6686
11.1341
11.66
12.2512
12.9119
13.6455
14.4542
15.339
16.2991
17.3321
18.4335
19.5966
20.8125
22.0698
23.3545
24.6506
25.9401
27.2034
28.4203
29.5714
30.639
31.6091
32.4727
33.2281
33.8834
34.4544
34.9635
35.427
12.9078
12.8639
12.8199
12.7758
12.7316
12.6873
12.643
12.5985
12.554
12.5094
12.4648
12.42
12.3753
12.3305
12.2856
12.2407
12.1958
12.1508
12.1058
12.0609
12.0159
11.9709
11.9259
11.8809
11.836
11.7911
11.7462
11.7013
11.6564
11.6117
11.5669
11.5222
11.4776
11.433
11.3884
11.344
11.2996
11.2552
11.211
11.1668
11.1227
11.0786
11.0347
10.9908
10.947
10.9032
10.8596
10.8161
10.7726
10.7292
10.6859
10.6427
10.5996
10.5566
10.5137
10.4708
10.4281
10.3855
10.3429
10.3005
10.2582
10.216
10.1739
10.1319
10.09
10.0483
10.0067
9.96515
9.92378
9.88254
9.84143
9.80047
9.75965
9.71898
9.67846
9.6381
9.59789
9.55786
9.51799
9.47829
9.43877
9.39943
9.36028
9.32131
9.28253
9.24395
9.20557
9.1674
9.12942
9.09166
9.05411
9.01678
8.97966
8.94277
8.90611
8.86969
8.83351
8.79757
8.7619
8.72649
8.69136
8.65653
8.622
8.58781
8.55397
8.52052
8.48748
8.45489
8.4228
8.39126
8.36033
8.33007
8.30057
8.2719
8.24417
8.21749
8.19199
8.1678
8.14508
8.124
8.10475
8.08755
8.07264
8.06028
8.05075
8.04439
8.04153
8.04257
8.04795
8.05813
8.07365
8.09509
8.12311
8.15845
8.20194
8.25451
8.31725
8.39138
8.47831
8.5797
8.69744
8.83375
8.99124
9.17291
9.38228
9.62341
9.90096
10.2202
10.5872
11.0085
11.4914
12.0435
12.673
13.388
14.1967
15.1067
16.1251
17.2575
18.5083
19.88
21.373
22.9848
24.7104
26.5412
28.4653
30.4669
32.5262
34.6201
36.7222
38.8033
40.8329
42.7831
44.6283
46.3473
47.9264
49.3649
50.6822
51.9044
53.0596
54.149
12.919
12.8764
12.8337
12.7909
12.7482
12.7056
12.6629
12.6202
12.5776
12.535
12.4924
12.4499
12.4074
12.365
12.3226
12.2803
12.238
12.1958
12.1536
12.1116
12.0696
12.0277
11.9858
11.944
11.9023
11.8607
11.8192
11.7778
11.7364
11.6951
11.6539
11.6128
11.5718
11.5308
11.4899
11.4492
11.4085
11.3678
11.3273
11.2868
11.2464
11.2061
11.1659
11.1258
11.0857
11.0457
11.0058
10.966
10.9263
10.8867
10.8471
10.8077
10.7683
10.729
10.6899
10.6508
10.6119
10.5731
10.5344
10.4958
10.4574
10.4191
10.381
10.343
10.3051
10.2675
10.23
10.1926
10.1555
10.1185
10.0818
10.0453
10.0089
9.97283
9.93694
9.90129
9.86587
9.8307
9.79577
9.7611
9.72668
9.69252
9.65862
9.625
9.59164
9.55856
9.52575
9.49322
9.46096
9.42899
9.3973
9.3659
9.33478
9.30395
9.27341
9.24316
9.21321
9.18356
9.15423
9.12521
9.09653
9.06819
9.04022
9.01264
8.98547
8.95875
8.93252
8.90682
8.88171
8.85725
8.83353
8.81063
8.78865
8.7677
8.74792
8.72946
8.71249
8.69719
8.68377
8.67248
8.66358
8.65737
8.65417
8.65437
8.65836
8.66661
8.67964
8.69802
8.72239
8.75348
8.7921
8.83916
8.89573
8.96299
9.0423
9.13523
9.24361
9.36953
9.51545
9.68421
9.87917
10.1042
10.3639
10.6635
11.0091
11.4077
11.8675
12.3974
13.0075
13.709
14.5137
15.4345
16.4845
17.6768
19.0244
20.5393
22.2323
24.1121
26.1853
28.4555
30.9227
33.583
36.4271
39.4401
42.6009
45.8807
49.2431
52.6482
56.049
59.3933
62.6273
65.7144
68.6141
71.2877
73.7082
75.8869
77.9083
79.7834
81.5074
83.0717
12.9688
12.9298
12.891
12.8524
12.8139
12.7755
12.7373
12.6993
12.6614
12.6237
12.5861
12.5487
12.5114
12.4743
12.4373
12.4004
12.3636
12.327
12.2905
12.2541
12.2178
12.1816
12.1455
12.1095
12.0736
12.0378
12.0021
11.9664
11.9308
11.8953
11.8598
11.8244
11.789
11.7537
11.7184
11.6832
11.6481
11.6129
11.5779
11.5429
11.5079
11.473
11.4381
11.4033
11.3686
11.3339
11.2993
11.2648
11.2304
11.1961
11.1619
11.1278
11.0938
11.06
11.0263
10.9927
10.9594
10.9262
10.8932
10.8605
10.8279
10.7956
10.7635
10.7317
10.7001
10.6688
10.6378
10.6071
10.5767
10.5466
10.5168
10.4874
10.4583
10.4295
10.4011
10.3731
10.3454
10.3181
10.2911
10.2645
10.2383
10.2125
10.187
10.1619
10.1372
10.1129
10.0889
10.0653
10.042
10.0191
9.99653
9.97432
9.95246
9.93094
9.90975
9.88891
9.8684
9.84824
9.82843
9.80898
9.78989
9.7712
9.75291
9.73506
9.71768
9.70081
9.68452
9.66886
9.65392
9.63978
9.62655
9.61436
9.60335
9.5937
9.58558
9.57923
9.57489
9.57283
9.57337
9.57686
9.58371
9.59435
9.60928
9.62908
9.65437
9.68586
9.72435
9.77076
9.82612
9.8916
9.96854
10.0585
10.1632
10.2846
10.4253
10.5878
10.7754
10.9917
11.2412
11.5288
11.8605
12.2432
12.6848
13.1944
13.7828
14.4617
15.2448
16.147
17.1846
18.3754
19.7379
21.2913
23.0545
25.0462
27.2834
29.7815
32.5526
35.6059
38.9458
42.5709
46.4733
50.6361
55.0313
59.6211
64.3562
69.1718
73.9917
78.7527
83.3688
87.746
91.7962
95.5536
98.931
101.858
104.295
106.239
107.721
108.818
109.543
109.927
13.1135
13.0827
13.0521
13.0219
12.9918
12.962
12.9325
12.9031
12.8739
12.8449
12.816
12.7873
12.7586
12.7301
12.7017
12.6734
12.6451
12.6169
12.5887
12.5605
12.5324
12.5043
12.4761
12.448
12.4198
12.3917
12.3635
12.3352
12.307
12.2787
12.2504
12.222
12.1937
12.1653
12.1369
12.1085
12.0801
12.0517
12.0233
11.995
11.9667
11.9385
11.9104
11.8824
11.8545
11.8268
11.7992
11.7718
11.7446
11.7176
11.6908
11.6643
11.6381
11.6121
11.5865
11.5612
11.5363
11.5118
11.4876
11.4639
11.4406
11.4178
11.3954
11.3735
11.352
11.3311
11.3107
11.2909
11.2715
11.2527
11.2345
11.2168
11.1997
11.1831
11.1671
11.1517
11.1368
11.1224
11.1086
11.0954
11.0827
11.0705
11.0588
11.0477
11.037
11.0268
11.0171
11.0078
10.999
10.9906
10.9827
10.9751
10.9679
10.9611
10.9547
10.9487
10.943
10.9377
10.9327
10.9282
10.9241
10.9204
10.9171
10.9144
10.9122
10.9107
10.9098
10.9098
10.9108
10.9128
10.916
10.9207
10.9271
10.9354
10.946
10.9592
10.9753
10.9948
11.0183
11.0464
11.0795
11.1186
11.1644
11.2178
11.2799
11.352
11.4353
11.5315
11.6422
11.7697
11.9161
12.0843
12.2773
12.4989
12.7532
13.0451
13.3805
13.7659
14.209
14.719
15.306
15.982
16.7607
17.6574
18.6895
19.876
21.2381
22.7982
24.5801
26.6084
28.9076
31.5016
34.4126
37.6599
41.2593
45.2211
49.5495
54.2403
59.2794
64.6393
70.2804
76.1458
82.1553
88.2269
94.2621
100.131
105.701
110.976
115.788
119.997
123.499
126.24
128.198
129.387
129.849
129.662
128.919
127.792
126.298
124.541
13.4555
13.438
13.4206
13.4033
13.3861
13.369
13.3518
13.3347
13.3175
13.3002
13.2828
13.2654
13.2478
13.2301
13.2122
13.1941
13.1759
13.1575
13.1389
13.1201
13.1012
13.082
13.0627
13.0432
13.0235
13.0037
12.9838
12.9637
12.9436
12.9234
12.9031
12.8828
12.8626
12.8423
12.8221
12.8021
12.7821
12.7623
12.7426
12.7232
12.704
12.6851
12.6666
12.6483
12.6305
12.6131
12.5962
12.5797
12.5638
12.5485
12.5337
12.5196
12.5061
12.4933
12.4812
12.4699
12.4594
12.4496
12.4407
12.4326
12.4254
12.419
12.4136
12.409
12.4054
12.4027
12.401
12.4001
12.4002
12.4013
12.4033
12.4062
12.4101
12.4148
12.4204
12.4269
12.4343
12.4425
12.4516
12.4614
12.472
12.4833
12.4953
12.5081
12.5215
12.5355
12.5501
12.5653
12.581
12.5973
12.614
12.6312
12.6489
12.667
12.6855
12.7044
12.7238
12.7436
12.7639
12.7846
12.8058
12.8276
12.85
12.8731
12.8971
12.922
12.9479
12.9752
13.0039
13.0344
13.0669
13.1018
13.1394
13.1803
13.2249
13.2739
13.3279
13.3878
13.4544
13.5287
13.6119
13.7052
13.8103
13.9288
14.0625
14.2137
14.385
14.5791
14.7993
15.0495
15.334
15.6578
16.0267
16.4473
16.9274
17.4757
18.1026
18.8196
19.6401
20.5792
21.6541
22.8837
24.2894
25.8941
27.7229
29.8024
32.1601
34.8241
37.822
41.1799
44.9212
49.0648
53.6236
58.6023
63.9953
69.7854
75.9406
82.4151
89.1441
96.0375
103.008
109.932
116.649
123.088
129.113
134.508
139.1
142.771
145.448
147.108
147.776
147.516
146.42
144.606
142.196
139.332
136.134
132.827
129.37
125.962
14.1367
14.1354
14.1337
14.1315
14.1288
14.1257
14.1221
14.118
14.1134
14.1083
14.1027
14.0966
14.0901
14.0831
14.0756
14.0678
14.0596
14.051
14.042
14.0328
14.0234
14.0137
14.0039
13.994
13.984
13.9739
13.9639
13.954
13.9442
13.9345
13.9251
13.9161
13.9073
13.899
13.8911
13.8838
13.8771
13.8709
13.8655
13.8609
13.8571
13.8541
13.8521
13.8511
13.8512
13.8523
13.8547
13.8582
13.863
13.8692
13.8767
13.8856
13.896
13.9079
13.9214
13.9364
13.953
13.9713
13.9913
14.0129
14.0362
14.0612
14.0879
14.1164
14.1466
14.1785
14.2121
14.2473
14.2843
14.3229
14.3631
14.4048
14.4482
14.493
14.5393
14.587
14.6361
14.6865
14.7382
14.7911
14.8451
14.9003
14.9565
15.0137
15.0719
15.1309
15.1908
15.2515
15.3129
15.3751
15.4379
15.5014
15.5656
15.6304
15.6958
15.7618
15.8286
15.896
15.9642
16.0332
16.1032
16.1743
16.2466
16.3203
16.3956
16.4728
16.5522
16.6342
16.7192
16.8077
16.9003
16.9976
17.1004
17.2095
17.3261
17.4511
17.586
17.7322
17.8915
18.0657
18.257
18.4681
18.7016
18.9609
19.2495
19.5718
19.9325
20.337
20.7914
21.3028
21.8791
22.5295
23.2642
24.0949
25.0348
26.0986
27.3029
28.666
30.2083
31.952
33.9209
36.1409
38.6389
41.4428
44.5806
48.0798
51.966
56.2618
60.9846
66.1447
71.7432
77.7691
84.1967
90.9831
98.067
105.372
112.801
120.253
127.601
134.677
141.446
147.698
153.196
157.742
161.192
163.452
164.493
164.35
163.118
160.929
157.943
154.326
150.237
145.823
141.216
136.54
131.863
127.391
123.019
119.091
15.319
15.3326
15.345
15.3564
15.3669
15.3765
15.3851
15.393
15.4001
15.4064
15.4122
15.4173
15.4219
15.4261
15.43
15.4335
15.4369
15.4401
15.4433
15.4466
15.45
15.4537
15.4577
15.4621
15.4671
15.4726
15.4789
15.4859
15.4939
15.5029
15.513
15.5243
15.5369
15.5509
15.5665
15.5837
15.6026
15.6234
15.6461
15.6709
15.6979
15.7271
15.7587
15.7927
15.8293
15.8685
15.9105
15.9554
16.0031
16.0539
16.1077
16.1646
16.2248
16.2881
16.3548
16.4248
16.4982
16.575
16.6552
16.7388
16.8258
16.9163
17.0102
17.1074
17.2079
17.3118
17.419
17.5293
17.6427
17.7593
17.8788
18.0012
18.1265
18.2545
18.3851
18.5182
18.6538
18.7918
18.9319
19.0742
19.2185
19.3647
19.5128
19.6626
19.8141
19.9672
20.1218
20.2778
20.4353
20.5941
20.7543
20.9158
21.0787
21.243
21.4088
21.576
21.745
21.9157
22.0884
22.2634
22.4407
22.6209
22.8042
22.991
23.182
23.3777
23.5788
23.786
24.0004
24.2229
24.4548
24.6973
24.9522
25.2211
25.5061
25.8095
26.1339
26.4822
26.8578
27.2643
27.7061
28.1878
28.715
29.2936
29.9304
30.633
31.41
32.2707
33.2259
34.2872
35.4678
36.7819
38.2455
39.8759
41.6919
43.7137
45.963
48.4627
51.2366
54.3093
57.7054
61.4489
65.5623
70.0655
74.9744
80.299
86.0418
92.1947
98.7374
105.634
112.832
120.257
127.815
135.392
142.858
150.1
156.966
163.41
169.263
174.279
178.261
181.051
182.537
182.669
181.468
179.029
175.505
171.094
166.015
160.491
154.716
148.854
143.031
137.341
131.868
126.667
121.705
117.136
112.878
109.406
17.2144
17.2414
17.2672
17.292
17.3159
17.339
17.3613
17.3832
17.4046
17.4257
17.4467
17.4677
17.4889
17.5104
17.5323
17.5548
17.5782
17.6024
17.6278
17.6545
17.6826
17.7123
17.7439
17.7774
17.8131
17.8512
17.8918
17.9351
17.9814
18.0309
18.0836
18.14
18.2
18.2641
18.3323
18.4048
18.482
18.5639
18.6509
18.743
18.8406
18.9437
19.0526
19.1676
19.2887
19.4161
19.55
19.6906
19.8381
19.9924
20.1539
20.3225
20.4984
20.6816
20.8723
21.0705
21.2761
21.4893
21.71
21.9382
22.1739
22.417
22.6674
22.925
23.1898
23.4616
23.7403
24.0257
24.3176
24.6159
24.9204
25.2309
25.5472
25.8691
26.1963
26.5287
26.866
27.2079
27.5544
27.9052
28.2601
28.6188
28.9814
29.3475
29.7172
30.0901
30.4663
30.8457
31.2283
31.614
32.003
32.3952
32.7907
33.1898
33.5927
33.9996
34.4109
34.827
35.2482
35.6753
36.1088
36.5495
36.9982
37.456
37.9239
38.4033
38.8955
39.4023
39.9256
40.4674
41.0301
41.6165
42.2295
42.8726
43.5495
44.2644
45.0222
45.8281
46.6879
47.6081
48.596
49.6594
50.8071
52.0487
53.3947
54.8564
56.4463
58.1779
60.0653
62.1241
64.3705
66.8218
69.496
72.4115
75.5873
79.042
82.7941
86.861
91.2583
95.9991
101.093
106.544
112.351
118.504
124.984
131.758
138.78
145.99
153.307
160.634
167.852
174.826
181.405
187.429
192.766
197.444
201.251
203.995
205.521
205.711
204.506
201.914
198.006
192.921
186.852
180.041
172.744
165.212
157.677
150.351
143.355
136.765
130.62
124.929
119.749
115.035
110.66
106.745
103.22
100.685
20.2444
20.2902
20.3358
20.3813
20.4271
20.4733
20.5203
20.5682
20.6174
20.6681
20.7207
20.7755
20.8327
20.8927
20.9557
21.0222
21.0924
21.1667
21.2455
21.3291
21.4178
21.5121
21.6123
21.7189
21.8322
21.9526
22.0806
22.2166
22.361
22.5143
22.677
22.8495
23.0322
23.2257
23.4304
23.6469
23.8755
24.1168
24.3712
24.6393
24.9215
25.2182
25.5299
25.857
26.1999
26.559
26.9347
27.3273
27.7372
28.1645
28.6095
29.0725
29.5536
30.0528
30.5703
31.1062
31.6602
32.2325
32.8228
33.431
34.0568
34.6999
35.3601
36.0369
36.73
37.4388
38.1629
38.9018
39.6548
40.4214
41.2009
41.9928
42.7964
43.611
44.4361
45.2708
46.1147
46.967
47.8273
48.6949
49.5693
50.4501
51.3368
52.2291
53.1265
54.0289
54.936
55.8477
56.7639
57.6846
58.61
59.5403
60.4757
61.4167
62.3637
63.3173
64.2783
65.2475
66.2259
67.2146
68.2149
69.2281
70.256
71.3004
72.3632
73.4468
74.5536
75.6866
76.8487
78.0435
79.2749
80.5469
81.8644
83.2324
84.6565
86.1428
87.6981
89.3295
91.045
92.8531
94.7628
96.784
98.9271
101.203
103.624
106.201
108.947
111.875
114.998
118.328
121.879
125.662
129.689
133.969
138.509
143.316
148.391
153.731
159.33
165.174
171.241
177.502
183.915
190.429
196.978
203.48
209.84
215.948
221.676
226.886
231.428
235.15
237.902
239.545
240.111
239.503
237.601
234.351
229.743
223.826
216.714
208.598
199.705
190.295
180.635
170.987
161.586
152.624
144.258
136.672
129.822
123.674
118.182
113.285
108.937
105.069
101.571
98.5817
95.9023
94.4668
25.4491
25.5402
25.635
25.7341
25.8378
25.9467
26.0613
26.1824
26.3104
26.4461
26.5901
26.7431
26.9059
27.079
27.2634
27.4598
27.669
27.8917
28.129
28.3817
28.6506
28.9368
29.2413
29.565
29.9091
30.2745
30.6625
31.0741
31.5106
31.9732
32.463
32.9813
33.5294
34.1086
34.72
35.3651
36.045
36.761
37.5144
38.3063
39.1378
40.0101
40.9242
41.881
42.8814
43.9261
45.0159
46.1511
47.3323
48.5596
49.8332
51.1531
52.5188
53.9302
55.3865
56.8871
58.431
60.017
61.6439
63.3101
65.0141
66.7541
68.5282
70.3342
72.1702
74.0337
75.9225
77.8343
79.7665
81.7168
83.6828
85.662
87.6521
89.6507
91.6557
93.6649
95.6763
97.6879
99.6981
101.705
103.708
105.705
107.696
109.679
111.653
113.619
115.576
117.523
119.462
121.391
123.311
125.224
127.13
129.029
130.923
132.814
134.702
136.589
138.478
140.369
142.266
144.169
146.083
148.009
149.951
151.911
153.892
155.9
157.936
160.006
162.115
164.266
166.465
168.718
171.03
173.408
175.859
178.388
181.005
183.715
186.528
189.45
192.491
195.658
198.958
202.4
205.99
209.734
213.637
217.702
221.931
226.322
230.873
235.574
240.416
245.38
250.444
255.579
260.748
265.903
270.989
275.939
280.675
285.105
289.127
292.627
295.481
297.558
298.723
298.844
297.797
295.475
291.795
286.713
280.247
272.45
263.412
253.308
242.262
230.454
218.125
205.609
193.189
181.118
169.598
158.794
148.835
139.8
131.73
124.646
118.489
113.178
108.616
104.696
101.323
98.4208
95.9041
93.8438
91.9961
91.655
36.2622
36.5232
36.8019
37.099
37.4163
37.7553
38.1176
38.5049
38.9189
39.3615
39.8344
40.3395
40.8789
41.4546
42.0686
42.7234
43.4211
44.1641
44.955
45.7963
46.6908
47.6411
48.6502
49.721
50.8564
52.0597
53.3338
54.6821
56.1076
57.6136
59.2034
60.88
62.6465
64.506
66.4613
68.5152
70.6702
72.9286
75.2925
77.7635
80.3431
83.0324
85.8318
88.7416
91.7614
94.8904
98.1271
101.47
104.915
108.461
112.104
115.839
119.661
123.566
127.547
131.598
135.713
139.884
144.104
148.365
152.66
156.981
161.32
165.669
170.02
174.366
178.698
183.011
187.298
191.551
195.765
199.935
204.056
208.122
212.131
216.079
219.963
223.781
227.531
231.212
234.823
238.364
241.836
245.239
248.574
251.843
255.047
258.188
261.27
264.294
267.263
270.18
273.048
275.871
278.652
281.394
284.1
286.775
289.421
292.042
294.642
297.224
299.792
302.349
304.899
307.445
309.992
312.543
315.101
317.671
320.257
322.862
325.489
328.145
330.831
333.553
336.314
339.117
341.966
344.864
347.815
350.818
353.877
356.99
360.156
363.374
366.638
369.941
373.274
376.623
379.971
383.298
386.578
389.78
392.866
395.792
398.506
400.948
403.05
404.734
405.913
406.493
406.371
405.438
403.581
400.687
396.643
391.347
384.712
376.672
367.193
356.278
343.974
330.38
315.648
299.976
283.603
266.802
249.855
233.043
216.648
200.938
186.236
172.707
160.388
149.318
139.51
130.943
123.566
117.304
112.055
107.705
104.134
101.209
98.8079
96.8822
95.3183
94.1352
93.0617
93.6991
68.47
69.4616
70.5306
71.6808
72.9176
74.2459
75.6699
77.1939
78.8227
80.5612
82.4143
84.3873
86.4859
88.7155
91.0821
93.5918
96.2508
99.0654
102.042
105.187
108.508
112.01
115.7
119.585
123.671
127.964
132.469
137.192
142.138
147.311
152.714
158.351
164.223
170.331
176.676
183.257
190.07
197.113
204.38
211.865
219.561
227.457
235.545
243.81
252.241
260.821
269.536
278.367
287.297
296.306
305.375
314.483
323.61
332.735
341.837
350.895
359.889
368.799
377.607
386.296
394.847
403.246
411.478
419.531
427.393
435.055
442.508
449.746
456.764
463.559
470.127
476.47
482.587
488.48
494.153
499.61
504.855
509.895
514.736
519.386
523.853
528.145
532.269
536.236
540.052
543.728
547.272
550.693
553.999
557.198
560.298
563.307
566.233
569.081
571.859
574.572
577.226
579.826
582.376
584.882
587.345
589.77
592.159
594.515
596.838
599.13
601.392
603.623
605.822
607.99
610.124
612.222
614.281
616.296
618.263
620.175
622.027
623.812
625.521
627.143
628.665
630.074
631.355
632.49
633.46
634.241
634.804
635.122
635.16
634.88
634.241
633.194
631.689
629.668
627.068
623.82
619.847
615.071
609.407
602.769
595.067
586.213
576.121
564.712
551.918
537.686
521.987
504.816
486.206
466.228
445
422.688
399.507
375.719
351.624
327.543
303.802
280.724
258.608
237.72
218.276
200.42
184.607
170.726
158.506
147.856
138.713
130.993
124.582
119.349
115.161
111.888
109.398
107.543
106.184
105.327
104.791
104.509
104.257
105.33
82.2678
80.9446
79.7192
78.5893
77.5528
76.6076
75.7522
74.9854
74.3062
73.7136
73.207
72.7861
72.4505
72.2001
72.0352
71.9558
71.9624
72.0556
72.2361
72.5047
72.8624
73.3103
73.8494
74.481
75.2064
76.027
76.9439
77.9587
79.0725
80.2867
81.6022
83.0202
84.5414
86.1666
87.896
89.7299
91.668
93.7099
95.8544
98.1004
100.446
102.889
105.426
108.055
110.771
113.57
116.447
119.397
122.413
125.49
128.62
131.796
135.011
138.256
141.525
144.807
148.097
151.384
154.661
157.92
161.154
164.354
167.514
170.628
173.689
176.691
179.63
182.501
185.302
188.027
190.676
193.247
195.738
198.148
200.479
202.73
204.903
206.999
209.021
210.97
212.85
214.664
216.415
218.107
219.744
221.33
222.868
224.362
225.818
227.238
228.627
229.989
231.328
232.647
233.95
235.241
236.523
237.798
239.07
240.342
241.616
242.894
244.178
245.471
246.772
248.085
249.41
250.747
252.097
253.46
254.837
256.226
257.628
259.041
260.464
261.896
263.334
264.776
266.221
267.665
269.105
270.536
271.955
273.357
274.738
276.092
277.413
278.694
279.928
281.107
282.22
283.259
284.212
285.066
285.807
286.421
286.889
287.192
287.308
287.214
286.882
286.284
285.389
284.165
282.576
280.589
278.169
275.286
271.913
268.031
263.632
258.723
253.327
247.486
241.254
234.695
227.872
220.846
213.694
206.513
199.4
192.36
185.258
178.353
171.974
166.369
161.677
157.939
155.112
153.112
151.855
151.262
151.241
151.636
152.333
153.431
154.652
155.385
156.576
153.384
422.676
421.391
420.896
418.51
414.438
409.7
404.972
400.711
397.294
395.046
394.252
395.179
398.094
403.282
411.084
421.85
436.031
454.178
477.053
505.491
540.88
286.415
185.743
141.91
135.385
203.821
195.654
188.685
182.483
176.642
171.004
165.585
160.455
155.693
151.373
147.566
144.337
141.747
139.858
138.833
138.676
139.441
141.236
144.154
148.428
153.247
132.751
113.215
99.7748
89.7419
154.649
147.694
141.147
135.061
129.348
123.93
118.789
113.939
109.402
105.207
101.378
97.9412
94.9178
92.329
90.2143
88.6067
87.5061
86.9382
86.9212
87.5167
88.3965
84.5295
78.697
73.5721
68.3055
132.867
126.953
121.145
115.573
110.265
105.214
100.423
95.9062
91.6774
87.7511
84.1409
80.8585
77.9138
75.315
73.0746
71.207
69.7153
68.6047
67.8781
67.5553
67.4854
66.1727
63.7737
61.3626
58.3413
120.337
115.186
110.016
104.949
100.046
95.3385
90.8528
86.6104
82.6287
78.9211
75.4982
72.3679
69.5353
67.0042
64.7785
62.8624
61.2588
59.9668
58.9846
58.3184
57.8867
57.1262
55.8388
54.5007
52.561
112.119
107.564
102.925
98.3042
93.7707
89.3736
85.153
81.1399
77.3572
73.8216
70.5447
67.5342
64.7943
62.3269
60.1328
58.2123
56.5654
55.1896
54.081
53.24
52.6173
51.9705
51.0921
50.2183
48.8415
106.258
102.207
98.0256
93.8
89.6005
85.4845
81.5007
77.6875
74.0735
70.6797
67.5205
64.6052
61.9386
59.5226
57.3571
55.4406
53.7713
52.3457
51.1587
50.2081
49.4607
48.8045
48.0731
47.4011
46.3267
101.799
98.2049
94.4349
90.5684
86.6756
82.8187
79.0521
75.4198
71.9557
68.6852
65.626
62.7897
60.1829
57.8084
55.666
53.7538
52.0691
50.6079
49.3642
48.3344
47.4942
46.7903
46.0944
45.4993
44.5828
98.2095
95.0485
91.6648
88.1349
84.5305
80.9178
77.3553
73.892
70.5665
67.4082
64.4383
61.6712
59.1157
56.7758
54.6522
52.7433
51.0458
49.5556
48.2664
47.1738
46.2583
45.4957
44.7845
44.2027
43.3596
95.1555
92.4217
89.4136
86.2094
82.8835
79.5064
76.1408
72.8399
69.6467
66.5946
63.7082
61.005
58.4959
56.1867
54.0794
52.1727
50.4639
48.9486
47.6204
46.475
45.4952
44.6724
43.922
43.3203
42.4999
92.4128
90.1113
87.479
84.5982
81.5481
78.4039
75.2327
72.092
69.0289
66.0808
63.2759
60.6344
58.1698
55.8899
53.7977
51.8934
50.1744
48.6369
47.2745
46.083
45.0466
44.1656
43.3656
42.7266
41.8984
89.8205
87.9642
85.7154
83.1628
80.3918
77.4827
74.5077
71.5286
68.597
65.754
63.0312
60.4521
58.0324
55.782
53.7056
51.8047
50.0775
48.5205
47.1278
45.8955
44.8087
43.8731
43.0199
42.3351
41.4815
87.2588
85.8651
84.0129
81.7986
79.3145
76.6472
73.8738
71.0613
68.2653
65.5311
62.8937
60.3795
58.0071
55.7884
53.7301
51.8348
50.1019
48.5286
47.1095
45.8413
44.7094
43.7234
42.8172
42.0837
41.1954
84.6365
83.7251
82.2856
80.4231
78.2376
75.8219
73.259
70.6207
67.9673
65.3479
62.8012
60.3568
58.0359
55.8526
53.8158
51.9297
50.1945
48.6087
47.1673
45.868
44.6963
43.6647
42.708
41.926
40.9994
81.884
81.474
80.4647
78.9697
77.0967
74.9453
72.6043
70.1505
67.6488
65.1525
62.704
60.3358
58.072
55.9297
53.9193
52.0469
50.314
48.7202
47.2612
45.9358
44.7298
43.6579
42.6548
41.8269
40.8621
78.949
79.0564
78.494
77.3828
75.838
73.9656
71.8599
69.603
67.2644
64.9014
62.56
60.2762
58.0773
55.9827
54.0051
52.1522
50.4271
48.8307
47.3595
46.0135
44.7789
43.6725
42.6283
41.7585
40.7588
75.793
76.4285
76.3273
75.6158
74.4154
72.8377
70.9826
68.9368
66.7743
64.5565
62.333
60.1438
58.0189
55.9804
54.0432
52.2169
50.5061
48.9132
47.436
46.0757
44.8189
43.684
42.6053
41.6984
40.6694
72.389
73.556
73.9264
73.6289
72.7889
71.5225
69.9342
68.1151
66.1435
64.0844
61.9916
59.9086
57.8684
55.8957
54.0077
52.216
50.5272
48.9451
47.4689
46.101
44.829
43.6724
42.5665
41.6283
40.577
68.7103
70.4007
71.2459
71.3724
70.9069
69.968
68.6635
67.0883
65.3244
63.4404
61.4942
59.532
57.5901
55.6957
53.8684
52.122
50.4648
48.9023
47.4352
46.0673
44.7871
43.6149
42.4876
41.522
40.4529
64.7612
66.9587
68.2756
68.8313
68.75
68.151
67.1441
65.8271
64.2853
62.5909
60.8052
58.9776
57.147
55.3433
53.5885
51.8982
50.2829
48.7496
47.3005
45.9408
44.6603
43.4799
42.3381
41.3516
40.2686
60.5617
63.244
65.0258
66.013
66.3237
66.0753
65.3783
64.3323
63.0253
61.533
59.9202
58.239
56.5311
54.8289
53.1568
51.5325
49.9682
48.4731
47.0507
45.7079
44.4356
43.2559
42.1086
41.1114
40.0221
56.1273
59.2612
61.4931
62.909
63.6162
63.7275
63.3515
62.5888
61.529
60.252
58.8249
57.3024
55.7289
54.1395
52.5607
51.0124
49.5088
48.0609
46.6745
45.3577
44.1027
42.9327
41.7892
40.791
39.7041
51.4874
55.0268
57.6845
59.5195
60.6232
61.0996
61.0538
60.5853
59.785
58.7364
57.5077
56.1563
54.7292
53.2639
51.7894
50.3275
48.8945
47.5041
46.1632
44.8816
43.6531
42.502
41.372
40.3824
39.3079
46.6878
50.5719
53.6195
55.8552
57.3487
58.1913
58.4813
58.3154
57.7867
56.9785
55.9604
54.7922
53.5234
52.1938
50.8346
49.4696
48.1183
46.7953
45.5097
44.2729
43.0803
41.9578
40.8513
39.8806
38.8289
41.793
45.9438
49.3315
51.9388
53.8071
55.0105
55.6372
55.7801
55.5329
54.9755
54.1791
53.2053
52.106
50.9233
49.6906
48.4338
47.1746
45.9294
44.7092
43.527
42.3804
41.2965
40.2242
39.283
38.2652
36.8874
41.2078
44.8698
47.8063
50.0243
51.5749
52.5334
52.9899
53.0294
52.7303
52.1644
51.3949
50.4754
49.4502
48.3546
47.2171
46.0605
44.9036
43.759
42.6419
41.5518
40.5172
39.4902
38.5901
37.6175
32.0752
36.4487
40.3006
43.5085
46.0381
47.9132
49.1952
49.962
50.2888
50.2518
49.9226
49.3649
48.6339
47.7756
46.8275
45.8196
44.7763
43.718
42.6598
41.6185
40.5958
39.622
38.6522
37.8054
36.89
27.5056
31.8005
35.7407
39.1463
41.9368
44.1047
45.6943
46.7593
47.3677
47.5916
47.5011
47.1596
46.6232
45.9392
45.1474
44.2784
43.3579
42.4085
41.4471
40.4926
39.549
38.648
37.7478
36.9668
36.1214
23.2533
27.3262
31.2379
34.7539
37.7447
40.1757
42.0467
43.3946
44.2769
44.7596
44.9094
44.7888
44.4535
43.9516
43.3242
42.6043
41.8172
40.9877
40.1347
39.279
38.4267
37.611
36.7936
36.0902
35.3274
19.4157
23.1111
26.8554
30.3725
33.4973
36.1337
38.2479
39.8547
40.9971
41.7324
42.1218
42.225
42.0965
41.7842
41.33
40.7687
40.1261
39.4283
38.6962
37.9521
37.2046
36.4874
35.7664
35.1531
34.4853
16.133
19.3041
22.7311
26.1323
29.2899
32.0552
34.3585
36.1877
37.5671
38.5416
39.1644
39.4904
39.5714
39.4541
39.1801
38.7861
38.2985
37.744
37.1452
36.5258
35.8965
35.2914
34.6804
34.1692
33.6078
13.5043
16.0426
19.0149
22.1643
25.2314
28.0295
30.451
32.4527
34.0357
35.2282
36.0725
36.6158
36.9055
36.9859
36.8976
36.6776
36.3546
35.9545
35.5012
35.0196
34.522
34.0419
33.5537
33.1554
32.7105
11.5571
13.4199
15.8369
18.5922
21.4348
24.1539
26.6075
28.7189
30.4617
31.8433
32.8908
33.6412
34.1352
34.4132
34.5137
34.4731
34.3227
34.0871
33.7909
33.4592
33.1057
32.7623
32.4084
32.1319
31.812
10.2394
11.4721
13.2717
15.5181
18.0072
20.5294
22.9188
25.0667
26.9164
28.4502
29.6762
30.6181
31.3076
31.7797
32.0695
32.2118
32.2397
32.1775
32.0484
31.8771
31.6785
31.4813
31.2705
31.1222
30.9336
9.40495
10.0756
11.2371
12.8845
14.898
17.1015
19.3229
21.4274
23.3269
24.9748
26.3564
27.4783
28.3605
29.0303
29.5183
29.8562
30.0766
30.2055
30.2618
30.2688
30.2415
30.2051
30.1502
30.1399
30.0908
9.04136
9.30522
9.93112
10.9963
12.4752
14.2564
16.1914
18.139
19.9897
21.6718
23.1474
24.4044
25.4487
26.2974
26.9743
27.5062
27.9212
28.2452
28.4964
28.6915
28.8448
28.9768
29.0841
29.2163
29.3088
9.02461
9.02823
9.27367
9.87028
10.8595
12.1985
13.782
15.4847
17.1935
18.8224
20.3155
21.6441
22.7999
23.7889
24.6263
25.3318
25.9273
26.4337
26.8686
27.2443
27.5711
27.8645
28.1269
28.3951
28.6214
9.29488
9.11947
9.09536
9.33484
9.91825
10.8481
12.0638
13.4727
14.9745
16.4807
17.9258
19.2683
20.4876
21.5786
22.5465
23.4024
24.1604
24.8345
25.4372
25.9781
26.4656
26.9084
27.3146
27.7084
28.0582
9.93502
9.626
9.39691
9.3338
9.54244
10.0843
10.9443
12.0514
13.3168
14.6582
16.009
17.3212
18.5646
19.7239
20.7943
21.7772
22.6775
23.5013
24.2549
24.9428
25.5726
26.1492
26.6841
27.191
27.6525
11.1491
10.7105
10.3104
9.99492
9.84453
9.95998
10.4076
11.1715
12.1762
13.3333
14.5674
15.8233
17.0645
18.2674
19.4175
20.5062
21.5291
22.4838
23.3699
24.1867
24.94
25.6314
26.2772
26.8832
27.441
13.2711
12.6641
12.0829
11.55
11.1047
10.8149
10.7724
11.0536
11.6691
12.557
13.6271
14.8009
16.0222
17.2533
18.4678
19.6462
20.7746
21.8424
22.8425
23.7689
24.6253
25.4122
26.1475
26.8366
27.4703
16.8958
16.0408
15.214
14.4322
13.7159
13.0962
12.6239
12.3724
12.4201
12.8111
13.5247
14.4874
15.6127
16.8277
18.0777
19.3223
20.5336
21.6916
22.7807
23.79
24.7211
25.5765
26.3723
27.1237
27.8057
23.0969
21.8805
20.7003
19.5775
18.5303
17.5775
16.7432
16.0613
15.5798
15.3596
15.4589
15.901
16.6544
17.642
18.7727
19.9669
21.1679
22.3372
23.4435
24.4684
25.4114
26.2798
27.0843
27.8599
28.548
33.6869
31.9873
30.3307
28.7436
27.2476
25.8628
24.6103
23.5108
22.5857
21.8754
21.4159
21.2196
21.2914
21.621
22.1741
22.8942
23.723
24.6055
25.4785
26.308
27.0897
27.8309
28.5311
29.2468
29.866
52.0008
49.7327
47.4182
45.1221
42.8943
40.7828
38.8319
37.0711
35.523
34.2057
33.1268
32.2775
31.6325
31.1563
30.8134
30.5778
30.4391
30.3947
30.4359
30.5527
30.7602
31.0503
31.3979
31.8768
32.279
79.6735
75.9843
72.2308
68.5244
64.9351
61.5274
58.3512
55.4383
52.8083
50.4717
48.4309
46.677
45.1858
43.9159
42.8108
41.8086
40.8583
39.9352
39.0456
38.2243
37.5251
37.0088
36.6944
36.7102
36.6808
105.327
100.393
95.4292
90.5123
85.7019
81.0727
76.6809
72.5635
68.7458
65.2451
62.0747
59.2425
56.7481
54.579
52.7074
51.0892
49.6679
48.386
47.1996
46.0943
45.088
44.2448
43.5814
43.3244
42.9543
119.778
114.69
109.54
104.315
99.0634
93.8777
88.835
83.9982
79.4205
75.1444
71.2127
67.6563
64.4943
61.7372
59.3848
57.4226
55.8202
54.5335
53.5107
52.7059
52.0865
51.6639
51.4017
51.511
51.278
122.238
118.087
113.709
109.032
104.132
99.1346
94.1487
89.2788
84.6128
80.2165
76.1805
72.5388
69.3075
66.5069
64.1534
62.2562
60.8135
59.8125
59.2294
59.0361
59.1993
59.7113
60.4851
61.645
62.1825
116.983
114.272
111.128
107.479
103.454
99.2024
94.8543
90.5648
86.4412
82.5426
78.944
75.7032
72.8631
70.4608
68.5289
67.0959
66.1848
65.8132
65.9927
66.7324
68.0286
69.8994
72.2318
75.1366
77.099
108.861
107.578
105.726
103.27
100.399
97.2343
93.9052
90.5497
87.2857
84.203
81.3851
78.9046
76.8231
75.1952
74.0714
73.5006
73.5312
74.2139
75.601
77.7525
80.7147
84.5742
89.2033
94.8187
98.9999
101.341
101.288
100.638
99.3983
97.7013
95.6807
93.4719
91.2061
89.0038
86.9707
85.2047
83.7959
82.8268
82.3742
82.5129
83.3191
84.8745
87.2715
90.6145
95.0338
100.646
107.662
115.919
125.96
133.6
96.1927
97.2141
97.6772
97.6034
97.0852
96.2509
95.2534
94.2215
93.2813
92.5564
92.1685
92.2367
92.8761
94.2003
96.3238
99.3673
103.464
108.769
115.461
123.777
133.927
146.348
160.748
178.484
191.763
94.603
96.7488
98.3771
99.5297
100.272
100.737
101.138
101.602
102.272
103.306
104.873
107.145
110.299
114.515
119.98
126.894
135.473
145.975
158.689
174.013
192.279
214.335
239.517
271.089
293.991
98.6664
102.293
105.387
108.039
110.32
112.401
114.678
117.251
120.304
124.072
128.816
134.813
142.357
151.75
163.307
177.356
194.251
214.395
238.235
266.416
299.405
338.821
383.137
439.75
480.343
115.443
121.707
127.234
132.197
136.798
141.289
146.73
152.967
160.288
169.096
179.841
192.999
209.065
228.544
251.944
279.777
312.577
350.95
395.564
447.467
507.346
578.22
657.319
758.993
838.548
188.597
201.533
211.569
218.806
224.483
228.816
231.786
233.906
235.694
237.616
240.097
243.53
248.268
254.648
262.988
273.621
286.921
303.319
323.403
347.708
377.44
412.442
457.084
505.172
582.138
)
;

boundaryField
{
    inlet
    {
        type            fixedValue;
        value           uniform 14.855;
    }
    outlet
    {
        type            zeroGradient;
    }
    upperWall
    {
        type            zeroGradient;
    }
    lowerWall
    {
        type            zeroGradient;
    }
    frontAndBack
    {
        type            empty;
    }
}


// ************************************************************************* //
